transaction_id,customer_id,amount_ngn,channel,location_state,location_lga,device_fingerprint,timestamp,hour_of_day,day_of_week,is_fraud
458237d5-62ce-446d-a796-329f3483f201,CUS-00104,92608.77,mobile_money,Kogi,Kogi-Central,a3a1376fb84af329,2025-01-01 00:00:23,0,2,False
fe3192ec-350d-48c9-81c7-2b6260f4a769,CUS-01983,1013.05,pos,Abuja FCT,Kuje,8d6ee04ebc70075d,2025-01-01 00:05:55,0,2,False
166cd370-3fba-4ca3-9443-3760d3efa1f7,CUS-00012,63922.41,ussd,Bauchi,Bauchi-Central,e79bb123ff92969b,2025-01-01 00:34:39,0,2,False
581f8779-8a90-4bfe-ac91-33d388cdc3f8,CUS-01469,2198.11,pos,Abia,Abia-Central,b7d959007e88c959,2025-01-01 01:36:48,1,2,False
7d92351f-3046-45cc-9740-01eaa9056eab,CUS-00601,227056.28,bank_transfer,Kano,Kumbotso,dc250b6d8147d297,2025-01-01 03:01:00,3,2,True
65293990-3afb-4826-bcd4-81413dd1b1f5,CUS-01567,3079.17,mobile_money,Lagos,Ikeja,30c29ebcbd60bd63,2025-01-01 04:34:35,4,2,False
32ff9afd-ffd1-4fd6-ac0d-22432be659b2,CUS-00799,3006.91,pos,Adamawa,Adamawa-Central,9770e4eba99b57b6,2025-01-01 06:38:00,6,2,True
077737f5-0303-4fe6-8231-6069a1311ea5,CUS-00799,1833.46,bank_transfer,Adamawa,Adamawa-Central,9770e4eba99b57b6,2025-01-01 06:51:00,6,2,True
51fb0354-aa76-40f7-9ff2-039dc1c3c41b,CUS-01445,88624.63,pos,Kaduna,Zaria,dd998a910227d567,2025-01-01 07:00:00,7,2,True
9ecd984f-f632-4f37-95fb-188411fda0ec,CUS-00758,160.13,mobile_money,Nassarawa,Nassarawa-Central,939287cb470a4cbe,2025-01-01 07:00:01,7,2,False
19b4966b-fb6b-4fff-9a24-7e9546a7715a,CUS-01445,23873.4,mobile_money,Cross River,Cross River-Central,dd998a910227d567,2025-01-01 07:08:00,7,2,True
6a64dc0c-9724-4f38-a80b-316cb4e485f4,CUS-00799,364.33,pos,Adamawa,Adamawa-Central,9770e4eba99b57b6,2025-01-01 07:29:00,7,2,True
64608ef0-0bdb-4407-a7bd-006aea6db8b6,CUS-00984,78.46,bank_transfer,Ondo,Ondo-Central,1f37995146c627bd,2025-01-01 07:43:34,7,2,False
fb6d028b-9fb4-4332-bb3c-af469ebd3b77,CUS-00120,964923.01,pos,Benue,Benue-Central,2aa8167840b42b5e,2025-01-01 09:00:47,9,2,False
48052e47-b547-4292-a4de-4442ce137bf5,CUS-00210,503.35,pos,Oyo,Ogbomoso,e7a908e94677ed3e,2025-01-01 09:05:23,9,2,False
5f0b82af-82d3-4473-8516-2c1f40c2eac8,CUS-01125,24353.91,bank_transfer,Oyo,Oyo East,b63037c4f1608ebc,2025-01-01 09:09:21,9,2,False
236066ad-9a59-45df-b1a0-30471b9d4030,CUS-00425,1122.27,pos,Oyo,Oyo East,ef34cae7e42e4b03,2025-01-01 09:14:03,9,2,False
d4613df4-b29d-42ec-8072-16ee4becad92,CUS-00698,398.56,pos,Lagos,Oshodi-Isolo,5f2762a71ad1b9a9,2025-01-01 09:22:00,9,2,True
781adce4-7962-4e3c-8fe6-6b3cb544979d,CUS-00545,70217.06,bank_transfer,Kano,Kumbotso,816780c3a970fd43,2025-01-01 09:25:14,9,2,False
ec28fdea-2e68-4210-aa59-c2ba4e8df1ee,CUS-01487,2918.72,pos,Edo,Oredo,8b29f537a5dc9bb1,2025-01-01 09:31:08,9,2,False
e6e1b134-dcd6-4625-bb84-44f270292184,CUS-00851,1453.51,pos,Osun,Osun-Central,a241b39179d8b34d,2025-01-01 09:34:40,9,2,False
a15e0595-2638-4d36-bd15-0f757f523773,CUS-00226,39596.76,pos,Bayelsa,Bayelsa-Central,f990c65a3cd2c255,2025-01-01 09:37:35,9,2,False
08bb293a-c898-404e-aff6-c2cf0048b70f,CUS-01144,1352.83,pos,Kano,Nassarawa,79f2ca9dea7f4c82,2025-01-01 09:38:56,9,2,False
3207344b-93d9-46ea-8e78-6aed567f6c6a,CUS-01421,8650.44,bank_transfer,Abuja FCT,Bwari,41a21affe763edbe,2025-01-01 09:50:04,9,2,False
298d8a4d-04a6-4ed5-b222-524b9363b43d,CUS-01073,471907.61,bank_transfer,Lagos,Kosofe,0039a2ddd25b4ccb,2025-01-01 10:00:00,10,2,True
d9e77b76-7e7c-472b-aab5-e51ef9b0ee9d,CUS-00592,4636.02,bank_transfer,Lagos,Eti-Osa,739ccc5da6223c73,2025-01-01 10:03:51,10,2,False
544a19c9-a1d4-4fe7-b448-49656ced5a36,CUS-00799,37417.24,pos,Adamawa,Adamawa-Central,9770e4eba99b57b6,2025-01-01 10:21:00,10,2,True
f9819d37-9694-4792-bd0c-f99486c9eb6a,CUS-01074,530104.96,bank_transfer,Ogun,Ogun-Central,116b5e1551705cfb,2025-01-01 10:29:34,10,2,False
5a604b08-ac5b-433d-8ce6-08a26cc272d9,CUS-00698,228.25,pos,Lagos,Oshodi-Isolo,5f2762a71ad1b9a9,2025-01-01 10:31:00,10,2,True
eee34ee2-ad58-46ba-a7bd-18717d183b5d,CUS-01685,2899.91,bank_transfer,Sokoto,Sokoto-Central,445899ed480707b4,2025-01-01 10:32:15,10,2,False
4a34fc43-2144-4573-94db-c0253f447aa7,CUS-00574,4621.43,pos,Sokoto,Sokoto-Central,14aafd8c2d7338af,2025-01-01 10:35:49,10,2,False
1ae96d02-1360-4285-8bf5-07b31f60a422,CUS-00017,46346.92,bank_transfer,Oyo,Oyo East,833d9617ecfe7a5b,2025-01-01 10:38:09,10,2,False
ecfd30f2-7543-4a08-8894-cc67196eb1f8,CUS-01355,464802.4,pos,Kebbi,Kebbi-Central,1a13698cf4c1d9c1,2025-01-01 10:42:57,10,2,False
795233c0-40cc-4370-aca5-d3a27ffe3770,CUS-00698,3592.23,ussd,Lagos,Alimosho,5f2762a71ad1b9a9,2025-01-01 10:44:00,10,2,True
9e9cce18-063a-41ea-b514-1eadd14b7581,CUS-00799,67777.44,pos,Adamawa,Adamawa-Central,9770e4eba99b57b6,2025-01-01 10:51:00,10,2,True
c350f521-6764-4593-92b5-6ecb837506a6,CUS-00799,1602.12,ussd,Adamawa,Adamawa-Central,9770e4eba99b57b6,2025-01-01 11:00:00,11,2,True
2234a4ea-4135-494d-a3b8-473dcbee7688,CUS-01766,2681.79,mobile_money,Osun,Osun-Central,95b4edf9a9a1eb6f,2025-01-01 11:05:30,11,2,False
b500759d-4a20-4d43-be15-17825ffbc329,CUS-00646,33386.52,card,Kaduna,Zaria,2b7015d78d5d685e,2025-01-01 11:07:20,11,2,False
9b168a98-5d2a-49da-9dea-3199143c739c,CUS-00327,2522.37,mobile_money,Kaduna,Zaria,83677903174a360f,2025-01-01 11:09:18,11,2,False
c1c365d9-2859-443a-8c58-1f0fc3e4df73,CUS-01523,2002.19,bank_transfer,Lagos,Ikorodu,b4e06f3228683e87,2025-01-01 11:13:30,11,2,False
085db661-fc35-4fd0-935f-551a40532cd9,CUS-01272,3545.26,mobile_money,Abia,Abia-Central,06bad31df90a1a67,2025-01-01 11:16:40,11,2,False
f80cdf9d-2b55-4540-98bc-8076c7697a74,CUS-00185,75887.4,ussd,Delta,Oshimili South,d898e5104d1303b0,2025-01-01 11:19:27,11,2,False
5e471090-8950-4625-80cc-fa89aabf79d2,CUS-00499,383.37,bank_transfer,Ogun,Ogun-Central,24073aefc48b8a94,2025-01-01 11:22:12,11,2,False
b163ccf0-b26a-4346-9138-dc31de1459fe,CUS-00799,77665.97,bank_transfer,Adamawa,Adamawa-Central,9770e4eba99b57b6,2025-01-01 11:28:00,11,2,True
9add47ae-f689-4725-af70-cc77f5161776,CUS-00701,558889.89,card,Lagos,Mushin,103556a324a9a49d,2025-01-01 11:44:07,11,2,False
c8897c25-1269-4bde-924e-733bc57e3801,CUS-00798,2232.95,card,Edo,Oredo,02fa2266d8d33c7a,2025-01-01 11:50:41,11,2,False
1be77fc8-023d-4fad-bb5f-974bd747f39f,CUS-00403,78458.98,pos,Plateau,Plateau-Central,4cc2a310dd5e1b80,2025-01-01 11:56:03,11,2,False
ae1f4de4-0edd-4114-832b-199ee229d04f,CUS-00995,1068.23,ussd,Lagos,Ikorodu,5fae574986916801,2025-01-01 12:10:19,12,2,False
1a5b697e-87c2-47a8-8d6f-2b30736cdb8e,CUS-00981,2787.95,pos,Abia,Abia-Central,1c34e83bf8e6a0ff,2025-01-01 12:13:00,12,2,False
03ec71fb-29d1-4caa-9a87-994d6d557278,CUS-00915,93779.43,pos,Rivers,Obio-Akpor,2c879017be169f9f,2025-01-01 12:23:17,12,2,False
e210bd69-027e-4439-9891-bdd8647552b0,CUS-00799,3629.82,bank_transfer,Adamawa,Adamawa-Central,9770e4eba99b57b6,2025-01-01 12:24:00,12,2,True
a78663fe-4286-4238-b47d-c6ba5c9579da,CUS-01088,4901.71,bank_transfer,Ogun,Ogun-Central,2fe4c08d1ce58296,2025-01-01 12:25:11,12,2,False
f0fcd474-e14f-458a-81aa-6c566622a665,CUS-00918,67728.83,bank_transfer,Kwara,Kwara-Central,402f6978085be2fa,2025-01-01 12:29:29,12,2,False
847fcf09-e4c5-421c-894f-2deeb1411b20,CUS-00828,2377.72,bank_transfer,Osun,Osun-Central,9a1f4e8803f68e25,2025-01-01 12:30:19,12,2,False
5bd9b43e-3dff-4824-8b2e-ee5646c95dd7,CUS-01493,16368.67,ussd,Lagos,Kosofe,a9e1d473406f0c83,2025-01-01 12:31:01,12,2,False
54c1bfb1-b79e-467b-a69b-40f84b9d0b91,CUS-01520,1885.65,pos,Lagos,Ikeja,169f145f9407934a,2025-01-01 12:36:58,12,2,False
433e6b9e-6d73-4ab2-89c6-620c6b058675,CUS-00883,4894.59,pos,Lagos,Eti-Osa,dfb09978915770b7,2025-01-01 12:44:46,12,2,False
5b5722d5-2d54-4040-a9b5-e26c33a60a10,CUS-01433,3431.57,bank_transfer,Delta,Uvwie,2966b413eb51f515,2025-01-01 12:53:49,12,2,False
5d3a522a-4b0a-43b6-88b2-35f549f770c9,CUS-01403,95966.54,bank_transfer,Osun,Osun-Central,6666f1a1cebc0728,2025-01-01 13:00:03,13,2,False
c8b0cdaf-fe70-4782-a60b-81572d8d32c3,CUS-00314,31212.66,card,Bauchi,Bauchi-Central,eb5cac83407b81c2,2025-01-01 13:00:26,13,2,False
69fe3dca-b8c3-49e8-a723-0803d6a4c08c,CUS-00698,120.32,pos,Lagos,Surulere,5f2762a71ad1b9a9,2025-01-01 13:05:00,13,2,True
c9de72ec-437e-48c3-8fa6-68ca344add0a,CUS-01575,2691.01,pos,Lagos,Eti-Osa,fd0c05be28efe48d,2025-01-01 13:07:51,13,2,False
1ba794b7-4e38-412d-bfab-5b8ff4e97c9e,CUS-01391,10572.36,ussd,Lagos,Surulere,70e5fcb5aea0673c,2025-01-01 13:08:38,13,2,False
b3835e3e-ffc5-4b9c-832d-5731e7d75c31,CUS-01508,264.41,bank_transfer,Kaduna,Zaria,c90ecdd6d89b7004,2025-01-01 13:13:06,13,2,False
9722645e-1f9e-48e9-bd0c-5107dc650657,CUS-00918,3157.9,pos,Kwara,Kwara-Central,402f6978085be2fa,2025-01-01 13:15:47,13,2,False
e15081c9-da31-449a-949f-f8253a417088,CUS-01542,3758.57,pos,Oyo,Oyo East,61dbec9de8a78651,2025-01-01 13:20:26,13,2,False
6d7aa679-7872-4652-9ff9-8d8187cdb4db,CUS-00416,12721.82,pos,Kano,Kumbotso,b2132b1f6b86d86e,2025-01-01 13:20:55,13,2,False
76175a2c-c894-49be-879e-011030fb9ce1,CUS-01761,294141.23,mobile_money,Borno,Borno-Central,dc00833fab7bb6be,2025-01-01 13:31:58,13,2,False
5f9d5097-cc9e-4124-8366-5dd8a413b8a0,CUS-01827,211.44,bank_transfer,Akwa Ibom,Akwa Ibom-Central,5b30437f9804c74d,2025-01-01 13:37:18,13,2,False
d42ff655-f7c4-465d-96dd-492f305d3a09,CUS-00102,475.67,pos,Kano,Kumbotso,71b4ba50e7dc8dfa,2025-01-01 13:41:06,13,2,False
415e8cf2-0aa1-47d1-aafb-73e56a56fb93,CUS-01941,1067.72,pos,Kano,Nassarawa,9dbbf7c1e6ccee2c,2025-01-01 13:42:02,13,2,False
2225ddb3-c84d-4a17-8fc7-90a473468c09,CUS-00698,258.86,mobile_money,Lagos,Alimosho,5f2762a71ad1b9a9,2025-01-01 13:44:00,13,2,True
5d2bb52c-4ae2-4d80-845b-2032a97031c7,CUS-01261,384.76,bank_transfer,Imo,Imo-Central,d70bafe3ceb6d5ee,2025-01-01 13:47:13,13,2,False
4bce621b-60fc-4878-a279-055546ffcb34,CUS-00101,587.56,bank_transfer,Enugu,Enugu North,0a2033d5ef1404b7,2025-01-01 13:48:06,13,2,False
8075cfd1-759e-447a-9591-6436f275b23a,CUS-01586,39397.47,bank_transfer,Edo,Oredo,ac26d5b5ca0ca689,2025-01-01 13:48:27,13,2,False
0341c81e-4be2-4f44-8d2d-573c02426d06,CUS-00799,3732.62,pos,Adamawa,Adamawa-Central,9770e4eba99b57b6,2025-01-01 13:55:00,13,2,True
d8dae5ec-ffbf-4308-b30a-2bf9e3f98614,CUS-00723,54783.38,bank_transfer,Osun,Osun-Central,184b6168e7b760ac,2025-01-01 13:57:29,13,2,False
f81fa6be-fd53-43d3-9178-7a4f55bbc52f,CUS-00009,3571.16,bank_transfer,Edo,Egor,792f9fd82adeeeda,2025-01-01 14:14:24,14,2,False
9ef45ddc-2e80-493d-9317-a6f6de069e85,CUS-01240,85239.79,pos,Zamfara,Zamfara-Central,f5775cd8fefcfb0a,2025-01-01 14:21:31,14,2,False
ac75c65a-8811-43f3-ae9e-46f91823875b,CUS-00799,38393.78,pos,Adamawa,Adamawa-Central,9770e4eba99b57b6,2025-01-01 14:25:00,14,2,True
27a74054-eca1-45d4-94a1-7658b8485163,CUS-00632,504389.67,pos,Abuja FCT,Municipal,76bdcde9144067f5,2025-01-01 14:25:40,14,2,False
6be5b429-8d5a-40e1-a32f-861ce07e7f11,CUS-00192,605002.25,mobile_money,Nassarawa,Nassarawa-Central,3be92bc242be1da2,2025-01-01 14:27:11,14,2,False
656081ba-4ad9-4f8e-ac53-8038e69381a7,CUS-01567,2975.52,mobile_money,Lagos,Lagos Mainland,30c29ebcbd60bd63,2025-01-01 14:27:30,14,2,False
75e9268d-e59d-46c0-b45a-8f89d04f98b9,CUS-01567,86303.8,mobile_money,Lagos,Surulere,30c29ebcbd60bd63,2025-01-01 14:31:33,14,2,False
ad4fe60d-345e-4637-9b81-a96f4ac44623,CUS-00698,99.25,bank_transfer,Lagos,Kosofe,5f2762a71ad1b9a9,2025-01-01 14:36:00,14,2,True
7fe8f8ea-1eab-47a2-a530-a310587ac9f3,CUS-00799,305.94,mobile_money,Adamawa,Adamawa-Central,9770e4eba99b57b6,2025-01-01 14:53:00,14,2,True
9f9c09b0-5830-45bb-bb00-dcf9a552fd58,CUS-00931,442.35,mobile_money,Bauchi,Bauchi-Central,378d1c4e280df576,2025-01-01 14:54:11,14,2,False
6bafab7b-cc1f-43ea-958c-48b3b7cc7155,CUS-00219,46235.58,pos,Borno,Borno-Central,ab7212d149ded51a,2025-01-01 15:07:07,15,2,False
b167dcab-e030-45cd-8639-3146a898fd51,CUS-00569,233.54,ussd,Kano,Dala,8a3912d9c4370463,2025-01-01 15:23:03,15,2,False
4db12842-5049-48ee-aaf1-4bd7fa3ddcaf,CUS-00837,906.33,pos,Rivers,Oyigbo,06cddace0190e17b,2025-01-01 15:23:12,15,2,False
7362eca8-26a1-4cf7-bf30-82c91dad1f1c,CUS-00299,48825.25,pos,Lagos,Agege,02392e49b7d24ef1,2025-01-01 15:30:25,15,2,False
ff1f9d1a-4b1e-45bd-be0c-b76c6b41a7e5,CUS-00698,22204.42,pos,Lagos,Ikorodu,5f2762a71ad1b9a9,2025-01-01 16:09:00,16,2,True
b5b6aba6-4f63-4ca7-a0b7-30082b3e24a1,CUS-01432,492.6,pos,Abuja FCT,Gwagwalada,93530302c2ac579f,2025-01-01 16:09:30,16,2,False
bd55456d-5fa4-45bc-a277-765414a8f0d2,CUS-00958,709889.26,pos,Lagos,Surulere,567a029e445837e0,2025-01-01 16:12:37,16,2,False
6dbe3e9b-cb08-448f-b7a9-18b4a9253179,CUS-01193,36520.32,pos,Enugu,Nsukka,0a7b88ee0f737985,2025-01-01 16:13:40,16,2,False
522369f7-5b09-430f-89fd-98b2da717ca9,CUS-01591,3565.0,pos,Ogun,Ogun-Central,05a03d83a10ae565,2025-01-01 16:23:24,16,2,False
dc28ec66-4ed4-489c-92b9-e24f95df5fcd,CUS-01040,373.13,pos,Oyo,Oyo East,e8144f079b7433da,2025-01-01 16:28:14,16,2,False
bf4b37d2-4e9f-4ade-9773-d5e2c508fe32,CUS-01932,122.23,bank_transfer,Oyo,Oyo East,1015c124c9b58be1,2025-01-01 16:33:33,16,2,False
ec73502c-55e2-45c7-83a8-76b60f1655b7,CUS-01958,80309.16,pos,Enugu,Nsukka,35d71c040875cc99,2025-01-01 16:44:00,16,2,False
bfd98c35-276d-468a-b4c3-2d1ec14107c4,CUS-01770,1982.59,ussd,Abuja FCT,Kuje,c27f86555385f66b,2025-01-01 16:45:23,16,2,False
fd569fe8-ea50-46f6-be0f-2a91f74ad1b5,CUS-00986,744884.77,pos,Anambra,Onitsha North,b35f0ea93c48677d,2025-01-01 16:45:55,16,2,False
eecd3bd5-af7f-48cf-aa08-655519cbfa8c,CUS-00698,18560.72,mobile_money,Lagos,Ikorodu,5f2762a71ad1b9a9,2025-01-01 16:46:00,16,2,True
902dc495-41c0-42d1-9c53-5ef3bf7627ca,CUS-01385,631.93,ussd,Kano,Kumbotso,14dc1e3604a87504,2025-01-01 16:46:19,16,2,False
8b4b69f8-eed6-45c8-9c67-eaef18d1a5c3,CUS-01416,2204.13,pos,Lagos,Ikorodu,ec384e46e51f1e64,2025-01-01 16:48:08,16,2,False
9bd8ebcf-6bea-4ed3-a50f-4d81b0455ffd,CUS-01956,913.6,ussd,Delta,Oshimili South,03426b6d08e1ad15,2025-01-01 16:49:07,16,2,False
f5e810ee-ca0c-44b7-a3df-f18c3e0f3fd1,CUS-00530,22048.5,mobile_money,Benue,Benue-Central,c87ff27a0ddd5155,2025-01-01 16:51:06,16,2,False
60dfb3f4-9f2f-4573-8deb-924365d43ab2,CUS-01547,123.41,bank_transfer,Oyo,Ogbomoso,a176096e4a99d9cf,2025-01-01 16:53:10,16,2,False
38f76222-0edb-453d-9c54-01de1219fdc0,CUS-00651,377.56,pos,Oyo,Ibadan South-West,08f9f05c9c55855c,2025-01-01 16:57:34,16,2,False
c2e89593-5a6f-45dc-96c8-107186466347,CUS-01369,383.56,ussd,Lagos,Alimosho,487afd3a4af3077a,2025-01-01 17:02:00,17,2,True
710d81e0-eade-4ca7-a90b-5d7ee314cdbd,CUS-00640,116.88,pos,Lagos,Alimosho,163d4591d5cbbc5e,2025-01-01 17:03:48,17,2,False
cd6d393c-906a-4421-a53f-2d8a2e982db0,CUS-00541,4905.39,mobile_money,Kaduna,Kaduna North,2d27eb65a141ea41,2025-01-01 17:08:03,17,2,False
0fef54e1-99d1-4c0a-b8b7-54bc90347ff4,CUS-01369,268.44,ussd,Lagos,Oshodi-Isolo,487afd3a4af3077a,2025-01-01 17:14:00,17,2,True
9102a352-cc2d-4410-b002-b69a1050049b,CUS-00347,8139.96,mobile_money,Lagos,Eti-Osa,e3b3f35a1024d9f0,2025-01-01 17:19:44,17,2,False
0b040b38-8acc-4d2a-99d5-993ef6c67f38,CUS-01660,1487.29,bank_transfer,Kaduna,Kaduna North,47d98a681f2232b5,2025-01-01 17:22:37,17,2,False
00b8bca9-8595-4df3-b173-ea81769a3a13,CUS-01369,339.75,mobile_money,Lagos,Kosofe,487afd3a4af3077a,2025-01-01 17:25:00,17,2,True
00d781d2-e5f2-496c-ad89-a9b588b1e732,CUS-00719,53.22,pos,Ondo,Ondo-Central,d7f45d58c22a3dfe,2025-01-01 17:26:37,17,2,False
b9499d00-c34b-4282-a02a-f2b49ce3aa20,CUS-01369,170.13,pos,Lagos,Ikeja,487afd3a4af3077a,2025-01-01 17:30:00,17,2,True
857532ae-c86a-48d4-87ce-56e84acb5de9,CUS-01369,167.93,mobile_money,Lagos,Lagos Mainland,487afd3a4af3077a,2025-01-01 17:30:00,17,2,True
ad43c782-8843-4c6c-8493-55e591d4d5a5,CUS-01754,3990.15,mobile_money,Ebonyi,Ebonyi-Central,75e5b9e76ea57df9,2025-01-01 17:31:16,17,2,False
c7497fe7-1cfb-4323-9b08-c402e7a1fff0,CUS-00131,337.85,pos,Lagos,Surulere,a998c56406964f82,2025-01-01 17:37:16,17,2,False
01ed6b28-d0d0-421e-84df-19b12d9e05a6,CUS-01369,458.36,mobile_money,Lagos,Surulere,487afd3a4af3077a,2025-01-01 17:42:00,17,2,True
fd93b755-8b48-4d7e-b2ff-4e719e2a72cd,CUS-01369,88.43,ussd,Lagos,Ikorodu,487afd3a4af3077a,2025-01-01 17:46:00,17,2,True
cc5fc608-b5b7-4e1c-bae3-3bec7bb62b44,CUS-01171,316.62,pos,Ekiti,Ekiti-Central,bc9b058bfcd65ff3,2025-01-01 17:51:13,17,2,False
2bd7cede-5ca8-4263-b6b7-9cfd2c976ee5,CUS-01369,56.74,pos,Lagos,Agege,487afd3a4af3077a,2025-01-01 17:52:00,17,2,True
c16a5a94-6aaa-4a31-acda-3a5cabb11f38,CUS-01955,3947.57,ussd,Yobe,Yobe-Central,d8a64296698dc0ac,2025-01-01 17:53:05,17,2,False
76193087-c995-473f-a3b6-2a3b73513641,CUS-01330,488.44,bank_transfer,Oyo,Oyo East,74e07eb1c05cc1ee,2025-01-01 17:59:44,17,2,False
70dd8fb8-c4f2-4212-92eb-56dc1b77eceb,CUS-00850,1623.95,mobile_money,Lagos,Oshodi-Isolo,e9094fbd4615343d,2025-01-01 18:09:41,18,2,False
3ab3c893-85bb-4da5-b109-b3227fd2a527,CUS-01766,361.27,bank_transfer,Osun,Osun-Central,95b4edf9a9a1eb6f,2025-01-01 18:17:35,18,2,False
1f5d83cf-d6d0-4b34-9a8d-ec5e15243d1f,CUS-00296,301209.47,mobile_money,Kwara,Kwara-Central,68d9bede91204ef9,2025-01-01 18:22:44,18,2,False
02a724c0-6613-4e4c-ae57-8c75cdcdb45e,CUS-00485,4655.58,bank_transfer,Nassarawa,Nassarawa-Central,a37c69cff4308eaa,2025-01-01 18:26:00,18,2,False
08e0f52a-9837-4984-b9a0-f2504b196d84,CUS-00073,4047.61,ussd,Benue,Benue-Central,0e306f57f0b24260,2025-01-01 18:29:08,18,2,False
2ccd4fc1-1d34-430d-9509-64e283ffab7d,CUS-00924,4384.09,pos,Rivers,Eleme,d494faa3deaae833,2025-01-01 18:33:58,18,2,False
0c8de18f-0fe8-4ffa-b8c5-b3beb6c4a4a8,CUS-00505,10003.97,pos,Lagos,Alimosho,d355a859cfb7d778,2025-01-01 18:42:51,18,2,False
df68aff0-0b2b-430a-8151-b3f20bd21b99,CUS-01119,451.98,pos,Lagos,Oshodi-Isolo,1d9dacbb234e6142,2025-01-01 18:43:42,18,2,False
d673bff1-50ad-4a69-a0b6-554b8c5662d3,CUS-00799,4095.62,pos,Adamawa,Adamawa-Central,9770e4eba99b57b6,2025-01-01 18:46:00,18,2,True
af169ccd-51e8-4360-94e4-bb73a8cc01f5,CUS-01844,37978.12,pos,Jigawa,Jigawa-Central,1c72f4beb92ebf41,2025-01-01 18:58:05,18,2,False
ab12cac3-b867-4f3c-ac99-4eabdc042b25,CUS-00451,81.81,card,Oyo,Oyo East,85cb2f4667738787,2025-01-01 19:03:27,19,2,False
50077382-9d53-419d-bb91-25d1c1178bb5,CUS-00799,44706.54,bank_transfer,Adamawa,Adamawa-Central,9770e4eba99b57b6,2025-01-01 19:07:00,19,2,True
b2a2a672-15eb-483b-897a-7a682c6ef234,CUS-00698,800.04,pos,Lagos,Surulere,5f2762a71ad1b9a9,2025-01-01 19:08:00,19,2,True
7981dc93-b5ac-46e7-b625-1952354e7cdb,CUS-00698,437.4,pos,Lagos,Alimosho,5f2762a71ad1b9a9,2025-01-01 19:10:00,19,2,True
77d69d39-e003-4175-a8a4-4d01a2a76365,CUS-01344,72260.28,bank_transfer,Osun,Osun-Central,3b2ab3c41753e83d,2025-01-01 19:17:12,19,2,False
66f3941c-59fd-4b0e-8658-a8684dcd3543,CUS-00799,285.55,pos,Adamawa,Adamawa-Central,9770e4eba99b57b6,2025-01-01 19:28:00,19,2,True
c4b4ab68-e113-46ea-8fe5-2fa9a93417a5,CUS-01913,99462.7,pos,Rivers,Port-Harcourt,bdf92898e045a617,2025-01-01 19:45:29,19,2,False
5cfd1a2a-4f9a-4ea0-9d6a-2ad446e2754a,CUS-01139,4414.37,mobile_money,Kaduna,Kaduna North,13916b9e716e5198,2025-01-01 19:51:01,19,2,False
701cd740-6986-4bfd-bda7-a2f736e9b1b3,CUS-01896,98993.82,pos,Kaduna,Zaria,6c0c831c8a5b6324,2025-01-01 20:00:27,20,2,False
d3232aa1-a776-49cb-8961-c7ec007f3602,CUS-01158,585.22,mobile_money,Zamfara,Zamfara-Central,5f375fa4790e96f4,2025-01-01 20:07:12,20,2,False
c21cdd6c-3071-40a9-a934-060ae83d4ebb,CUS-00687,1479.06,bank_transfer,Kano,Kumbotso,861f932bcda67d65,2025-01-01 20:09:32,20,2,False
2ec03c4a-975c-424c-9b76-3cc64ba1527c,CUS-00774,171.54,bank_transfer,Imo,Imo-Central,0cb0597db7a27c83,2025-01-01 20:16:15,20,2,False
04a3eb07-c5bf-40c7-a7d8-153d5b17ff45,CUS-01067,4381.59,card,Lagos,Kosofe,a6477d2c79391ff0,2025-01-01 20:18:55,20,2,False
4d692cc7-2652-4b66-a085-14abeafb0086,CUS-00138,1119.82,pos,Rivers,Port-Harcourt,f79e2765a2b6dbad,2025-01-01 20:22:50,20,2,False
e5faa63b-ecd2-4c71-9038-887dd14ac41f,CUS-01725,90334.08,pos,Lagos,Surulere,4229e96a8075ad7f,2025-01-01 20:27:00,20,2,False
dd5d66fe-779e-47ad-b50f-b19f359440ee,CUS-00799,355141.56,bank_transfer,Adamawa,Adamawa-Central,9770e4eba99b57b6,2025-01-01 20:28:00,20,2,True
42e5a271-18ac-48c5-80b9-6ffb7cc1ccd4,CUS-00777,39497.23,pos,Ondo,Ondo-Central,51d6d7cec988fd85,2025-01-01 20:29:08,20,2,False
bddc6deb-0c8d-49bd-8a03-0ba772b475d8,CUS-01776,18604.78,mobile_money,Anambra,Onitsha North,7c36fdafee67b187,2025-01-01 20:30:22,20,2,False
9bacab51-b23a-45e5-8915-52f4b17694b5,CUS-00577,4905.48,bank_transfer,Yobe,Yobe-Central,df62100e4e6a9cf9,2025-01-01 20:35:55,20,2,False
46a7906c-674a-4742-906f-45edb0b4d86e,CUS-01307,218649.85,pos,Benue,Benue-Central,c90d2da9eb6efbf6,2025-01-01 20:53:17,20,2,False
6d812081-7e36-4a5b-8887-f8e8c98bb466,CUS-00029,32864.87,mobile_money,Lagos,Ikeja,a05457497b410a44,2025-01-01 20:54:33,20,2,False
f00c1f1b-5023-4cd9-8a52-ed68083a3434,CUS-00827,419.53,pos,Kano,Fagge,fa17bea891abed61,2025-01-01 21:07:33,21,2,False
70d3c5c2-5b4b-4c20-97b8-58d29e808641,CUS-00627,64330.03,bank_transfer,Osun,Osun-Central,2034da5b87c1b3dd,2025-01-01 21:17:41,21,2,False
32b98a95-8925-43c7-98cb-6e33e306d14a,CUS-01446,2522.38,mobile_money,Anambra,Awka South,c023430f2ccbb3be,2025-01-01 21:18:12,21,2,False
6e44f2a8-a510-4188-b1fa-3ddb830f2ed3,CUS-01460,3519.15,pos,Rivers,Port-Harcourt,b1d49046bd80c6c6,2025-01-01 21:18:47,21,2,False
5802763e-7e24-4390-9e57-1b88f2a9069d,CUS-01270,97264.95,pos,Edo,Oredo,645b14af82fe0e91,2025-01-01 21:19:28,21,2,False
438ba5d7-bf5a-4bf4-851f-f06cc65771f8,CUS-01175,43416.39,pos,Oyo,Oyo East,576106d204850a52,2025-01-01 21:23:27,21,2,False
953381fb-8f4d-4dc9-bf1a-c2c5c2187cc2,CUS-00975,4362.64,bank_transfer,Kano,Fagge,9c502efa00df8d6e,2025-01-01 21:25:48,21,2,False
3a654045-1791-43fd-89d3-2d8a81d5f654,CUS-01126,586.26,mobile_money,Lagos,Surulere,4dbdfcbd94e9e972,2025-01-01 21:29:40,21,2,False
36f893dc-07b7-4981-b8eb-bb8e15219d5e,CUS-00106,1886.52,ussd,Rivers,Obio-Akpor,6a04b71095cc9970,2025-01-01 21:46:52,21,2,False
abcf2ad1-8d3f-4d66-ac1d-f256fe98512b,CUS-01030,169.3,pos,Lagos,Eti-Osa,3eb7598049e53ce6,2025-01-01 21:47:15,21,2,False
7ebf5d77-d8a0-43ae-a93e-6da680ca8d1f,CUS-00238,114259.64,pos,Delta,Uvwie,508e599aa4f29bec,2025-01-01 21:59:16,21,2,False
f3fdcd3b-1b0e-4c73-ac74-b78933c22fb3,CUS-01001,3070.91,mobile_money,Oyo,Ibadan North,537f88949a0d8fb6,2025-01-01 22:02:10,22,2,False
aa5017b7-7691-445a-9803-e3c511a9ca67,CUS-01243,294.05,ussd,Borno,Borno-Central,93484305876b6f42,2025-01-01 22:09:00,22,2,True
f7c9612a-5212-4db1-bb9d-582c610ca646,CUS-01243,398.34,pos,Borno,Borno-Central,93484305876b6f42,2025-01-01 22:12:00,22,2,True
28e8aef3-5c55-4de1-95d4-87ea55b080bf,CUS-01243,295.82,mobile_money,Borno,Borno-Central,93484305876b6f42,2025-01-01 22:36:00,22,2,True
533ac987-a53f-4ac6-b237-370066c65aa9,CUS-01243,488.86,pos,Borno,Borno-Central,93484305876b6f42,2025-01-01 22:42:00,22,2,True
c7436a63-05c9-43c9-b0cc-ced617e6a3d3,CUS-01243,256.34,ussd,Borno,Borno-Central,93484305876b6f42,2025-01-01 22:45:00,22,2,True
5c0afeea-f767-4f58-8358-e87ebb621fe9,CUS-01243,236.0,pos,Borno,Borno-Central,93484305876b6f42,2025-01-01 22:46:00,22,2,True
39ad04fe-6e3f-478d-883a-938a68ebda76,CUS-01825,89978.88,pos,Oyo,Ogbomoso,67bd0a3396337975,2025-01-01 23:40:21,23,2,False
fde67ec0-90ad-40c2-b5d9-7b091dc3b537,CUS-01857,18945.8,bank_transfer,Abuja FCT,Bwari,9a6c39da19c86cba,2025-01-01 23:48:04,23,2,False
dca289ce-74e7-48c0-bcdc-aa262eae9e4e,CUS-00758,388.27,mobile_money,Nassarawa,Nassarawa-Central,939287cb470a4cbe,2025-01-01 23:49:48,23,2,False
e94a18df-0f4d-428a-9d14-b58c46dd4d5c,CUS-00410,81959.69,mobile_money,Kano,Nassarawa,9f4f4dd35dc18f7d,2025-01-01 23:52:20,23,2,False
cfb29473-6134-4938-a08d-7af5e16315f2,CUS-00345,405.49,bank_transfer,Kaduna,Kaduna South,808e7a5c5a97600f,2025-01-02 00:22:44,0,3,False
c5527ffd-65aa-4b80-a42c-16d3bf2c6efc,CUS-00405,4890.06,bank_transfer,Nassarawa,Nassarawa-Central,4601c42a0f5d4785,2025-01-02 00:25:27,0,3,False
1ad46a10-ee85-4c3d-a10a-02af4dfa81ff,CUS-01778,447944.65,bank_transfer,Lagos,Lagos Mainland,88867b61ceb71236,2025-01-02 00:51:00,0,3,True
6d754de3-13f5-4394-8f14-b5ed23439b59,CUS-01076,4905.18,ussd,Rivers,Obio-Akpor,8fb4ce490c245fca,2025-01-02 01:22:57,1,3,False
03866630-5dd8-4370-b395-d272f9f90cfd,CUS-01045,975095.84,mobile_money,Kaduna,Kaduna North,514113e6f764629e,2025-01-02 02:40:41,2,3,False
ece95701-a55e-4d0a-9ae6-2676d01f36b9,CUS-01739,94.06,mobile_money,Rivers,Oyigbo,e0adb1db04a2c04e,2025-01-02 03:06:15,3,3,False
a536210d-2efd-488f-9250-2b41647d3988,CUS-01107,470119.53,bank_transfer,Kwara,Kwara-Central,3a15b34bb5d0c2d2,2025-01-02 03:43:00,3,3,True
c3799379-f5b7-402c-8188-9471785b7864,CUS-01463,353.3,mobile_money,Delta,Uvwie,c8977aab38696c1b,2025-01-02 03:48:12,3,3,False
43bb6dee-791d-42cb-8c3b-9c959fb5256f,CUS-01485,420.18,ussd,Rivers,Eleme,25b0414821785e33,2025-01-02 03:48:37,3,3,False
6de31ee3-f84c-4f89-adf1-aae71515c97c,CUS-01559,37859.56,ussd,Nassarawa,Nassarawa-Central,6b228ba50f9a88ac,2025-01-02 03:59:31,3,3,False
491636c8-d277-4f0e-a588-7d59bdf9becc,CUS-01365,2396.85,bank_transfer,Lagos,Kosofe,75e449b0c77e704e,2025-01-02 05:47:20,5,3,False
975b168b-6daa-4693-b4eb-0fe9bb3ed6b0,CUS-01218,160.39,ussd,Delta,Warri South,d379f323d8c952dc,2025-01-02 06:06:00,6,3,True
a8ade97e-3822-46f3-b6ff-c134904a527f,CUS-01218,321.25,ussd,Delta,Uvwie,d379f323d8c952dc,2025-01-02 06:08:00,6,3,True
a2bfb17c-9e27-4315-8d13-a89b66d53fc8,CUS-00090,3611.1,ussd,Lagos,Alimosho,fcd524f43913e0eb,2025-01-02 06:08:00,6,3,True
8982b1a4-c601-4d19-b04e-a4f96fcdbaca,CUS-01218,320.85,pos,Delta,Warri South,d379f323d8c952dc,2025-01-02 06:09:00,6,3,True
13887304-e9c8-48a3-bb96-8a43e9cdaaa1,CUS-00594,229.17,pos,Nassarawa,Nassarawa-Central,62169e9b81a796c6,2025-01-02 06:19:49,6,3,False
76452f5c-9469-432a-b960-3620bf232efb,CUS-01218,216.05,ussd,Delta,Oshimili South,d379f323d8c952dc,2025-01-02 06:23:00,6,3,True
ec62b348-73fb-4436-b60c-a3f59c82efb8,CUS-01218,137.62,mobile_money,Delta,Oshimili South,d379f323d8c952dc,2025-01-02 06:33:00,6,3,True
2ef59cd6-e276-45bf-9cac-7e7491170a0e,CUS-01218,200.57,ussd,Delta,Uvwie,d379f323d8c952dc,2025-01-02 06:45:00,6,3,True
f90a5b3e-0684-4573-afc5-081e0ce651cf,CUS-01218,85.28,mobile_money,Delta,Warri South,d379f323d8c952dc,2025-01-02 06:47:00,6,3,True
b4a90c03-80ca-4ab5-b17f-142d476eaac1,CUS-00565,3412.79,bank_transfer,Kaduna,Zaria,0d3ddcef520e555e,2025-01-02 06:52:00,6,3,True
6c6c8c14-f917-4784-b01d-1fd625f977dd,CUS-01218,253.9,pos,Delta,Oshimili South,d379f323d8c952dc,2025-01-02 06:54:00,6,3,True
272906d5-c772-409f-bef0-b60c276f2b49,CUS-00090,42648.19,ussd,Lagos,Mushin,fcd524f43913e0eb,2025-01-02 07:19:00,7,3,True
52f340df-ace9-4967-8890-47a20f76a7ba,CUS-00090,55537.58,pos,Lagos,Kosofe,fcd524f43913e0eb,2025-01-02 08:02:00,8,3,True
a2931a3b-a514-4bc5-a7b8-15bc9dcddfb4,CUS-00565,784963.63,bank_transfer,Kaduna,Zaria,0d3ddcef520e555e,2025-01-02 08:14:00,8,3,True
d09a94ca-d7e0-47a3-a698-d81c82065c60,CUS-00090,266.55,pos,Lagos,Agege,fcd524f43913e0eb,2025-01-02 08:30:00,8,3,True
34be6de1-d4e8-4d4a-8f31-d6a10613126f,CUS-01092,3338.21,pos,Kaduna,Kaduna North,655ea023cd8808e5,2025-01-02 08:50:01,8,3,False
e1087e63-de2f-40ad-ad11-59610e6bb583,CUS-00942,273.67,pos,Delta,Uvwie,f7c21e7a847ebee4,2025-01-02 08:58:32,8,3,False
7ea04b07-40e1-4bf6-b829-a1baf56e19b7,CUS-01566,65743.02,bank_transfer,Anambra,Nnewi North,5c458226cf44cc07,2025-01-02 09:15:01,9,3,False
99da4ce3-bcf2-4653-af94-c6d7e2d8ddeb,CUS-00623,372.59,ussd,Abuja FCT,Bwari,49247348eeec8a45,2025-01-02 09:18:54,9,3,False
5bdc0b33-9a83-4809-86e9-eb8b66b5d5e6,CUS-01195,813.3,bank_transfer,Zamfara,Zamfara-Central,6491ebee069e0ad3,2025-01-02 09:19:46,9,3,False
52b29b00-8324-4448-9ce6-f2d7453cce96,CUS-01903,485.09,pos,Lagos,Oshodi-Isolo,c66db09d52261777,2025-01-02 09:26:25,9,3,False
12bdce96-ba4d-4ebc-ae29-835be1b662ea,CUS-01789,60411.2,card,Abuja FCT,Municipal,3cb0b235257beee6,2025-01-02 09:30:30,9,3,False
34d5531a-88d9-4a2d-9d56-4dd1c2f192a2,CUS-00420,247.03,pos,Imo,Imo-Central,76a8c25473272d18,2025-01-02 09:39:59,9,3,False
866a7910-c56e-4705-9ace-2ece8641af04,CUS-00565,3507.66,ussd,Kaduna,Zaria,0d3ddcef520e555e,2025-01-02 09:46:00,9,3,True
85234dcd-c62a-48b8-a1f6-2e785dad45c8,CUS-00997,698859.5,pos,Lagos,Oshodi-Isolo,b5b7e318eb77488f,2025-01-02 09:47:13,9,3,False
60a517f2-5553-48a0-8c50-9806643fa786,CUS-00450,66.56,pos,Abia,Abia-Central,866ad03ed8fb0ca4,2025-01-02 09:48:20,9,3,False
babdf59e-b600-4608-8a98-3987ca648b05,CUS-01265,256.96,pos,Lagos,Kosofe,3aa6fe9b92916bd6,2025-01-02 09:48:58,9,3,False
58f307e1-fa15-4ce9-9681-26f8053ee88e,CUS-00485,424.53,pos,Nassarawa,Nassarawa-Central,a37c69cff4308eaa,2025-01-02 09:49:03,9,3,False
6ca1fa2f-f90a-4b42-b7d5-686859fa80f3,CUS-00500,1411.16,mobile_money,Edo,Ikpoba-Okha,76bd9da559324cf2,2025-01-02 09:49:11,9,3,False
cca8e9dc-aced-4830-b396-e0484dce462b,CUS-00020,326.06,card,Kaduna,Kaduna South,17432577a0f31ee4,2025-01-02 09:53:03,9,3,False
62ecea79-cd62-458d-a4c0-5eca1cdeb593,CUS-00921,1246.97,mobile_money,Abuja FCT,Kuje,c65673b7915bf99e,2025-01-02 09:58:19,9,3,False
cecb5f5e-9e93-4b57-aff1-a0dd6b7c3eaf,CUS-00771,381.12,pos,Borno,Borno-Central,d59a3a8ad97e5503,2025-01-02 10:00:12,10,3,False
29cc9ff8-7b86-4334-b6a6-95f1b0a3a0a6,CUS-00090,525.39,pos,Lagos,Mushin,fcd524f43913e0eb,2025-01-02 10:03:00,10,3,True
8954f793-c3f2-41e3-80a5-b59106a9a9c4,CUS-01199,147563.99,pos,Lagos,Surulere,87823df2b69fc0a4,2025-01-02 10:05:24,10,3,False
846d459c-d555-47b2-967e-31ad77c8ff65,CUS-00146,471263.64,bank_transfer,Kaduna,Zaria,ffbadfb973b5ec03,2025-01-02 10:17:15,10,3,False
5c83a285-ef70-49c7-919c-fcca1ad60c4a,CUS-01222,1164.36,bank_transfer,Rivers,Eleme,710138c9fc241830,2025-01-02 10:26:56,10,3,False
c45d5aa0-47be-4f9a-9aef-4ec66ec99a6c,CUS-01361,49186.74,pos,Lagos,Lagos Mainland,e0a5181f4315f4ad,2025-01-02 10:30:43,10,3,False
9da305fe-addf-4c4d-886d-16bb38d94316,CUS-00522,4045.15,pos,Bayelsa,Bayelsa-Central,8359329b6dadc065,2025-01-02 10:40:10,10,3,False
8717fab0-3cd7-4281-a0fd-43c1a735b060,CUS-00248,31908.88,bank_transfer,Akwa Ibom,Akwa Ibom-Central,d9a20729e2d74b6b,2025-01-02 10:46:33,10,3,False
ad887920-2cab-46b7-8473-3120f22a9e5d,CUS-00391,3075.29,pos,Rivers,Eleme,52e45b3cfc6c465c,2025-01-02 10:47:11,10,3,False
29c13754-765f-4475-8233-21ad40865f7d,CUS-00192,120.54,pos,Nassarawa,Nassarawa-Central,3be92bc242be1da2,2025-01-02 11:06:00,11,3,True
33891e8f-79d8-42ec-b772-d740a6debb85,CUS-00192,138.38,pos,Nassarawa,Nassarawa-Central,3be92bc242be1da2,2025-01-02 11:06:00,11,3,True
9e3f6876-eadf-41d7-96a7-bdae133d2a35,CUS-00192,385.8,ussd,Nassarawa,Nassarawa-Central,3be92bc242be1da2,2025-01-02 11:11:00,11,3,True
f75acae3-9dc5-4197-ab4f-0c3990c579f3,CUS-01011,3627.51,pos,Ogun,Ogun-Central,cce9d1e841c327a7,2025-01-02 11:12:20,11,3,False
e895f0f2-3ad2-4108-831e-1576e470fe12,CUS-00629,33444.47,pos,Lagos,Kosofe,df45b1aef8e52b4d,2025-01-02 11:14:50,11,3,False
0132e825-daf9-408f-89b2-31d7a1d38eb0,CUS-00192,413.1,pos,Nassarawa,Nassarawa-Central,3be92bc242be1da2,2025-01-02 11:21:00,11,3,True
83704d9e-00f5-4195-b68e-969fbdb46c1c,CUS-00192,401.57,ussd,Nassarawa,Nassarawa-Central,3be92bc242be1da2,2025-01-02 11:23:00,11,3,True
4503aafe-f6f1-4fab-8f04-52ea66573811,CUS-00192,410.92,pos,Nassarawa,Nassarawa-Central,3be92bc242be1da2,2025-01-02 11:35:00,11,3,True
f0e28172-cd05-4fe3-bdd5-1fd16d1a5975,CUS-01954,34652.4,pos,Ogun,Ogun-Central,bf394652ceb2a1a9,2025-01-02 11:39:44,11,3,False
3c80e96b-cdf3-45a6-b404-ab945f519978,CUS-00192,286.72,mobile_money,Nassarawa,Nassarawa-Central,3be92bc242be1da2,2025-01-02 11:46:00,11,3,True
4aa69f28-c002-46bb-9a1e-b5ec9f656231,CUS-00565,436.52,pos,Kaduna,Kaduna North,0d3ddcef520e555e,2025-01-02 11:53:00,11,3,True
ff421664-71db-4c35-ab3f-1c6e815e88ee,CUS-00565,96691.89,bank_transfer,Kaduna,Kaduna North,0d3ddcef520e555e,2025-01-02 11:54:00,11,3,True
1df97ad7-7ed1-428f-8fde-6ccd24027df6,CUS-01310,6769.5,pos,Lagos,Ikorodu,fbf8322e87a45abb,2025-01-02 12:11:27,12,3,False
c5f7ee2b-73cc-4d34-9a55-953af4d649ca,CUS-01898,372.27,mobile_money,Kano,Kumbotso,73da0890ffb3c362,2025-01-02 12:29:17,12,3,False
e893a7a0-248b-437c-a633-8ddd979f362f,CUS-00340,37831.72,mobile_money,Abuja FCT,Kuje,42fe7616398a23da,2025-01-02 12:31:18,12,3,False
a9071bbe-8fba-4ca6-b035-53173fdec16c,CUS-01297,73692.78,mobile_money,Lagos,Ikorodu,321568580cd1b7bd,2025-01-02 12:37:02,12,3,False
cfb27255-91be-415e-b222-8a6e0d03c91e,CUS-00166,32779.43,mobile_money,Kano,Dala,e4ecfe82156fb964,2025-01-02 12:41:40,12,3,False
d66f6224-bb17-4fb5-ada4-c43c4f1d6c7f,CUS-00774,391.51,bank_transfer,Imo,Imo-Central,0cb0597db7a27c83,2025-01-02 12:46:48,12,3,False
593cd8be-d8d5-41f6-ab5f-781f5bf50138,CUS-00565,3876.41,mobile_money,Kaduna,Kaduna South,0d3ddcef520e555e,2025-01-02 12:50:00,12,3,True
a4281985-9396-42e4-a2b8-746f474bdd29,CUS-01601,61080.84,bank_transfer,Kano,Fagge,9247a632e0a859b9,2025-01-02 13:00:00,13,3,True
10656779-d34f-457b-ac08-74c9a43ee1fd,CUS-00998,561479.27,pos,Katsina,Katsina-Central,8c015b135d544e72,2025-01-02 13:01:47,13,3,False
e5ea6ae1-668d-4d61-bd1b-67789079b524,CUS-01145,31537.07,pos,Kebbi,Kebbi-Central,925027ad2e73f2c2,2025-01-02 13:05:52,13,3,False
a6ddbefa-9fb2-42ef-9308-0150f26a1413,CUS-00394,416.99,ussd,Kano,Kumbotso,ae69715490e1d162,2025-01-02 13:06:03,13,3,False
96f212b6-66e7-4037-becc-3cc298025717,CUS-00941,6044.65,bank_transfer,Oyo,Ibadan South-West,a727fa0ae4c73d6e,2025-01-02 13:11:51,13,3,False
7e5d1ea0-4398-4480-9f53-b0ae14f18388,CUS-01509,808667.77,pos,Kwara,Kwara-Central,5158872a81a9343c,2025-01-02 13:15:22,13,3,False
dfb93c6c-507e-412d-ba49-8a8ad8deebd5,CUS-01601,85872.01,pos,Delta,Uvwie,9247a632e0a859b9,2025-01-02 13:23:00,13,3,True
865a433e-1089-4e16-932f-7cf2b70d287f,CUS-01411,86197.68,mobile_money,Lagos,Kosofe,1d3ab4ab469805e9,2025-01-02 13:26:12,13,3,False
fedf34c9-1b5c-4fd1-aaa5-b0dcf36f3d89,CUS-00984,193.62,bank_transfer,Ondo,Ondo-Central,1f37995146c627bd,2025-01-02 13:36:29,13,3,False
221b501f-7eca-4548-8ba1-0fe05d2bb751,CUS-01185,5800.61,bank_transfer,Gombe,Gombe-Central,a6b4370cecc956b7,2025-01-02 13:48:12,13,3,False
1cb3498f-3a74-4102-a8ab-210f8911b33d,CUS-00625,325.83,card,Rivers,Eleme,1d090ee98ebcd277,2025-01-02 13:53:19,13,3,False
5547b716-c921-47a1-afab-d7e4eb6287c4,CUS-00090,375.25,card,Lagos,Agege,fcd524f43913e0eb,2025-01-02 13:55:00,13,3,True
1c21dd02-9645-4c25-9460-b8b4a476f083,CUS-00090,70647.67,bank_transfer,Lagos,Surulere,fcd524f43913e0eb,2025-01-02 14:28:00,14,3,True
1409bf57-e163-4541-ad6d-ce23dc47c8c3,CUS-00125,747.96,mobile_money,Rivers,Obio-Akpor,b21c8566ae744018,2025-01-02 14:30:09,14,3,False
5a0b2d09-5514-4863-b43f-25d4934c6593,CUS-00090,2113.6,pos,Lagos,Oshodi-Isolo,fcd524f43913e0eb,2025-01-02 14:45:00,14,3,True
51a5d983-ad02-4202-a503-9f1c108aede3,CUS-00165,629.76,card,Bauchi,Bauchi-Central,da9388b31798113b,2025-01-02 14:45:18,14,3,False
20786d9a-cb60-4378-a32d-60d8a6981ba7,CUS-00898,389.16,bank_transfer,Lagos,Eti-Osa,836f5054e1ab3d9e,2025-01-02 15:06:35,15,3,False
9085a812-ae61-4403-a0c1-1915a9704307,CUS-00309,372.6,pos,Kano,Fagge,8db672274e891d06,2025-01-02 15:20:12,15,3,False
fbbb1916-8e20-487b-bf9f-862634e1a718,CUS-01506,486.19,card,Oyo,Ibadan North,efe1b8482f5357dc,2025-01-02 15:20:43,15,3,False
a6c0ce4b-92a5-456f-8920-375e9c490b44,CUS-01611,906465.77,pos,Delta,Oshimili South,aa648247ee837f3b,2025-01-02 15:25:11,15,3,False
194ec7fe-a665-4847-b42f-646aebd552b2,CUS-01942,4862.07,pos,Abia,Abia-Central,6b9c7c279a6f20f1,2025-01-02 15:31:07,15,3,False
d65c2309-6ba9-4a42-91ed-4f3fe71dd0d9,CUS-00090,825787.76,mobile_money,Lagos,Ikorodu,fcd524f43913e0eb,2025-01-02 15:44:00,15,3,True
caa4be5f-f447-4367-b669-7ff66bbcfa4d,CUS-01881,59535.2,mobile_money,Kebbi,Kebbi-Central,cc777f8275aeca85,2025-01-02 15:48:35,15,3,False
3ccf082d-c908-470f-abbb-23d11e4b298b,CUS-01282,296.12,ussd,Oyo,Ogbomoso,dc18e0f8c5a69a14,2025-01-02 15:54:28,15,3,False
9ff296f6-963e-49f1-b4fa-ae8d59b9f474,CUS-00732,285.38,pos,Delta,Oshimili South,d2fa86ca5f1299e7,2025-01-02 15:57:23,15,3,False
e832a78f-a815-4671-9df6-73e9ab5f5943,CUS-00120,1271.39,mobile_money,Benue,Benue-Central,2aa8167840b42b5e,2025-01-02 16:08:27,16,3,False
15886ccb-e628-46f6-84ba-c7eab559af51,CUS-01788,2504.06,pos,Lagos,Alimosho,28c66b1dab0a3687,2025-01-02 16:12:07,16,3,False
9faf4e95-6f90-4891-a751-af4d37f75b3a,CUS-00447,2663.02,pos,Osun,Osun-Central,d8251f8e1f73bae6,2025-01-02 16:12:20,16,3,False
c1876830-9ef3-4d3f-97f1-418b25c77937,CUS-01642,98451.88,bank_transfer,Abuja FCT,Gwagwalada,d02d3de6b21344b6,2025-01-02 16:19:07,16,3,False
3f5cd7ae-0513-46a9-b824-e46384269abb,CUS-01937,642100.12,pos,Plateau,Plateau-Central,a96cc0e9e7bb5bfa,2025-01-02 16:25:53,16,3,False
1d4dca9e-77f1-4737-8976-153f32b3ef0b,CUS-00893,14204.94,mobile_money,Rivers,Eleme,e86cf8938c710ffe,2025-01-02 16:31:50,16,3,False
69435269-b6ac-4416-9db5-b594f9f001a1,CUS-00772,48792.26,mobile_money,Lagos,Lagos Mainland,369e9e81cb9400c3,2025-01-02 16:34:52,16,3,False
e4ee936b-feba-4c33-8352-028b70cc4fa7,CUS-00100,222210.26,ussd,Lagos,Mushin,bcf49328f37bdf89,2025-01-02 16:38:43,16,3,False
d16afcec-f343-4dc2-9db2-38e6c8e297cf,CUS-01980,975.65,mobile_money,Lagos,Oshodi-Isolo,a42dd9da04c1821e,2025-01-02 16:42:41,16,3,False
a6338f07-f462-4320-bdb6-86dcbc11a801,CUS-00204,17161.68,mobile_money,Kaduna,Kaduna North,dacf1ca0cd2282a4,2025-01-02 16:47:23,16,3,False
a7e42a92-5b06-4c0f-b6ff-ebe8f3c23891,CUS-01722,81602.96,ussd,Kano,Dala,09e337320c6f169d,2025-01-02 16:47:48,16,3,False
6ff22132-8f6b-4c6d-b19a-da1cb976f255,CUS-00770,3989.17,pos,Lagos,Mushin,07ebcbdbcca5ed04,2025-01-02 16:49:25,16,3,False
92ed699a-928d-4727-848b-4daf74ff48a1,CUS-01164,2397.49,pos,Lagos,Mushin,b81424f4757118ea,2025-01-02 16:50:04,16,3,False
1905c3c3-03e0-41b6-bbb6-100bbf4c55b2,CUS-00705,138.1,mobile_money,Ogun,Ogun-Central,0635d7b00630607a,2025-01-02 16:50:43,16,3,False
f0d5f1a8-1895-424f-8571-0d0ce62f4e83,CUS-01511,439527.69,pos,Ondo,Ondo-Central,feb703ea6117aadb,2025-01-02 16:53:06,16,3,False
c418a5c9-a90e-4c9b-b531-1d3486a848ad,CUS-01224,3396.11,pos,Rivers,Obio-Akpor,68c115a5a9527fcb,2025-01-02 16:54:33,16,3,False
7d2be7dc-e3c7-4479-ae87-3dbbafbaeef6,CUS-00565,2904.96,mobile_money,Kaduna,Kaduna South,0d3ddcef520e555e,2025-01-02 17:10:00,17,3,True
f529331c-9204-4d40-8f2b-169db55e526a,CUS-01720,510.53,pos,Lagos,Mushin,d367b754b9943828,2025-01-02 17:12:18,17,3,False
ae33082c-a715-45bd-9ab1-11fa8d10ab4c,CUS-01555,461.54,bank_transfer,Lagos,Mushin,78defe75dc542af4,2025-01-02 17:17:16,17,3,False
57b3a5df-b056-40e4-9efc-0cc8b5878849,CUS-01185,15923.59,mobile_money,Gombe,Gombe-Central,a6b4370cecc956b7,2025-01-02 17:18:41,17,3,False
b93f1bf2-535c-478c-b18d-650b2549d817,CUS-00296,33655.98,pos,Kwara,Kwara-Central,68d9bede91204ef9,2025-01-02 17:20:07,17,3,False
6b990aaf-68c5-480d-9510-b67b339e62d4,CUS-00565,487.35,pos,Kaduna,Kaduna South,0d3ddcef520e555e,2025-01-02 17:21:00,17,3,True
4104dd0b-c6de-47f7-980a-49b382e3382d,CUS-01769,3852.16,mobile_money,Rivers,Oyigbo,1118a0d8bb9220e4,2025-01-02 17:37:56,17,3,False
9954b706-e5b1-4f73-84b2-5f1ef4e200b2,CUS-00213,4500.92,card,Lagos,Alimosho,9a836a307a1dd420,2025-01-02 17:40:13,17,3,False
e23a8dc6-a865-440f-9577-a2c48fe4d92b,CUS-01866,79876.47,bank_transfer,Lagos,Agege,f5c9c28a915088f1,2025-01-02 17:41:01,17,3,False
d9f3ce83-f1c8-4c1b-9aad-b540abc27723,CUS-00090,3491.28,pos,Lagos,Agege,fcd524f43913e0eb,2025-01-02 17:42:00,17,3,True
6e5bd606-dfa1-4b11-bac1-70087f0cae5e,CUS-00062,289.87,mobile_money,Plateau,Plateau-Central,97c2d31f69cba6c7,2025-01-02 17:49:12,17,3,False
e250469b-cce4-4004-9fe4-84053b4cd338,CUS-01427,2326.32,bank_transfer,Katsina,Katsina-Central,c2f17c1bd5b25fd5,2025-01-02 17:54:02,17,3,False
8fa3737f-cc0a-4934-bf6a-81409287ff5b,CUS-01055,2849.9,card,Kano,Tarauni,8f06ec76dd8c644b,2025-01-02 17:59:03,17,3,False
8bf80918-ea03-4d9e-96c7-cb15da5990b4,CUS-01762,39132.87,bank_transfer,Lagos,Alimosho,a30f47b1c41a7839,2025-01-02 18:05:45,18,3,False
2567aa22-e89b-4357-a739-a149d348b3f8,CUS-00076,385.6,pos,Abia,Abia-Central,4811e029a88bf94c,2025-01-02 18:27:12,18,3,False
5be61b36-2cdb-46d5-8c8b-8adb74649a76,CUS-01433,387.53,pos,Delta,Oshimili South,2966b413eb51f515,2025-01-02 18:29:34,18,3,False
677c87dc-969a-4dad-9fab-993d2a921b17,CUS-01382,311.02,pos,Bayelsa,Bayelsa-Central,e574935d513d27c9,2025-01-02 18:38:19,18,3,False
0799b7f0-f851-4eb5-b815-b9484b762f73,CUS-00191,2600.95,ussd,Nassarawa,Nassarawa-Central,056cff2c5ac13239,2025-01-02 18:39:11,18,3,False
2bc0cfaf-a572-4e73-87b0-3843ce01542c,CUS-01507,84.44,bank_transfer,Oyo,Oyo East,f4cf870f53ea4416,2025-01-02 18:41:16,18,3,False
438f9c4e-08b7-4770-8a31-e086a0fb792c,CUS-00493,2090.2,pos,Lagos,Ikorodu,e90398b9a0d79849,2025-01-02 18:43:36,18,3,False
f174e75f-5252-45ab-8226-b366bc689687,CUS-01347,151.9,pos,Rivers,Obio-Akpor,ec76fa108fd59db4,2025-01-02 18:56:36,18,3,False
c8d18d48-a636-4a37-ba66-07f546b91575,CUS-01302,2126.48,bank_transfer,Lagos,Kosofe,e64a5a877ba327d2,2025-01-02 19:02:17,19,3,False
99dcd86a-0834-448b-bca5-1aa3d6729978,CUS-01294,3813.51,card,Imo,Imo-Central,483e21c5ddaeee0f,2025-01-02 19:06:15,19,3,False
7eaf7aa9-f582-48eb-8711-ee51c8169214,CUS-00797,4987.23,bank_transfer,Oyo,Ibadan South-West,59420c39724467cb,2025-01-02 19:07:44,19,3,False
ac36e174-be24-4f66-b313-eedc4d27439f,CUS-01956,31569.02,ussd,Delta,Warri South,03426b6d08e1ad15,2025-01-02 19:20:15,19,3,False
f89ade57-a322-4cd7-b86a-2332ebe97052,CUS-00242,58925.32,bank_transfer,Taraba,Taraba-Central,3124ecd59d09a780,2025-01-02 19:20:50,19,3,False
6637d047-18e7-4360-af56-88d50a419896,CUS-01276,2951.93,mobile_money,Lagos,Lagos Mainland,990dec7a88b42303,2025-01-02 19:21:33,19,3,False
149a9c4e-c71b-4df5-b7e0-cec53153f42f,CUS-00090,610.45,pos,Lagos,Kosofe,fcd524f43913e0eb,2025-01-02 19:22:00,19,3,True
dd89b57e-82e1-4049-9685-9635d1ff4026,CUS-00183,429.07,pos,Kebbi,Kebbi-Central,27a352a0e28b8fda,2025-01-02 19:23:18,19,3,False
acb4e8d2-725f-44dd-9d4d-e154f1d805fc,CUS-00325,399.14,card,Osun,Osun-Central,8c6d91935dee1218,2025-01-02 19:24:14,19,3,False
828907bb-97bd-4c89-851b-f1fc9623178a,CUS-00090,16550.26,pos,Lagos,Ikorodu,fcd524f43913e0eb,2025-01-02 19:27:00,19,3,True
6a85b8fc-0f63-42cf-82a9-8c4f1f3c2917,CUS-01238,135.03,bank_transfer,Akwa Ibom,Akwa Ibom-Central,4f2883e80ffbe344,2025-01-02 19:28:01,19,3,False
90a23e13-6a33-4043-b91d-6439720b0ce7,CUS-01583,75.42,ussd,Abuja FCT,Kuje,91b7d62f8a3e011f,2025-01-02 19:28:13,19,3,False
9504a9ff-cf91-485b-aa79-7815b82dfd44,CUS-01039,190434.05,mobile_money,Kano,Kumbotso,f45c910b731e4816,2025-01-02 19:36:04,19,3,False
3429cf33-e0d3-4c6c-923f-f486ca1c61a4,CUS-00528,554.42,pos,Lagos,Surulere,97f0bebd566ad442,2025-01-02 19:40:18,19,3,False
9d66b0a8-aa5a-413b-a75c-b8a2a9267c4f,CUS-01986,3168.89,pos,Ondo,Ondo-Central,179c3d78f887cc5d,2025-01-02 19:41:10,19,3,False
264c0561-fc8b-4009-b475-db8fb87354fe,CUS-00036,138.6,pos,Kano,Kumbotso,92bbe47fe9f49240,2025-01-02 19:41:14,19,3,False
62be21b9-8fd4-43b0-82c6-ac7f0f7a11d7,CUS-00992,2836.94,bank_transfer,Kano,Kumbotso,9efb5fcc24e336a3,2025-01-02 19:55:13,19,3,False
65a8b08e-7380-4e55-bf3e-594a4687bfbe,CUS-00795,194.4,bank_transfer,Zamfara,Zamfara-Central,6f8b18aebf0d3d68,2025-01-02 20:01:44,20,3,False
64ae1814-e374-4b10-ae65-3347376dae1f,CUS-01250,560.53,bank_transfer,Imo,Imo-Central,0731972790fd691c,2025-01-02 20:16:43,20,3,False
1ee7dd8c-8181-4f9f-9680-ca8dc03eedc7,CUS-00701,701.41,ussd,Lagos,Ikeja,103556a324a9a49d,2025-01-02 20:31:55,20,3,False
8ab96424-7f30-47fb-a607-b0bfc6b4f8b5,CUS-00090,3606.7,bank_transfer,Lagos,Agege,fcd524f43913e0eb,2025-01-02 20:34:00,20,3,True
fb2b51e3-0aec-4ecb-ac37-336df3c84d2f,CUS-01156,177.49,ussd,Lagos,Mushin,031d6ab684c1b05f,2025-01-02 20:36:24,20,3,False
b696af52-0c05-42c2-99c4-0e3e5b33fb63,CUS-01951,55843.29,mobile_money,Lagos,Kosofe,ff96fe42ef3de0ae,2025-01-02 20:38:31,20,3,False
c9a471b4-f00c-40fb-ba2e-1e5b1ec62a7b,CUS-00565,20326.93,bank_transfer,Kaduna,Kaduna South,0d3ddcef520e555e,2025-01-02 20:43:00,20,3,True
a8104c33-6ec3-437a-a879-2dd187c0035e,CUS-00276,332.8,mobile_money,Imo,Imo-Central,9487056a11d10a77,2025-01-02 20:55:03,20,3,False
79a5004e-8a3a-4190-9bca-12a45d9490ec,CUS-00622,2443.3,bank_transfer,Rivers,Oyigbo,7e53a819ad1be8b4,2025-01-02 20:56:51,20,3,False
2abb8171-006f-4661-a0da-4f7764a1449d,CUS-01308,395.43,ussd,Kano,Gwale,c99975fc77f75453,2025-01-02 21:02:00,21,3,True
944c1032-4049-43f3-adbe-0aa89ff0bfbc,CUS-01308,94.71,ussd,Kano,Dala,c99975fc77f75453,2025-01-02 21:02:00,21,3,True
aa9581f6-8d1b-46fa-920e-cd964375f342,CUS-00943,292.81,mobile_money,Plateau,Plateau-Central,1da2949d58e17a5f,2025-01-02 21:03:11,21,3,False
9cc27412-9846-4bc5-80a5-6961791476fb,CUS-01308,434.73,mobile_money,Kano,Nassarawa,c99975fc77f75453,2025-01-02 21:10:00,21,3,True
2eca77bd-66da-4893-bd67-6d9368119c9d,CUS-01838,563346.8,ussd,Yobe,Yobe-Central,6a7ec85c1aa650c1,2025-01-02 21:10:16,21,3,False
7eeb4c9b-1c0e-43e2-8a48-1a1548788196,CUS-01337,244.04,bank_transfer,Anambra,Nnewi North,ea9f50ef925bfd0a,2025-01-02 21:15:07,21,3,False
6055f540-d887-49db-a9ac-b0c78a0c67e6,CUS-01545,405.27,pos,Abuja FCT,Bwari,375992b2e94a47bf,2025-01-02 21:16:27,21,3,False
06338a58-0f17-4f29-acef-c7e58a9d0e34,CUS-00761,86065.2,pos,Kano,Fagge,9af619d3f3e717ee,2025-01-02 21:19:25,21,3,False
8c9fb204-9bec-4592-a0b9-0e4bb32138d4,CUS-01308,355.37,pos,Kano,Tarauni,c99975fc77f75453,2025-01-02 21:20:00,21,3,True
51eff056-ef7a-41ba-82cc-13cbbb2bd016,CUS-01031,18373.7,bank_transfer,Kaduna,Kaduna North,b843bc845143730b,2025-01-02 21:21:18,21,3,False
6c199893-a12e-4cdf-96f0-f3f23232f085,CUS-01789,8276.96,card,Abuja FCT,Bwari,3cb0b235257beee6,2025-01-02 21:24:31,21,3,False
1550dc16-f688-4393-b8a7-2a437a151299,CUS-01403,409.36,pos,Osun,Osun-Central,6666f1a1cebc0728,2025-01-02 21:26:12,21,3,False
c7718810-f258-4f9a-b4a5-a11e9d46bde0,CUS-00090,17945.14,bank_transfer,Lagos,Surulere,fcd524f43913e0eb,2025-01-02 21:28:00,21,3,True
b998cae5-e631-44f1-a09f-d2344d2015f4,CUS-01308,236.86,mobile_money,Kano,Tarauni,c99975fc77f75453,2025-01-02 21:36:00,21,3,True
0c370891-5140-471f-9ab3-f4e180ece2ee,CUS-01055,213.3,card,Kano,Gwale,8f06ec76dd8c644b,2025-01-02 21:36:52,21,3,False
0dd3158f-9f81-426a-bcdd-cf3341f85593,CUS-01308,157.45,mobile_money,Kano,Gwale,c99975fc77f75453,2025-01-02 21:39:00,21,3,True
cd46d45b-cc41-4dc3-acf3-811e7b444916,CUS-01308,353.61,ussd,Kano,Dala,c99975fc77f75453,2025-01-02 21:40:00,21,3,True
13ebf0d0-6cf3-4238-89b9-c066f090d521,CUS-01628,126.91,card,Lagos,Mushin,9dba5f6ba727a829,2025-01-02 21:48:52,21,3,False
86b4f8b8-0474-4eda-94c7-cc4ab3f6595a,CUS-01116,1672.07,mobile_money,Lagos,Surulere,808e5a351d941f60,2025-01-02 21:57:28,21,3,False
268ba191-db1d-4b9e-9ae6-c7627a3a7281,CUS-01773,3282.59,mobile_money,Cross River,Cross River-Central,c0784cb07cd5f0e0,2025-01-02 22:14:53,22,3,False
42234af3-3dd1-40e9-adbd-24bc6d3900c0,CUS-00565,919.68,bank_transfer,Kaduna,Kaduna South,0d3ddcef520e555e,2025-01-02 22:36:00,22,3,True
6edd2217-c5c9-4636-823f-06da52d8ea7e,CUS-01210,415.83,pos,Rivers,Port-Harcourt,0e27aca8e7040c91,2025-01-03 00:35:09,0,4,False
52f5c92e-37cd-4991-841e-a5dd2dd0db0b,CUS-00372,1129.0,mobile_money,Lagos,Lagos Mainland,131ea15f92860a0b,2025-01-03 01:28:48,1,4,False
db20adb1-3808-4842-a58b-2a4bd1f8a85e,CUS-00754,668209.46,bank_transfer,Lagos,Surulere,050f9e3bad7016e4,2025-01-03 02:37:00,2,4,True
0675bee4-d627-4aea-832f-3aa4794df9c0,CUS-00241,242884.25,bank_transfer,Katsina,Katsina-Central,719378d0a548c057,2025-01-03 04:41:00,4,4,True
1bcf4c4b-abac-4bb5-a7a3-c546c5740086,CUS-00525,3362.36,pos,Abuja FCT,Bwari,f40d6919fc724ebb,2025-01-03 09:09:39,9,4,False
e288f425-2403-4bf9-acae-6489b4418fd5,CUS-01309,56255.22,bank_transfer,Benue,Benue-Central,3f2e55ad5d711bdb,2025-01-03 09:19:04,9,4,False
43c09074-7274-404a-86b0-f2edf1326f92,CUS-01983,558339.12,pos,Abuja FCT,Kuje,8d6ee04ebc70075d,2025-01-03 09:27:31,9,4,False
f3ed38c8-6282-4fc8-8734-97e4dd20b6e2,CUS-00671,3196.15,pos,Nassarawa,Nassarawa-Central,c036671ca8b35a91,2025-01-03 09:45:13,9,4,False
e87d58b0-a1bf-406f-91e3-dbace25cc3cd,CUS-00220,363.79,mobile_money,Delta,Uvwie,86abb464750be17b,2025-01-03 09:45:54,9,4,False
e96ab610-587e-4872-94ad-117874fe7edc,CUS-01088,557341.58,bank_transfer,Ogun,Ogun-Central,2fe4c08d1ce58296,2025-01-03 09:54:48,9,4,False
018bbbf8-0fe2-4c54-b753-7da707b7d5b0,CUS-00483,591629.44,bank_transfer,Enugu,Enugu North,f578d51fdcfff376,2025-01-03 09:55:00,9,4,True
f9303c83-5944-44da-bca5-e6bd24cade07,CUS-01444,1971.7,card,Zamfara,Zamfara-Central,8a832c116325ac82,2025-01-03 10:07:23,10,4,False
5b0e4efb-da0f-42b2-82d8-d68f322427ed,CUS-00043,92.2,mobile_money,Kogi,Kogi-Central,dde67db5f24e0bcc,2025-01-03 10:14:12,10,4,False
cb885b01-904e-4f8e-8542-53f54e0a1355,CUS-00154,53879.96,pos,Ogun,Ogun-Central,bec8cb887466247e,2025-01-03 10:15:48,10,4,False
6bbeeba0-8f6e-4de1-aaad-032181609329,CUS-01940,19460.74,mobile_money,Lagos,Surulere,07e3e3257383f7f3,2025-01-03 10:16:44,10,4,False
524b118e-e1e7-453e-9f7e-e105e9576f05,CUS-00482,339.39,bank_transfer,Abuja FCT,Municipal,e7e3666ef213fc1c,2025-01-03 10:21:21,10,4,False
e44efdd8-5f28-445d-a404-d43588ab894b,CUS-01756,4233.4,mobile_money,Cross River,Cross River-Central,4992e34bc44b3870,2025-01-03 10:25:55,10,4,False
013162c4-a57e-4754-a8d8-0e3ee09f9e26,CUS-01818,55377.15,mobile_money,Enugu,Enugu North,d55cdb42c79cc105,2025-01-03 10:47:14,10,4,False
d7028812-23f5-4dd0-b7dc-0b8e239f3243,CUS-00004,32184.47,mobile_money,Lagos,Kosofe,37995ca70dfdc7f4,2025-01-03 10:53:26,10,4,False
b4ee1d96-7529-44d2-86d9-c7abc3a80831,CUS-01760,582387.83,pos,Abuja FCT,Gwagwalada,41c9545706969a64,2025-01-03 10:56:51,10,4,False
969420e7-75d7-43a3-bb7f-299d0084e52c,CUS-00690,99152.55,bank_transfer,Kano,Fagge,9b160c32acee1e9d,2025-01-03 10:58:29,10,4,False
9f60dca2-fdb8-46fa-b7b0-5b12151e6e04,CUS-00081,118.08,pos,Enugu,Enugu North,aa0d9f651510b9f0,2025-01-03 11:00:35,11,4,False
3590cb8b-acb5-4673-af44-ef55b25293b4,CUS-00112,98861.87,pos,Yobe,Yobe-Central,9b1f8128591d3700,2025-01-03 11:06:49,11,4,False
21d56cc3-763a-4d6c-a5e0-e2606cdd65df,CUS-01865,3032.47,pos,Gombe,Gombe-Central,1271ad890587ba3f,2025-01-03 11:13:20,11,4,False
98f66d2b-c06f-43eb-9c18-da81a5a539f5,CUS-00228,1898.26,pos,Niger,Niger-Central,beaef1b0d933b705,2025-01-03 11:13:31,11,4,False
ab0660cc-ad73-4bf3-b103-ee4ddd50823e,CUS-01349,1125.83,pos,Lagos,Eti-Osa,761ac665f034ac3a,2025-01-03 11:18:48,11,4,False
79e470da-809c-4f03-9099-227057792d99,CUS-01400,4346.71,pos,Lagos,Kosofe,5cde144e0f72a982,2025-01-03 11:49:28,11,4,False
4065edbd-6091-4917-a8b3-2a7f9422c1af,CUS-00828,329423.55,bank_transfer,Osun,Osun-Central,9a1f4e8803f68e25,2025-01-03 12:08:58,12,4,False
5c536d56-76f4-4f18-ba5c-b2f732fa761a,CUS-01029,39052.63,bank_transfer,Plateau,Plateau-Central,345305fe8c241fb1,2025-01-03 12:27:27,12,4,False
1087602b-ffd7-43c0-a745-ae1031ab1f32,CUS-01871,598.33,pos,Lagos,Kosofe,ea23fad9d6052bfe,2025-01-03 12:28:52,12,4,False
68672462-5afe-481a-9f0d-d93e67cd9f06,CUS-01889,1236.16,bank_transfer,Ogun,Ogun-Central,d4dcceb674d03143,2025-01-03 12:56:14,12,4,False
93db15b6-ce53-406c-98c8-191385b744c3,CUS-01047,9617.62,pos,Lagos,Eti-Osa,645338b224542c36,2025-01-03 13:00:56,13,4,False
e44f2fa0-8274-4825-9114-7300fa8fdfd5,CUS-01798,316744.47,pos,Lagos,Ikeja,da09249edbf8957c,2025-01-03 13:07:39,13,4,False
13f42285-1b42-4b19-934d-97957668dc7d,CUS-01897,55862.77,mobile_money,Lagos,Ikeja,e94888cd3a69e633,2025-01-03 13:11:53,13,4,False
b713d269-48ab-4f16-afbf-c638720b51ac,CUS-01608,92665.79,mobile_money,Lagos,Eti-Osa,e28254d03af7dce0,2025-01-03 13:15:50,13,4,False
1cf7a22c-20b9-45bb-9220-a027c3b4ff6b,CUS-00599,1886.47,pos,Lagos,Ikeja,c886c35c1c884c22,2025-01-03 13:22:54,13,4,False
e7121f9b-5791-432a-b15f-96d6526f2690,CUS-00769,5846.71,mobile_money,Plateau,Plateau-Central,2bf4c4b79c399a09,2025-01-03 13:24:38,13,4,False
403ee8b8-ba40-4983-9d9e-160d3b851113,CUS-00605,217.2,pos,Abuja FCT,Gwagwalada,8cb5ca4807fafe31,2025-01-03 13:53:23,13,4,False
1c328d75-c097-4c86-bbcc-9d447a6b7827,CUS-00978,96800.01,mobile_money,Abuja FCT,Municipal,b1eac8f3eae27cb3,2025-01-03 13:54:23,13,4,False
c552285d-c7f6-4ba5-918e-834241cbfd62,CUS-00158,39440.13,bank_transfer,Lagos,Agege,917312f18359f92b,2025-01-03 13:57:32,13,4,False
8dc960b0-9b7d-4780-a0a2-4aa8921d7c89,CUS-01960,403.86,bank_transfer,Lagos,Lagos Mainland,4940f9f60c439d5c,2025-01-03 14:05:57,14,4,False
61ad4fed-a92d-4285-9b1f-02701f779204,CUS-00786,17420.49,card,Oyo,Ibadan South-West,5a94533355fbe278,2025-01-03 14:08:40,14,4,False
a972a99a-21ad-4c0b-b617-3f72e5a575b4,CUS-01916,1578.33,mobile_money,Niger,Niger-Central,5cc192455973d5fe,2025-01-03 14:10:13,14,4,False
6a513f87-776b-4c54-9fa7-a99b2418523a,CUS-00012,165.21,ussd,Bauchi,Bauchi-Central,e79bb123ff92969b,2025-01-03 14:12:45,14,4,False
839fd8f7-910b-40e0-a6f8-cdce7a54959e,CUS-01189,4038.1,bank_transfer,Edo,Oredo,36f1fd8d7d24e817,2025-01-03 14:28:39,14,4,False
770bfca4-4a4f-4652-8bbf-46b0cf5d9fd6,CUS-00158,234.85,bank_transfer,Lagos,Agege,917312f18359f92b,2025-01-03 14:30:37,14,4,False
daff32cc-2cd6-4aa9-be66-f846b29c1513,CUS-01645,173.94,pos,Kwara,Kwara-Central,28718c1a00f4bf11,2025-01-03 14:32:17,14,4,False
6fbf6b8b-816e-432f-8224-d52c8f657e46,CUS-00020,4643.68,card,Kaduna,Zaria,17432577a0f31ee4,2025-01-03 14:33:29,14,4,False
e1eb386b-10a9-46dc-8bd1-82938716ceff,CUS-00703,2491.65,ussd,Lagos,Lagos Mainland,4720b0e4b3263da4,2025-01-03 14:34:00,14,4,False
5248b29f-5ef0-4873-a14f-950ebdcd47e0,CUS-00881,38092.67,ussd,Anambra,Nnewi North,446856508dde79b0,2025-01-03 14:38:35,14,4,False
ce1b9819-8842-4472-b5c3-490161b95832,CUS-01389,72182.54,mobile_money,Abuja FCT,Municipal,8ad5ba7b72d97c12,2025-01-03 14:40:56,14,4,False
9b1adf2c-9789-4e4e-9250-88752c548981,CUS-01328,179.48,pos,Delta,Warri South,ec070dad4f209a16,2025-01-03 14:45:45,14,4,False
54e7d88a-52f9-4086-8686-0d2a764c94fa,CUS-01349,2825.91,pos,Lagos,Surulere,761ac665f034ac3a,2025-01-03 14:46:46,14,4,False
aa0e1916-28ca-4b9d-b22a-dd256eec7d47,CUS-00076,627.24,pos,Abia,Abia-Central,4811e029a88bf94c,2025-01-03 14:51:42,14,4,False
5ad84581-463c-474c-8596-95a0b7d57a7e,CUS-01416,9201.46,pos,Lagos,Eti-Osa,ec384e46e51f1e64,2025-01-03 14:53:52,14,4,False
c7c2fa15-a80e-4a72-9e51-102d1a356406,CUS-00486,1686.82,bank_transfer,Lagos,Oshodi-Isolo,eef581881ffc0e65,2025-01-03 14:54:53,14,4,False
01f2eb56-28a9-4c70-96b8-8f5b970381d5,CUS-01292,4034.71,pos,Oyo,Ibadan South-West,8bd8d926d6ec6dda,2025-01-03 15:02:32,15,4,False
34215f79-1c6e-4622-9580-752941482a40,CUS-00762,3172.02,bank_transfer,Lagos,Mushin,209d1ceb642d37e1,2025-01-03 15:18:41,15,4,False
db0e3cdf-ad94-4cb5-98ea-bddbc527b5f8,CUS-01537,3072.61,pos,Anambra,Onitsha North,a99f48c92dd1b94b,2025-01-03 15:29:26,15,4,False
8021f03b-0bed-441c-8a9a-eb19c567fcd2,CUS-00222,4105.12,mobile_money,Lagos,Mushin,03d53dcc4ef59e8b,2025-01-03 15:52:29,15,4,False
35bb8ff7-ed74-4a96-bc54-3d0d631542f5,CUS-01487,2559.45,pos,Edo,Egor,8b29f537a5dc9bb1,2025-01-03 16:00:20,16,4,False
c5e450f5-a683-48d4-b683-d2c9d0eacb07,CUS-00726,307.69,pos,Lagos,Ikeja,dafcccd8fd9e36a8,2025-01-03 16:03:32,16,4,False
358a8ce5-1c4a-4f3e-9589-09d3614faf5b,CUS-00460,88740.04,card,Lagos,Ikorodu,8b26a630ac3a5c27,2025-01-03 16:17:55,16,4,False
2eb89c25-2a36-45dd-be35-dbc0aafff3b0,CUS-01755,48268.18,pos,Benue,Benue-Central,48d4189ce2a6536b,2025-01-03 16:27:25,16,4,False
56301b66-72ea-4ff8-933c-645a82ff9284,CUS-00348,3660.62,bank_transfer,Rivers,Oyigbo,a772237ddffddff3,2025-01-03 16:31:49,16,4,False
3418f7e4-77ca-4bb3-a8a9-111f31d5d32b,CUS-01058,50748.93,pos,Abuja FCT,Bwari,823adada4ab70de2,2025-01-03 16:40:46,16,4,False
3625b650-c58b-4db7-a770-a6b36f65e159,CUS-00082,3567.64,bank_transfer,Kano,Dala,1b3d2d4d9e9c6adc,2025-01-03 16:43:00,16,4,False
b02f3cdf-f63d-45c2-848f-0ce0f68f9219,CUS-01340,4484.44,ussd,Kano,Nassarawa,32701a6673725ff9,2025-01-03 16:49:47,16,4,False
ac931446-b5c2-48c8-8777-21ff2ec3e26a,CUS-00349,19215.38,pos,Lagos,Agege,8231363a63a5fd39,2025-01-03 17:00:00,17,4,True
d6f3c0db-8e34-4f71-babf-c38f51d27607,CUS-01947,41935.54,bank_transfer,Lagos,Ikeja,4c7b689cb13b4c58,2025-01-03 17:10:55,17,4,False
00701e6e-68f7-4fee-9205-34ed41099179,CUS-00743,3952.92,pos,Abuja FCT,Kuje,3c89eb93ecd23ea3,2025-01-03 17:11:00,17,4,False
0b98f3bc-f58f-4aae-8d00-02ed5d47ae03,CUS-00409,1683.19,bank_transfer,Lagos,Oshodi-Isolo,7edcbf54bb8a31ff,2025-01-03 17:13:07,17,4,False
1cf763f1-2fb7-412f-92d4-66f2628b83a2,CUS-01878,23254.72,bank_transfer,Kano,Fagge,2887345003145782,2025-01-03 17:17:11,17,4,False
49fe6790-3833-4c8d-a5ea-b9ee065377c8,CUS-00349,50151.18,pos,Sokoto,Sokoto-Central,8231363a63a5fd39,2025-01-03 17:19:00,17,4,True
52628245-b150-42b4-894b-8a0700e015aa,CUS-00163,333.22,mobile_money,Oyo,Ogbomoso,8d5738008732b193,2025-01-03 17:25:53,17,4,False
29b55ddc-7c83-41c7-a4de-98e354fa938b,CUS-01804,24232.21,mobile_money,Kano,Fagge,1732d316c82cf99c,2025-01-03 17:28:39,17,4,False
8dbb74f0-8a62-46e7-ad47-1e30c1eae303,CUS-00546,961370.19,pos,Lagos,Oshodi-Isolo,b08815097e266c74,2025-01-03 17:30:57,17,4,False
95f3deb5-6adf-4a95-b9a7-79c735ded752,CUS-00761,126.62,pos,Kano,Dala,9af619d3f3e717ee,2025-01-03 17:36:01,17,4,False
357efb3d-fbe3-44c5-83a3-ef8fc27be3f1,CUS-00141,48890.0,bank_transfer,Lagos,Ikeja,41494816afbde82e,2025-01-03 17:47:08,17,4,False
50205ea8-f130-4b07-9054-1f60f8737172,CUS-01139,77100.88,pos,Kaduna,Kaduna North,13916b9e716e5198,2025-01-03 17:52:03,17,4,False
9c921e26-44fe-45e2-8407-19edffac4f35,CUS-00065,4774.84,mobile_money,Oyo,Ogbomoso,87baa8a35ed6745a,2025-01-03 17:53:49,17,4,False
86a27a87-2e90-4170-af03-110dd3c021c1,CUS-01670,652.0,pos,Rivers,Eleme,c21817c50f2234d3,2025-01-03 17:56:42,17,4,False
f4b8e268-c769-4b9b-8d30-67771f262323,CUS-01658,374.4,pos,Rivers,Port-Harcourt,19dace16c10f4388,2025-01-03 18:10:42,18,4,False
0b81802a-a4c0-49c7-acdc-001f9d8fe8f1,CUS-01002,483.03,pos,Kebbi,Kebbi-Central,efcc435f8f743b77,2025-01-03 18:11:33,18,4,False
53077a0f-9027-4bb7-8e90-c762044b3b29,CUS-00603,73817.71,pos,Lagos,Agege,bb90dbe9236c1ae4,2025-01-03 18:20:50,18,4,False
8abde44e-eecc-46ae-b633-550e3d44a091,CUS-01935,55.92,bank_transfer,Benue,Benue-Central,beac29344830dd2f,2025-01-03 18:25:46,18,4,False
1f0c12f6-9f27-4d3f-a359-e98ce49874ca,CUS-01259,507097.16,ussd,Oyo,Ibadan North,43decebaedfb8c27,2025-01-03 18:29:09,18,4,False
88b65a55-3e77-42bc-ac3e-d4624990d64d,CUS-01297,155.96,pos,Lagos,Kosofe,321568580cd1b7bd,2025-01-03 18:33:44,18,4,False
05c66fdf-1d3f-4d45-82fa-4d417c66f444,CUS-00249,269.02,pos,Sokoto,Sokoto-Central,582309303bc8cadb,2025-01-03 18:56:11,18,4,False
a0fa6dbe-f792-4308-aaa5-d60d10b8d69e,CUS-00393,4662.7,pos,Abia,Abia-Central,6d5850dcdc1d378b,2025-01-03 19:05:19,19,4,False
e345370d-58d9-49b7-b198-978ab5ef3575,CUS-01700,97879.77,pos,Akwa Ibom,Akwa Ibom-Central,1a4fb83ac2346edb,2025-01-03 19:08:00,19,4,False
c1e4781a-8ebd-4863-96e5-8f362c7eee13,CUS-01378,58853.35,pos,Kano,Fagge,9b8e99a87eb4e70c,2025-01-03 19:13:49,19,4,False
0a0b60b8-3705-417b-8e78-8c2ae355eb75,CUS-00002,4580.65,pos,Ondo,Ondo-Central,f91bdce8d9b190e6,2025-01-03 19:26:21,19,4,False
d9a4ec8f-9baa-4d16-b723-a3b9da31d474,CUS-01090,117.82,bank_transfer,Jigawa,Jigawa-Central,7e20ad09c8305175,2025-01-03 19:31:46,19,4,False
a327d60a-19d4-4f74-9cc9-842c1325ca10,CUS-00085,323.2,bank_transfer,Kano,Tarauni,bbe1ca633613948f,2025-01-03 19:37:24,19,4,False
c132158c-9f04-4f67-a2c4-79e124746ef1,CUS-01888,4319.94,bank_transfer,Ondo,Ondo-Central,1ae6b13f71f999a3,2025-01-03 19:45:31,19,4,False
5f6715d2-c2df-4e68-81e1-58b8cb26aaad,CUS-01138,2727.71,pos,Abuja FCT,Bwari,927ad78e9082ea6e,2025-01-03 19:49:08,19,4,False
036b31af-0e07-4a00-94ff-cccb5678beb2,CUS-01285,10460.72,pos,Abuja FCT,Gwagwalada,cee16795f7e6c260,2025-01-03 19:51:12,19,4,False
7cde9e69-f4cb-4b12-9041-9f03b460fbd0,CUS-01474,34586.87,pos,Kano,Nassarawa,9f74e67babbc18cb,2025-01-03 19:57:05,19,4,False
49c44bf0-e6be-4387-93d2-91ca94d8ae32,CUS-01917,6954.79,pos,Kaduna,Kaduna North,2b0ecdd673e9f7e2,2025-01-03 20:01:45,20,4,False
a86ced5f-0a01-4ca6-bf5f-6feaef1a578c,CUS-00929,3982.41,pos,Kano,Tarauni,395eff550cc0a560,2025-01-03 20:08:10,20,4,False
e6a03f31-4dac-4c5c-a40a-5e979fc0a47c,CUS-00821,31946.48,pos,Lagos,Kosofe,28ef841e7a9516fb,2025-01-03 20:13:05,20,4,False
4d30b318-e897-41a5-ac13-2dee80970fae,CUS-01585,242.51,pos,Lagos,Lagos Mainland,9d4d8197c0ce1b15,2025-01-03 20:17:29,20,4,False
088bc1ae-5357-4ef4-a658-133d49cc4087,CUS-01973,155.34,mobile_money,Abuja FCT,Gwagwalada,b0a2e8ccaf3fc8d8,2025-01-03 20:21:46,20,4,False
88e8c100-c58a-4435-b4bd-460e3591b6a5,CUS-00291,309722.46,pos,Lagos,Oshodi-Isolo,e452bf338ef3b707,2025-01-03 20:30:44,20,4,False
f4c59fe8-37d5-4d57-887d-01020f9a3a74,CUS-01121,246.72,pos,Cross River,Cross River-Central,b60436e580150064,2025-01-03 20:40:41,20,4,False
88f3ee7d-b565-4d69-b779-af16a9ca6b9e,CUS-00545,131264.0,bank_transfer,Kano,Kumbotso,816780c3a970fd43,2025-01-03 20:46:50,20,4,False
34105e54-7c98-4e3e-a0a0-50234da044aa,CUS-01476,1223.53,card,Benue,Benue-Central,034bbe47deb0873c,2025-01-03 20:57:30,20,4,False
8c54ece0-9355-44da-8b4e-b8d5d92e60f7,CUS-00701,3824.93,bank_transfer,Lagos,Agege,103556a324a9a49d,2025-01-03 21:00:00,21,4,True
70543485-982d-46e1-8741-07b1d5c12270,CUS-00701,3637.79,card,Sokoto,Sokoto-Central,103556a324a9a49d,2025-01-03 21:14:00,21,4,True
00896136-ce24-4f56-8c0e-769c4760e74d,CUS-00012,611245.23,ussd,Bauchi,Bauchi-Central,e79bb123ff92969b,2025-01-03 21:18:16,21,4,False
03ca9e3d-dd95-414d-9d62-d527d0875730,CUS-01070,948.8,mobile_money,Kano,Tarauni,33d5e150880b49ae,2025-01-03 21:22:08,21,4,False
e09e011c-6c4a-4ae8-877b-6fd1b5be55c2,CUS-01312,172.27,mobile_money,Oyo,Ibadan South-West,b0dab1b406b7d200,2025-01-03 21:29:08,21,4,False
652e760f-8be3-40b3-abbd-0a940259fa11,CUS-00646,449.85,card,Kaduna,Zaria,2b7015d78d5d685e,2025-01-03 21:32:36,21,4,False
c2794d24-df3d-43a5-9c89-391e7423d0db,CUS-01617,911817.37,mobile_money,Delta,Oshimili South,649e38bb07b7b488,2025-01-03 21:37:53,21,4,False
6e24bc46-87be-4c18-be5d-002c8614b043,CUS-01540,893042.8,pos,Edo,Ikpoba-Okha,355e455542ab7ec6,2025-01-03 21:40:19,21,4,False
4320480b-b0e3-48ba-b4c1-1c141fb84b2c,CUS-01068,250602.23,bank_transfer,Kano,Tarauni,8d576c7efcc7de85,2025-01-03 21:51:00,21,4,True
fbecaa5c-ff63-4fb2-a2fa-1ccf88a9db41,CUS-01651,432.47,pos,Kano,Dala,396043149ea8b2e6,2025-01-03 21:51:45,21,4,False
ff76ec2a-6c2f-4c38-8102-2d535dda93cd,CUS-00681,3159.96,mobile_money,Kano,Tarauni,e028fa448514bcde,2025-01-03 21:55:56,21,4,False
fac87c2a-b305-4168-bb59-cfaf380b0b31,CUS-00883,61096.7,pos,Lagos,Ikorodu,dfb09978915770b7,2025-01-04 01:05:44,1,5,False
852549f6-3d6f-4819-85f9-d05bf415e05e,CUS-00195,858801.89,bank_transfer,Kano,Kumbotso,34442a744fa9c028,2025-01-04 01:36:00,1,5,True
9aa94583-e06c-4093-bb88-9dd45525f08f,CUS-01401,427.04,mobile_money,Lagos,Kosofe,819745d3500a43cf,2025-01-04 04:02:00,4,5,True
b1f83de4-74b3-49c4-962a-6092c05207c5,CUS-01401,359.22,pos,Lagos,Lagos Mainland,819745d3500a43cf,2025-01-04 04:04:00,4,5,True
b3a7d5de-d0fd-46c5-8212-2eddfc8e2480,CUS-01401,114.68,pos,Lagos,Eti-Osa,819745d3500a43cf,2025-01-04 04:06:00,4,5,True
a5d23fd8-0bcc-43c6-a851-6044e0868df9,CUS-01401,198.29,pos,Lagos,Eti-Osa,819745d3500a43cf,2025-01-04 04:09:00,4,5,True
b32126f1-18c7-4570-845c-761039bb8015,CUS-00229,4543.28,pos,Enugu,Enugu East,b213b560d21d418e,2025-01-04 04:15:17,4,5,False
dba84fea-27b4-438d-bb85-c9198dd47d55,CUS-01401,63.15,mobile_money,Lagos,Lagos Mainland,819745d3500a43cf,2025-01-04 04:33:00,4,5,True
b568cd07-fc60-425b-8cc5-39f7feac9c3b,CUS-01401,463.44,pos,Lagos,Ikorodu,819745d3500a43cf,2025-01-04 04:40:00,4,5,True
6ca6a4c1-2e38-4a4c-aa4c-e6baf380bcbc,CUS-01401,181.18,mobile_money,Lagos,Ikeja,819745d3500a43cf,2025-01-04 04:49:00,4,5,True
503e9515-cfc6-475d-b9dd-c589969d2bdf,CUS-01401,311.3,mobile_money,Lagos,Surulere,819745d3500a43cf,2025-01-04 04:52:00,4,5,True
8b5d59b8-2c26-4eea-ac8c-09c52d8705bb,CUS-01977,1230.47,pos,Rivers,Eleme,02673b590c313531,2025-01-04 07:03:00,7,5,True
4f091931-2e70-4a66-a851-4a22d9d13227,CUS-01801,55556.4,bank_transfer,Osun,Osun-Central,8f779f94f9d34410,2025-01-04 07:09:00,7,5,True
bb76a9a0-2206-4d6c-b17a-78403aa43d9f,CUS-01204,63.14,mobile_money,Abuja FCT,Kuje,7fc10fe4ca5124d6,2025-01-04 07:16:45,7,5,False
243ef801-acc5-434f-871b-aae9d8536891,CUS-01918,380.63,mobile_money,Rivers,Eleme,77c214633aa5475a,2025-01-04 07:19:46,7,5,False
a8ccac20-3312-437f-8436-a3d4a1143d1b,CUS-01370,2213.98,pos,Bayelsa,Bayelsa-Central,488f12e25e074319,2025-01-04 07:33:47,7,5,False
4de4be63-2d75-4984-8027-e23d051b3608,CUS-01977,4083.86,mobile_money,Rivers,Port-Harcourt,02673b590c313531,2025-01-04 07:39:00,7,5,True
d78086fe-6741-4ef2-bb84-f87770f7a746,CUS-00054,644.09,pos,Kaduna,Zaria,77c84a745dfc622a,2025-01-04 07:51:00,7,5,True
a5b7b05e-a296-4a9c-b8d7-39dda3200ba4,CUS-00183,458.92,ussd,Kebbi,Kebbi-Central,27a352a0e28b8fda,2025-01-04 08:04:00,8,5,True
a8aaee1f-8966-4c95-bd78-ed260ecfb97c,CUS-01977,4696.44,ussd,Rivers,Oyigbo,02673b590c313531,2025-01-04 08:04:00,8,5,True
ccc1c4fe-2877-4084-bc29-dc1c01c08aba,CUS-00183,483.63,mobile_money,Kebbi,Kebbi-Central,27a352a0e28b8fda,2025-01-04 08:07:00,8,5,True
c2274028-5d68-4ee2-a789-cb3c0ac56feb,CUS-00054,86170.91,mobile_money,Kaduna,Kaduna South,77c84a745dfc622a,2025-01-04 08:09:00,8,5,True
b4f85c9f-eb19-4630-9d4d-8b1d9965d051,CUS-00054,149.03,bank_transfer,Kaduna,Kaduna South,77c84a745dfc622a,2025-01-04 08:15:00,8,5,True
017046ac-5b06-4de1-b10b-19ec452441f8,CUS-00183,140.62,mobile_money,Kebbi,Kebbi-Central,27a352a0e28b8fda,2025-01-04 08:23:00,8,5,True
41e40cb4-e736-44e7-aa32-f2d5552a4a7e,CUS-00183,318.79,ussd,Kebbi,Kebbi-Central,27a352a0e28b8fda,2025-01-04 08:29:00,8,5,True
ac3a35ba-5a2e-4d2c-8bbf-61dbd1cf56f3,CUS-00183,262.26,mobile_money,Kebbi,Kebbi-Central,27a352a0e28b8fda,2025-01-04 08:39:00,8,5,True
524f56bf-ed49-4885-80c3-f92282dfd341,CUS-01977,2511.45,bank_transfer,Rivers,Port-Harcourt,02673b590c313531,2025-01-04 08:40:00,8,5,True
c740371a-3aeb-4dff-afc5-1ba4b5d20aa1,CUS-00066,259772.3,bank_transfer,Lagos,Eti-Osa,d59b6fcd5f147bb2,2025-01-04 08:42:00,8,5,True
6ab5c323-a5f1-4a47-8292-e3d70f434aa7,CUS-00183,206.62,mobile_money,Kebbi,Kebbi-Central,27a352a0e28b8fda,2025-01-04 08:45:00,8,5,True
79e22df3-f4f2-48c1-97ad-96a369098e96,CUS-00183,110.8,pos,Kebbi,Kebbi-Central,27a352a0e28b8fda,2025-01-04 08:53:00,8,5,True
94a5cace-3384-4a37-b257-6d889df8147b,CUS-00557,3468.17,pos,Lagos,Oshodi-Isolo,07fc4697d947a08e,2025-01-04 09:03:21,9,5,False
240c6946-dbfa-403d-9f37-6e52fd2a19d8,CUS-01689,4256.36,pos,Kwara,Kwara-Central,db07aa24ceea0121,2025-01-04 09:05:14,9,5,False
c1bff44b-b4db-4782-89f1-44cd79b59db4,CUS-00921,4371.18,mobile_money,Abuja FCT,Bwari,c65673b7915bf99e,2025-01-04 09:05:54,9,5,False
a2e6a355-aba3-4f6a-a8e0-61fe1dbea6bc,CUS-00634,333.82,mobile_money,Lagos,Ikorodu,c8a3eeb50a3ac3d7,2025-01-04 09:16:26,9,5,False
91e37b80-cf90-4750-8f44-20fe0c0b76a0,CUS-00400,327.8,pos,Lagos,Ikorodu,5a7139589bfd1fa4,2025-01-04 09:20:45,9,5,False
7641907a-1e80-4c1f-ad93-4addcf2160a2,CUS-00509,3761.25,mobile_money,Ondo,Ondo-Central,9fd6e0c80e26c585,2025-01-04 09:22:57,9,5,False
5687d6b5-472f-4702-b190-3e509df1a7cf,CUS-01707,4323.52,pos,Lagos,Lagos Mainland,9fd922cd16970c90,2025-01-04 09:23:12,9,5,False
d572ff6a-86bc-4084-b67f-9d5d97031de4,CUS-01918,205584.41,mobile_money,Rivers,Obio-Akpor,77c214633aa5475a,2025-01-04 09:25:29,9,5,False
fea96685-2a6b-4614-aa38-ff5c5c713790,CUS-00301,512.9,bank_transfer,Oyo,Ogbomoso,4acd84f2fa7ac6df,2025-01-04 09:25:43,9,5,False
28e0b95f-7909-4e4c-a7d1-5664239ad6cb,CUS-00697,93.07,pos,Oyo,Ibadan North,3a7a3a30be3ac3f4,2025-01-04 09:29:35,9,5,False
4b7f769f-b65b-4e21-8193-b3ce00197331,CUS-00922,54.45,mobile_money,Nassarawa,Nassarawa-Central,4de90312f1d9291c,2025-01-04 09:32:43,9,5,False
24cb7c72-4b10-465c-b720-14dc0010cc25,CUS-01001,80877.67,mobile_money,Oyo,Ibadan South-West,537f88949a0d8fb6,2025-01-04 09:32:59,9,5,False
77fda0cb-c4c7-407b-8fbe-bd0df4547d80,CUS-00491,635.33,mobile_money,Enugu,Enugu North,e00eb35a370ee76b,2025-01-04 09:33:59,9,5,False
4053e8ba-299f-4b47-9ab4-ba58c8e8de89,CUS-00111,268.35,pos,Lagos,Surulere,b4139af7343c44e3,2025-01-04 09:34:56,9,5,False
7239f4d5-500f-4fa7-80a2-47a161a503ab,CUS-01669,37673.29,bank_transfer,Plateau,Plateau-Central,07569bc15837dad6,2025-01-04 09:40:42,9,5,False
ce4cc3fb-aba5-4ff7-a506-f12041c1e388,CUS-01977,890777.23,pos,Rivers,Oyigbo,02673b590c313531,2025-01-04 09:48:00,9,5,True
1a95b360-08b0-4d65-9d8e-579eec36367e,CUS-00524,450.0,mobile_money,Bauchi,Bauchi-Central,426c573269cc321a,2025-01-04 09:48:30,9,5,False
9523401d-51d9-495f-ac31-234e12acaf92,CUS-00149,42883.45,mobile_money,Kano,Fagge,ab33a8613e43d0f0,2025-01-04 09:49:56,9,5,False
ce5f98fb-b950-43c8-87a7-7a481373ed96,CUS-01977,571288.9,pos,Rivers,Port-Harcourt,02673b590c313531,2025-01-04 09:51:00,9,5,True
16b3e5af-4a99-4e76-86d6-86607d069314,CUS-01106,3453.46,mobile_money,Rivers,Oyigbo,fa541b676a9458f8,2025-01-04 09:51:33,9,5,False
3da7479c-17ea-4abd-971e-1809e76860a8,CUS-01801,389.29,mobile_money,Osun,Osun-Central,8f779f94f9d34410,2025-01-04 10:00:00,10,5,True
1fadcf5a-d618-4da1-85ae-1fa997df3a76,CUS-01487,84310.75,pos,Edo,Ikpoba-Okha,8b29f537a5dc9bb1,2025-01-04 10:11:22,10,5,False
d2966e56-dd27-438d-8a66-bce04f186cba,CUS-00649,55703.72,bank_transfer,Abuja FCT,Kuje,3f03ff507eba6113,2025-01-04 10:13:44,10,5,False
7ef448ba-0a43-48fb-b741-a02604041224,CUS-01208,3927.21,bank_transfer,Kano,Dala,e98a5e1c5dd09287,2025-01-04 10:17:27,10,5,False
8d5b834e-76cd-4896-9e03-637de806d86a,CUS-01022,4718.55,mobile_money,Adamawa,Adamawa-Central,11af4afd7dd500b9,2025-01-04 10:22:00,10,5,False
195c39c0-aaca-4e74-b7c4-ab3b7df718c4,CUS-00858,3377.63,pos,Oyo,Oyo East,459418dba78d60fc,2025-01-04 10:22:02,10,5,False
ae70c2e0-dd40-4ce0-ba3c-0d14b3568ce6,CUS-00962,3039.87,pos,Lagos,Kosofe,da8857276f8d9de1,2025-01-04 10:41:20,10,5,False
5527ac5b-f95c-4a28-867d-c13daee5afdf,CUS-01794,50107.5,pos,Lagos,Lagos Mainland,5f6164c790949176,2025-01-04 10:51:55,10,5,False
fe54d3d3-e371-47cd-8e3e-8b9d401c5e4b,CUS-00540,95437.76,mobile_money,Katsina,Katsina-Central,eff3c0ac9d23a694,2025-01-04 10:56:02,10,5,False
0dcd5246-83e3-4334-bec8-4efa1931d8d5,CUS-00447,1540.85,pos,Osun,Osun-Central,d8251f8e1f73bae6,2025-01-04 11:03:49,11,5,False
abf93657-d3b2-47b0-8f7c-e346669ad75c,CUS-00054,3147.29,pos,Kaduna,Kaduna South,77c84a745dfc622a,2025-01-04 11:05:00,11,5,True
9b0c1b97-56ce-444d-a6c2-ceaddda0270c,CUS-01388,371.65,pos,Bayelsa,Bayelsa-Central,64b0cf503a5e25b7,2025-01-04 11:10:28,11,5,False
61957023-5d2c-487c-b495-0402876a4267,CUS-01104,727999.39,pos,Ogun,Ogun-Central,dc32c75fccecfcc9,2025-01-04 11:23:06,11,5,False
63f0c44b-aa4c-449d-a6ce-23fd29157cfd,CUS-01741,3547.15,mobile_money,Ondo,Ondo-Central,dc9d7491b3c3e3a0,2025-01-04 11:24:03,11,5,False
1cef5989-4fa6-46f0-89cd-2bcac1045296,CUS-01801,27404.5,bank_transfer,Osun,Osun-Central,8f779f94f9d34410,2025-01-04 11:26:00,11,5,True
4da53825-5f3b-4cf1-9dd9-0141f2b51aa8,CUS-01332,22600.46,pos,Lagos,Agege,4ca97245da0a0e27,2025-01-04 11:26:07,11,5,False
9949c97a-afef-4f0c-9f87-2d82166ffedb,CUS-01899,114.54,mobile_money,Abia,Abia-Central,4800f88391a66586,2025-01-04 11:33:25,11,5,False
963e1bc0-2afe-464a-845d-ae78cbdb06de,CUS-00054,1430.92,pos,Kaduna,Kaduna South,77c84a745dfc622a,2025-01-04 11:47:00,11,5,True
da259236-30c0-435c-9837-176d25207c81,CUS-00184,637.36,mobile_money,Kano,Tarauni,2612a20c83785e17,2025-01-04 11:49:02,11,5,False
c6f0ad7b-02e1-481e-ab03-06a79ce8ceef,CUS-00582,1198.7,bank_transfer,Abuja FCT,Municipal,5097ab10195e97a2,2025-01-04 11:51:14,11,5,False
33a60b4c-677e-4d7f-b158-c9667d7a7d1c,CUS-01300,3472.09,bank_transfer,Lagos,Alimosho,2c4c0203c97a20fc,2025-01-04 11:51:54,11,5,False
6901996c-07a3-4f82-9f88-56ed4dfa1f81,CUS-01387,1675.52,bank_transfer,Lagos,Ikeja,94ead7a09cb67bfc,2025-01-04 11:52:56,11,5,False
8c25880c-921b-488a-b2de-98238666cf82,CUS-01100,850225.83,pos,Lagos,Surulere,df1461afa6ea20c9,2025-01-04 11:55:28,11,5,False
fdfdb2ce-208e-4e04-a791-01587cd28c41,CUS-01980,272.51,mobile_money,Lagos,Ikorodu,a42dd9da04c1821e,2025-01-04 11:58:37,11,5,False
edc722c1-4472-4b91-a8e0-0019bc849376,CUS-00800,586144.75,mobile_money,Edo,Oredo,2cd1fa6472cd8768,2025-01-04 12:04:20,12,5,False
467bbcd5-25e4-4a3d-abdd-d1ad12d62b73,CUS-00819,275.37,pos,Kano,Tarauni,2dbc5cf713264b24,2025-01-04 12:07:49,12,5,False
28e155f1-7d1b-4393-b22c-913ff19d348a,CUS-00613,87370.08,mobile_money,Lagos,Alimosho,ad26363bc4d3b3d8,2025-01-04 12:09:39,12,5,False
bab88d65-24dd-4287-97e2-4e42f6392cd7,CUS-01801,64407.51,ussd,Osun,Osun-Central,8f779f94f9d34410,2025-01-04 12:12:00,12,5,True
d52b00d0-ca71-456b-a236-2ec7a9ef3b2a,CUS-01477,67345.34,bank_transfer,Kwara,Kwara-Central,0c69db5eca4b3cc2,2025-01-04 12:23:44,12,5,False
2bbb46fb-3904-4484-9100-71fc437c54e0,CUS-00054,91289.21,bank_transfer,Kaduna,Kaduna North,77c84a745dfc622a,2025-01-04 12:24:00,12,5,True
2c09dd1b-bf59-48e7-aec3-98efadf2e10c,CUS-00022,89167.85,ussd,Kano,Kumbotso,790afffe6907fb50,2025-01-04 12:28:14,12,5,False
4b38f969-70de-4d42-9f9a-2b851407c505,CUS-00009,61871.66,bank_transfer,Edo,Oredo,792f9fd82adeeeda,2025-01-04 12:32:47,12,5,False
e9a5d1aa-c310-43e5-b573-086058d3990d,CUS-00054,11050.36,ussd,Kaduna,Kaduna South,77c84a745dfc622a,2025-01-04 12:40:00,12,5,True
e1340b12-a615-4593-8aef-e0a16e64f3b2,CUS-00054,168222.61,bank_transfer,Kaduna,Zaria,77c84a745dfc622a,2025-01-04 12:41:00,12,5,True
2d7e9ee4-d619-49b9-a00f-3a093c3c768b,CUS-01516,3703.83,pos,Delta,Uvwie,a32bab6da33eca58,2025-01-04 12:41:44,12,5,False
9f57b091-722c-4733-87ad-c9805a92924e,CUS-00640,1081.72,pos,Lagos,Ikorodu,163d4591d5cbbc5e,2025-01-04 12:46:20,12,5,False
7f4d6234-dc56-4b97-a233-289fd1523ec7,CUS-01412,496898.22,bank_transfer,Kano,Kumbotso,f6ccae4908f13600,2025-01-04 12:49:00,12,5,True
a469fa6d-9fbc-4244-815d-bd09705365f6,CUS-00361,205.34,bank_transfer,Delta,Uvwie,63ca41fce393271f,2025-01-04 12:50:19,12,5,False
a6abdd0f-efd0-4921-bb40-b32c96652fec,CUS-01006,1732.47,pos,Anambra,Awka South,91de6e8e293c33a0,2025-01-04 12:54:34,12,5,False
4a05f474-3e12-444a-ae2f-fcab898bde2d,CUS-01504,406.73,ussd,Rivers,Eleme,f335f5754e24756b,2025-01-04 13:13:51,13,5,False
eb28ebd9-947e-4732-ba20-88a67dafcc4e,CUS-01523,489805.1,pos,Lagos,Agege,b4e06f3228683e87,2025-01-04 13:21:09,13,5,False
3096c4fd-e9a7-488c-aec7-9c98f18ba718,CUS-00679,1324.12,bank_transfer,Zamfara,Zamfara-Central,7e25cc8d75f3b759,2025-01-04 13:21:51,13,5,False
1d7b6c52-2f18-4b90-a64b-624559812838,CUS-00253,410.55,mobile_money,Kano,Dala,9ff58e403109ef30,2025-01-04 13:23:37,13,5,False
fd258e77-78fe-4c42-8306-4a129e47da83,CUS-00914,154.83,pos,Oyo,Oyo East,42ac2c60f8f7aa0a,2025-01-04 13:28:57,13,5,False
fed3640a-bb18-4da9-850c-acbbeb3baf11,CUS-01801,449.06,bank_transfer,Osun,Osun-Central,8f779f94f9d34410,2025-01-04 13:34:00,13,5,True
9b8a2241-fc2f-48ae-8d39-80f08b49f9cd,CUS-01478,249.85,bank_transfer,Imo,Imo-Central,4507ac80375043f6,2025-01-04 13:39:24,13,5,False
1d32399e-fb33-4733-8bdf-1b6fd84ab222,CUS-01896,74892.77,pos,Kaduna,Kaduna North,6c0c831c8a5b6324,2025-01-04 13:40:07,13,5,False
66898a20-4fa2-43ac-b0db-4dc11c381789,CUS-00066,16969.81,pos,Lagos,Alimosho,d59b6fcd5f147bb2,2025-01-04 13:47:25,13,5,False
cc187904-9078-4eab-855d-7b5d79a6a9a4,CUS-01801,2671.34,mobile_money,Osun,Osun-Central,8f779f94f9d34410,2025-01-04 13:50:00,13,5,True
1fa8f391-af10-4b94-9ceb-0e35d8ffaa6c,CUS-01353,3078.2,pos,Ondo,Ondo-Central,50b981c8ef346316,2025-01-04 13:50:46,13,5,False
14075f30-f051-4a96-994a-07e1adde962b,CUS-01972,438.53,pos,Kano,Kumbotso,148853bb0db7c749,2025-01-04 13:59:23,13,5,False
a0919096-a8bd-40ee-b01f-4dcd30da3971,CUS-01220,95217.48,bank_transfer,Katsina,Katsina-Central,a6368f9dab3152f7,2025-01-04 14:00:54,14,5,False
0d220eb5-4c76-4c6a-b7c7-8313382efd2d,CUS-00207,3460.7,ussd,Delta,Oshimili South,4fe56fe2feb81f6a,2025-01-04 14:02:39,14,5,False
c6846f6e-9ce4-44cb-9f51-5255146c8c1a,CUS-01461,180302.51,pos,Delta,Oshimili South,1f5002689c96a0c3,2025-01-04 14:25:15,14,5,False
6bae6ea3-12ed-46ad-9ded-2a968a14f952,CUS-01034,1948.7,pos,Lagos,Eti-Osa,4b0acf007c963eb1,2025-01-04 14:37:18,14,5,False
9907b4a1-a137-4b22-b1cb-273017bb379a,CUS-00981,99299.13,pos,Abia,Abia-Central,1c34e83bf8e6a0ff,2025-01-04 14:42:19,14,5,False
67a0cd2f-7be0-4faf-98f8-9bef3de550e3,CUS-00978,4372.54,mobile_money,Abuja FCT,Municipal,b1eac8f3eae27cb3,2025-01-04 14:43:50,14,5,False
7c593b04-e1c8-469c-b82b-179e3e4ed141,CUS-00158,107.03,bank_transfer,Lagos,Ikeja,917312f18359f92b,2025-01-04 14:56:30,14,5,False
621f3976-af4f-4a9c-a19b-d941dc0080a3,CUS-01265,1047.98,pos,Lagos,Kosofe,3aa6fe9b92916bd6,2025-01-04 15:05:57,15,5,False
09c427b3-6794-4472-bc06-b0f8be084e7b,CUS-00011,468.73,mobile_money,Bayelsa,Bayelsa-Central,b9f6cefb5c85d533,2025-01-04 15:07:36,15,5,False
6116e350-6801-4903-8fe7-ea6a90e995cb,CUS-00576,420.14,card,Lagos,Mushin,889483354ede0f98,2025-01-04 15:10:28,15,5,False
7f52f0d9-b0d0-481f-9ce0-b5d027d9b6ca,CUS-00037,1775.51,pos,Lagos,Ikeja,72ae7fb6dfe605ed,2025-01-04 15:13:27,15,5,False
40bd4501-80dd-407c-8083-291fabe378b4,CUS-01572,351.96,mobile_money,Osun,Osun-Central,3344b7d8ce1fd7e7,2025-01-04 15:16:21,15,5,False
b25048d0-337e-4d68-b98e-f499c35ba248,CUS-00649,30794.98,bank_transfer,Abuja FCT,Municipal,3f03ff507eba6113,2025-01-04 15:16:22,15,5,False
12bba11f-0ffd-4c96-aeb9-b256871d4713,CUS-00581,226.83,ussd,Ekiti,Ekiti-Central,776ab7b687026c79,2025-01-04 15:19:23,15,5,False
977098fe-bfe8-4214-af56-06f578fe63ed,CUS-01238,51.35,bank_transfer,Akwa Ibom,Akwa Ibom-Central,4f2883e80ffbe344,2025-01-04 15:20:55,15,5,False
acf7fecd-c9fb-48ab-87a7-ea2872262ebe,CUS-00287,41398.06,pos,Oyo,Ibadan South-West,afbcc0122e2768f4,2025-01-04 15:22:59,15,5,False
5c21f9a7-2f42-4473-a79d-aac360154591,CUS-01251,57446.94,pos,Abuja FCT,Bwari,5a175e48ff0f0f21,2025-01-04 15:23:04,15,5,False
2f144af2-aed8-4847-abbb-c3ef1e26fec0,CUS-01577,3257.01,bank_transfer,Delta,Warri South,9fb196909d1c3443,2025-01-04 15:31:32,15,5,False
ba100817-c5a5-4f2d-a424-cd2c32f19479,CUS-00054,3796.22,pos,Kaduna,Kaduna South,77c84a745dfc622a,2025-01-04 15:32:00,15,5,True
de9ba4d4-49a3-4968-88e2-9bddea1da1ec,CUS-01013,309.45,pos,Lagos,Surulere,85964e557da03c0d,2025-01-04 15:36:17,15,5,False
dcf19065-bc26-4d86-8912-86d07fef5b52,CUS-01977,799.42,card,Rivers,Eleme,02673b590c313531,2025-01-04 15:37:00,15,5,True
4c0e3269-1665-4e70-a4cd-91d8eee97b01,CUS-00776,1208.59,pos,Lagos,Alimosho,ee819ec07e84bdd2,2025-01-04 15:37:31,15,5,False
451f91d2-e554-4994-aec0-b721837fa34c,CUS-01796,141.57,bank_transfer,Ondo,Ondo-Central,35497b8b7e62e84e,2025-01-04 15:39:35,15,5,False
d6786ad0-565b-42b4-a93d-fed67a81b452,CUS-00841,2197.61,mobile_money,Delta,Uvwie,8f8993c755fc5846,2025-01-04 15:39:41,15,5,False
2b93ca05-e7d4-4f7e-9e68-4a714eeff7fa,CUS-00350,14594.3,mobile_money,Abuja FCT,Municipal,b27e4fcd31057a4f,2025-01-04 15:49:06,15,5,False
aae63118-08fe-420b-92ab-a313a9161cfa,CUS-01098,3723.48,pos,Abia,Abia-Central,311eb4d69dc7f861,2025-01-04 15:51:00,15,5,False
8ae33a1f-e42c-4962-97eb-c8c7864a9fbc,CUS-01172,217.54,pos,Enugu,Nsukka,8fab45462ee28d2f,2025-01-04 16:08:56,16,5,False
69c4a940-c91f-4184-b9f6-12bdb1d35bfe,CUS-01977,49062.37,mobile_money,Rivers,Oyigbo,02673b590c313531,2025-01-04 16:09:00,16,5,True
638e105e-a417-4c22-97f5-8b4b45182403,CUS-00039,78803.06,pos,Rivers,Oyigbo,6a7f7ee1f5a1712f,2025-01-04 16:09:04,16,5,False
75b3aec8-dc77-41d5-954b-84b0b950d62c,CUS-00255,363.24,bank_transfer,Oyo,Ogbomoso,dcacaf3c9934b195,2025-01-04 16:10:48,16,5,False
c8a15c00-70c2-4f8f-b12f-d365da173014,CUS-01011,74181.11,pos,Ogun,Ogun-Central,cce9d1e841c327a7,2025-01-04 16:36:59,16,5,False
e35595b3-c2f9-43c1-8f4f-507fe0c88816,CUS-01444,943.02,card,Zamfara,Zamfara-Central,8a832c116325ac82,2025-01-04 16:37:51,16,5,False
680c715c-f3f1-4d75-9890-89434f5cb933,CUS-01017,16790.6,bank_transfer,Oyo,Ibadan South-West,f8aac67eec4ac97e,2025-01-04 16:38:54,16,5,False
c82cb029-6d31-445b-b7eb-62ba96b2361e,CUS-00886,13599.32,bank_transfer,Delta,Warri South,33d61bca358de42a,2025-01-04 16:39:10,16,5,False
cd01dea6-772a-4769-8d16-4e801621ee00,CUS-00991,1897.64,mobile_money,Edo,Egor,ef4fc1417ee3e00f,2025-01-04 16:40:21,16,5,False
f7fae4f9-2613-4096-8036-c6d2a676d6d5,CUS-00241,25892.67,pos,Katsina,Katsina-Central,719378d0a548c057,2025-01-04 16:51:13,16,5,False
ab7bc493-75a0-4e79-9f31-d147ae85449b,CUS-01935,4045.45,bank_transfer,Benue,Benue-Central,beac29344830dd2f,2025-01-04 16:52:24,16,5,False
260a0c82-b228-4b8e-a42e-f3652b9a4cc6,CUS-01701,2863.38,mobile_money,Rivers,Port-Harcourt,0339e824793d49a0,2025-01-04 16:58:34,16,5,False
9af76da9-e690-4a71-8689-e9ba93159b8c,CUS-00680,2290.08,pos,Plateau,Plateau-Central,eed8abc82abd7d4d,2025-01-04 17:05:38,17,5,False
ba12be6d-77b9-403d-8d01-329f1396e18c,CUS-01032,4484.83,mobile_money,Lagos,Eti-Osa,3465e7c29e8ade80,2025-01-04 17:10:52,17,5,False
eb8eecf4-1dab-421d-afaf-732b74893521,CUS-01801,479.82,card,Osun,Osun-Central,8f779f94f9d34410,2025-01-04 17:22:00,17,5,True
159f237d-3cc1-42cb-ab1b-8bd9ff4696ad,CUS-01556,1937.33,pos,Kaduna,Zaria,c43fb64fc547fd6f,2025-01-04 17:23:24,17,5,False
06dd35d8-0acc-481f-b94a-4930e384f2de,CUS-01353,3821.01,bank_transfer,Ondo,Ondo-Central,50b981c8ef346316,2025-01-04 17:25:12,17,5,False
e810036d-f133-4bbb-b31d-740d32cfb108,CUS-00958,525855.93,pos,Lagos,Lagos Mainland,567a029e445837e0,2025-01-04 17:30:04,17,5,False
92b06ce5-b8c6-4a8c-a904-ff9352783af4,CUS-00277,807139.05,pos,Delta,Uvwie,05fd2ce1901ce713,2025-01-04 17:34:47,17,5,False
0f863e4e-4d4c-48e0-8bd2-802555747c95,CUS-01441,3559.76,bank_transfer,Lagos,Ikeja,d64b70861a0a4512,2025-01-04 17:36:42,17,5,False
1de728fd-9a15-4433-b0f2-27af940b6066,CUS-00616,231.58,pos,Lagos,Ikeja,8470760c8e9d2523,2025-01-04 17:43:16,17,5,False
315f36be-6f48-4aac-99cf-4bbafe1c4c48,CUS-01414,1080.12,mobile_money,Oyo,Ibadan North,d4d3c0f8c47d790d,2025-01-04 17:44:17,17,5,False
6e8c145e-393e-4e19-a7f5-ed3a38e6f3d8,CUS-01451,48748.37,mobile_money,Enugu,Nsukka,98ecba8511085cb7,2025-01-04 17:48:46,17,5,False
3c6abbdf-b452-44a0-898a-721b4ee203a3,CUS-01935,1571.84,mobile_money,Benue,Benue-Central,beac29344830dd2f,2025-01-04 17:53:30,17,5,False
f54d09f3-59ce-4798-b93a-4911eafa3d9c,CUS-00327,18649.48,pos,Kaduna,Zaria,83677903174a360f,2025-01-04 18:01:31,18,5,False
5304c89d-f3f4-47aa-b82f-3ee103832fff,CUS-00161,1327.33,bank_transfer,Enugu,Enugu North,60cf3886193024a7,2025-01-04 18:06:08,18,5,False
568e7272-c0db-47d9-94cc-14e67d07b023,CUS-01241,355.15,bank_transfer,Abia,Abia-Central,6a842683f72bdf4b,2025-01-04 18:11:33,18,5,False
1ecfd583-f685-4188-acbe-bc8ca764270a,CUS-01977,98397.69,bank_transfer,Rivers,Eleme,02673b590c313531,2025-01-04 18:26:00,18,5,True
874dc750-e8d5-4594-a8aa-1012d4c3a5dc,CUS-01801,98389.23,pos,Osun,Osun-Central,8f779f94f9d34410,2025-01-04 18:37:00,18,5,True
ee4eef28-b0fc-4dd1-a4ab-e4b9ed28cebc,CUS-00301,9762.01,bank_transfer,Oyo,Ogbomoso,4acd84f2fa7ac6df,2025-01-04 18:47:36,18,5,False
6460fd44-76d4-43c5-bacc-e15c15048ee0,CUS-01977,17548.18,pos,Rivers,Obio-Akpor,02673b590c313531,2025-01-04 18:48:00,18,5,True
2e259672-095b-409c-a03a-65a46f9b549d,CUS-00149,4427.58,mobile_money,Kano,Kumbotso,ab33a8613e43d0f0,2025-01-04 18:48:29,18,5,False
b43ac785-f7ea-4edc-bc1e-2d5c292cb6ac,CUS-01864,178.62,pos,Ogun,Ogun-Central,30d210bf341300b3,2025-01-04 18:53:54,18,5,False
8db575ad-f456-4a10-b00f-1fe7d2c4eeeb,CUS-00480,78642.72,pos,Enugu,Enugu East,6c46edee448434ad,2025-01-04 19:06:00,19,5,False
1b610495-8af8-4227-af08-dc7e99fb8ff2,CUS-00386,72936.7,pos,Kano,Fagge,273baa91f71df6fc,2025-01-04 19:11:27,19,5,False
a9ba4328-6b94-48af-bee5-f7fb87e3b93b,CUS-00913,864262.22,card,Rivers,Eleme,80a5f367f2b19e45,2025-01-04 19:23:26,19,5,False
40ee8059-ab26-4fcf-97d7-d54c7173de78,CUS-00208,324.75,pos,Lagos,Oshodi-Isolo,08eee00617f1ad2c,2025-01-04 19:29:02,19,5,False
14dc7820-2f09-40a1-a9bf-718c98c299df,CUS-00940,19655.59,pos,Kano,Kumbotso,d775c49123cefbad,2025-01-04 19:31:51,19,5,False
caef8ca2-1355-4a10-a00c-02a0b634aacc,CUS-00145,1527.27,mobile_money,Lagos,Mushin,9e508b130921c688,2025-01-04 19:40:24,19,5,False
a9f20e95-44be-4040-8188-f81173eb323f,CUS-00615,2023.84,pos,Adamawa,Adamawa-Central,70794346772b0ba7,2025-01-04 19:53:08,19,5,False
cc91b057-4bf2-4bba-b397-c57eaa1a5242,CUS-00734,57351.59,ussd,Kano,Gwale,9450c2933d9e8fbb,2025-01-04 20:00:57,20,5,False
2c545394-75ce-4b90-8684-8a68a65f5b13,CUS-01175,175.9,pos,Oyo,Ibadan South-West,576106d204850a52,2025-01-04 20:03:20,20,5,False
e8b9e765-1e91-4e1e-aa30-78f41f91a3cc,CUS-00009,75751.32,bank_transfer,Edo,Ikpoba-Okha,792f9fd82adeeeda,2025-01-04 20:05:13,20,5,False
910c5cf8-d4c6-4de5-bb1d-07651c38b4e6,CUS-01996,1921.0,pos,Cross River,Cross River-Central,1c2e0e7a6f265ff1,2025-01-04 20:06:15,20,5,False
6026c234-189a-4e83-bb5e-245b9eae2b55,CUS-00133,174.64,bank_transfer,Kano,Nassarawa,48bed95f602bfd50,2025-01-04 20:08:40,20,5,False
5930d430-0fe1-483e-bbb0-94ae1a9cced1,CUS-00287,5989.63,pos,Oyo,Ibadan North,afbcc0122e2768f4,2025-01-04 20:19:19,20,5,False
ac69c550-0dbe-412c-8a8a-36a30b500eea,CUS-01207,2319.17,mobile_money,Abuja FCT,Gwagwalada,93ede341308bf1fb,2025-01-04 20:23:37,20,5,False
df3ba7f5-278b-4d48-a961-0339f5e70552,CUS-01655,312.29,pos,Gombe,Gombe-Central,ee689fc86d725bb6,2025-01-04 20:34:05,20,5,False
5786d52c-6de4-4e43-828c-2363f261afa9,CUS-00106,45652.06,ussd,Rivers,Eleme,6a04b71095cc9970,2025-01-04 20:34:24,20,5,False
bb6ec71c-b911-4268-a022-2bb2dc0d7eae,CUS-01800,66.49,pos,Cross River,Cross River-Central,495085d7be707495,2025-01-04 20:40:39,20,5,False
877ecba1-6d82-4e2e-9d54-4e266e79bd91,CUS-00201,460.36,pos,Lagos,Agege,39439305fe5c2f64,2025-01-04 20:40:43,20,5,False
1955afc4-452c-427f-8382-e3876ce0caf4,CUS-01958,332.69,pos,Enugu,Nsukka,35d71c040875cc99,2025-01-04 20:47:24,20,5,False
e6eed0d4-5cb7-4ac8-8845-fe72925171a1,CUS-01801,147.0,pos,Osun,Osun-Central,8f779f94f9d34410,2025-01-04 20:48:00,20,5,True
e9791992-7a03-4f07-a78f-952fc2823105,CUS-01576,848472.15,pos,Lagos,Eti-Osa,7bae466cfc2d3e32,2025-01-04 20:49:49,20,5,False
6e923a45-e646-4afd-8c56-1dd92277b193,CUS-01399,578022.88,bank_transfer,Edo,Oredo,916b72d708a6954a,2025-01-04 20:50:15,20,5,False
2f54af69-85c0-4f03-b071-9496980e43b7,CUS-00683,508934.12,pos,Anambra,Nnewi North,792417d8a46fd0a5,2025-01-04 20:55:03,20,5,False
a73451f2-9f14-45e8-a18b-5833dfe48df2,CUS-00110,441.35,ussd,Kano,Fagge,ec463c226c5edd40,2025-01-04 21:01:15,21,5,False
636f6145-5f54-4746-b52f-6edbcafb00a4,CUS-01801,640444.32,mobile_money,Osun,Osun-Central,8f779f94f9d34410,2025-01-04 21:05:00,21,5,True
d22d569e-dd3f-4414-9613-da83f59f704c,CUS-00857,933209.69,pos,Abuja FCT,Bwari,5dc9fa146e46a351,2025-01-04 21:22:15,21,5,False
c86a6b43-3ca3-4fe3-b441-a590a183e0e2,CUS-00699,410136.94,mobile_money,Abuja FCT,Bwari,4d53a36d0b28e08f,2025-01-04 21:24:12,21,5,False
404c99c9-ea74-4fe3-b899-1803ab206aa2,CUS-01110,475.1,bank_transfer,Benue,Benue-Central,de55f481afab91fe,2025-01-04 21:27:15,21,5,False
103fc3c2-21dd-4b60-91bd-97fa7ec46ec2,CUS-01962,2132.01,pos,Bauchi,Bauchi-Central,d70390a3e9a87b2e,2025-01-04 21:30:44,21,5,False
f033a784-dfd0-49c0-b401-06b0eb3a9af8,CUS-00054,3078.67,mobile_money,Kaduna,Kaduna North,77c84a745dfc622a,2025-01-04 21:34:00,21,5,True
37233689-c762-4eb5-a519-80688eff642c,CUS-01491,270.04,bank_transfer,Rivers,Port-Harcourt,051469751774e3bd,2025-01-04 21:57:01,21,5,False
36c41cfe-7101-4b51-a8a3-ec8e77f2a230,CUS-01440,80756.61,pos,Bayelsa,Bayelsa-Central,497e2d0a46fe1877,2025-01-04 21:57:08,21,5,False
7484e9eb-9a59-4ed6-809e-b00f7469c580,CUS-00593,2767.9,bank_transfer,Kano,Kumbotso,25ef0841b83617a6,2025-01-04 23:03:59,23,5,False
3c24001b-7725-4fb6-92ba-cfeb07d8b412,CUS-01087,544049.0,bank_transfer,Lagos,Ikorodu,24a0342350f1093d,2025-01-05 00:05:00,0,6,True
d3b0f8b1-e8f9-4422-ac86-8752be9a760d,CUS-00230,263.63,mobile_money,Imo,Imo-Central,cc3a0030906ccc15,2025-01-05 00:26:11,0,6,False
abea4ad5-3318-410e-93cb-b1667497468c,CUS-00352,308704.02,bank_transfer,Delta,Uvwie,706a4390dda24c86,2025-01-05 01:08:00,1,6,True
dc2eb19f-1f6e-4edb-bbfc-78e0c525c503,CUS-01210,732213.31,bank_transfer,Rivers,Eleme,0e27aca8e7040c91,2025-01-05 02:49:00,2,6,True
d1b31fe9-bf5e-4fb2-8eb8-1905f44c13c9,CUS-01420,428908.98,mobile_money,Kano,Tarauni,eff694d3bbf74ab9,2025-01-05 03:06:15,3,6,False
31d00d0f-bf6a-48d2-8f8c-26d75cd49b7b,CUS-00611,186198.38,bank_transfer,Imo,Imo-Central,4fd5ba40c68d9677,2025-01-05 03:42:00,3,6,True
0fb5160c-390b-4167-8f11-1d247221d938,CUS-01265,212.47,pos,Lagos,Oshodi-Isolo,3aa6fe9b92916bd6,2025-01-05 04:06:54,4,6,False
4f1f4eed-378b-45fb-af2b-35c0c34d3f66,CUS-00693,87.94,bank_transfer,Lagos,Eti-Osa,e9162dca20df60af,2025-01-05 06:09:31,6,6,False
72798f73-dcc7-46a8-bb5f-ca815efb1e4e,CUS-01723,462.07,pos,Lagos,Agege,b8469a7d5c27212d,2025-01-05 07:03:00,7,6,True
dd0d447a-9737-465e-9875-a814e70f6c2a,CUS-01723,94273.6,bank_transfer,Lagos,Eti-Osa,b8469a7d5c27212d,2025-01-05 07:39:00,7,6,True
961cafaa-1834-4b84-a978-af861090d684,CUS-00754,28741.4,ussd,Lagos,Ikorodu,050f9e3bad7016e4,2025-01-05 08:36:03,8,6,False
592317a0-9402-4913-b3ef-9b2020c55c66,CUS-01333,2613.36,pos,Kano,Tarauni,c2c02e62ca91cd6f,2025-01-05 09:00:00,9,6,True
796feaee-8e3c-4860-8321-33489e73a91e,CUS-00864,343.68,bank_transfer,Rivers,Oyigbo,82023b8e0030d2ad,2025-01-05 09:05:16,9,6,False
5e2e25fd-f73e-49de-b9ec-822a3c533535,CUS-01723,843376.66,ussd,Lagos,Agege,b8469a7d5c27212d,2025-01-05 09:06:00,9,6,True
a9d6bb0a-30e7-44d4-b9bd-bbc697ce9377,CUS-00660,842.27,bank_transfer,Kano,Fagge,8c6878b8b463d522,2025-01-05 09:12:48,9,6,False
660dcbb9-6dff-4807-afc7-39ac4b74a9b7,CUS-01761,51718.07,mobile_money,Borno,Borno-Central,dc00833fab7bb6be,2025-01-05 09:17:18,9,6,False
5b37f6f6-f2b2-49cd-bc21-e052c85999a3,CUS-01326,301518.86,mobile_money,Lagos,Eti-Osa,d91f349461d4c224,2025-01-05 09:18:01,9,6,False
68992ecb-8601-4036-8387-cccf7c2d8883,CUS-01333,22686.59,pos,Delta,Uvwie,c2c02e62ca91cd6f,2025-01-05 09:22:00,9,6,True
d27e5c83-ba91-4329-8287-be475a3ef715,CUS-01183,3073.74,pos,Yobe,Yobe-Central,107d30a4e2840ced,2025-01-05 09:22:25,9,6,False
44b87897-2448-43c3-a065-4ee48c23f7e7,CUS-00851,618708.71,pos,Osun,Osun-Central,a241b39179d8b34d,2025-01-05 10:00:24,10,6,False
faa54d47-4c8e-41b2-8ecd-516b56c79986,CUS-00533,29045.2,pos,Oyo,Ibadan South-West,ed52fa7157600cd1,2025-01-05 10:06:56,10,6,False
e240a2fd-a4cc-4e14-bca5-b7208f0aa0b4,CUS-00019,12022.02,mobile_money,Kano,Nassarawa,c2b7b5602cd271f8,2025-01-05 10:17:46,10,6,False
2f160080-e53d-479d-86c8-9653630e9c71,CUS-00182,28152.72,pos,Adamawa,Adamawa-Central,1ec1fbe050eb7edd,2025-01-05 10:21:36,10,6,False
d7db42ec-4bca-424a-982a-3f1ff80e0e03,CUS-00680,351.07,pos,Plateau,Plateau-Central,eed8abc82abd7d4d,2025-01-05 10:28:02,10,6,False
c1f8b9fa-2eaa-46af-b4e1-433a72613ab7,CUS-01283,118.14,ussd,Lagos,Ikeja,c5bbd7ccda625b32,2025-01-05 10:31:46,10,6,False
e0028f6e-67e6-4984-a00a-0bc0a12510c9,CUS-00996,1049.13,pos,Taraba,Taraba-Central,7a9b7dbe88f4f124,2025-01-05 10:34:05,10,6,False
140eb395-5901-4348-9c61-1d233051d82a,CUS-01871,61167.83,pos,Lagos,Lagos Mainland,ea23fad9d6052bfe,2025-01-05 11:03:08,11,6,False
1c0307cb-3b0b-47f8-ba60-6b91c2d797f8,CUS-01017,43499.84,bank_transfer,Oyo,Ibadan South-West,f8aac67eec4ac97e,2025-01-05 11:16:45,11,6,False
7ce7f582-737d-4d40-ab64-9c9968bdfe96,CUS-00384,445.49,pos,Osun,Osun-Central,89758c2aa439d576,2025-01-05 11:18:42,11,6,False
1ae4cc9d-6cb7-48f1-b373-0c44a53e7bb0,CUS-00530,1491.46,mobile_money,Benue,Benue-Central,c87ff27a0ddd5155,2025-01-05 11:25:09,11,6,False
9fa155fa-9197-4de9-9aa8-a4a20dd702de,CUS-01830,28931.29,pos,Ekiti,Ekiti-Central,0d66db8252412143,2025-01-05 11:28:00,11,6,False
682005de-81b1-4931-8440-ddda65fe62b2,CUS-00925,16732.13,ussd,Lagos,Surulere,2cefba7709b5a566,2025-01-05 11:34:38,11,6,False
8dce98aa-d89a-4297-a67b-efcd44939d62,CUS-00791,4173.08,card,Kaduna,Zaria,6e4ba221fb73358b,2025-01-05 11:41:21,11,6,False
d3596ded-937e-4d74-a91a-dbb0129c0499,CUS-01042,12432.79,pos,Kano,Tarauni,6d003f247aeb3edf,2025-01-05 12:03:23,12,6,False
01731c51-aae8-47d6-85b3-3d38445e9e73,CUS-01938,98911.73,pos,Abuja FCT,Municipal,cd875704aee05fcf,2025-01-05 12:04:59,12,6,False
8ee953be-2f2b-475f-8e84-551fb23a851e,CUS-01527,1383.5,pos,Kano,Fagge,1525da85020e4792,2025-01-05 12:16:20,12,6,False
26850ac0-5419-4768-a963-5e2211aa7e69,CUS-01125,1759.17,bank_transfer,Oyo,Ibadan South-West,b63037c4f1608ebc,2025-01-05 12:21:58,12,6,False
bb75ee08-e25b-4bdb-97cb-5e0609b03004,CUS-01391,317.24,ussd,Lagos,Oshodi-Isolo,70e5fcb5aea0673c,2025-01-05 12:34:51,12,6,False
6cf20b3c-e19c-4e50-81eb-270550553406,CUS-01771,9152.94,bank_transfer,Abia,Abia-Central,9bef20b0925967ba,2025-01-05 12:36:59,12,6,False
3f443b1a-0dd0-46ee-a4c7-d2a868806f3f,CUS-00712,962324.31,pos,Abuja FCT,Kuje,0560c126f7848a94,2025-01-05 12:38:19,12,6,False
3aa239e8-e459-47e7-ad74-9bc7c73288a5,CUS-01633,550362.23,pos,Imo,Imo-Central,87d8962f9b1d3d70,2025-01-05 12:43:45,12,6,False
cc72d20e-8fa5-48c8-8ed8-2efd2b8f180e,CUS-00734,36917.14,ussd,Kano,Fagge,9450c2933d9e8fbb,2025-01-05 12:55:15,12,6,False
464cf835-0cd7-4cf3-a7e2-27e63459babc,CUS-01096,820.44,mobile_money,Lagos,Surulere,41d538220b50c361,2025-01-05 12:56:11,12,6,False
f8ae1b25-9d1b-49bc-84ac-8c5c35935cfd,CUS-00750,347088.7,bank_transfer,Lagos,Mushin,5d8a76c1b104c89c,2025-01-05 13:00:00,13,6,True
537fac54-af46-4009-8187-5160407f44e0,CUS-00789,963.28,card,Jigawa,Jigawa-Central,7fe492226e84ff2c,2025-01-05 13:10:51,13,6,False
134077bd-da1a-45d8-8aa5-351b22eaeb32,CUS-00582,16645.37,bank_transfer,Abuja FCT,Municipal,5097ab10195e97a2,2025-01-05 13:13:16,13,6,False
6d96e083-5ab4-4e83-afd4-e2c7057f4188,CUS-01069,97219.63,mobile_money,Kano,Tarauni,b069407252ab93ec,2025-01-05 13:14:23,13,6,False
39c7da74-473a-469b-b4e4-926da1001963,CUS-01046,353.58,bank_transfer,Lagos,Mushin,c52f52dc913fa04c,2025-01-05 13:18:43,13,6,False
8d678a4f-6f24-42e9-aabb-d2bcf2eb677a,CUS-01160,663.23,bank_transfer,Plateau,Plateau-Central,ff647bdc0d9b8867,2025-01-05 13:21:22,13,6,False
ee73338b-b6af-4d75-a936-31a27640c84d,CUS-01410,515.25,bank_transfer,Lagos,Mushin,cb7e9f278717c254,2025-01-05 13:26:20,13,6,False
0777be24-4083-4cef-ba4b-e584a4fec513,CUS-00339,220049.55,bank_transfer,Lagos,Ikeja,293ef86bb3ea45e4,2025-01-05 13:28:14,13,6,False
6eadcdfe-071a-4fe2-aa2a-710ed007250d,CUS-01130,78659.46,mobile_money,Ondo,Ondo-Central,00577bc6026132e0,2025-01-05 13:36:31,13,6,False
6383f0d7-4204-418b-81ec-124e96f08cdc,CUS-01496,4567.78,ussd,Enugu,Nsukka,3ac019d4fb43e753,2025-01-05 13:40:46,13,6,False
53a146c9-420b-48a5-b6c1-c341b3487829,CUS-00628,32401.64,bank_transfer,Lagos,Kosofe,ba556bfeb1b5b580,2025-01-05 13:44:38,13,6,False
a1e03fbd-8512-447e-9464-a234fe6ae07a,CUS-00357,922.18,pos,Kaduna,Zaria,8638c1721d400034,2025-01-05 13:57:11,13,6,False
3b8610a6-20d5-4930-b64f-30cb91708a8b,CUS-00659,64.19,mobile_money,Oyo,Ibadan North,800d4a3c5c4536de,2025-01-05 14:03:37,14,6,False
e276ad1c-01f0-444c-8aff-c648c56031fb,CUS-00405,4667.78,pos,Nassarawa,Nassarawa-Central,4601c42a0f5d4785,2025-01-05 14:03:47,14,6,False
f6ec12c8-92a6-4eeb-93fa-b79cf4825c51,CUS-01293,72047.84,bank_transfer,Anambra,Awka South,114ee9c684964d54,2025-01-05 14:09:46,14,6,False
ce11e4b6-b712-406e-9f34-714669f79a60,CUS-00101,55149.47,bank_transfer,Enugu,Enugu North,0a2033d5ef1404b7,2025-01-05 14:22:01,14,6,False
46397faa-fa30-445c-a580-cbd283d8dda6,CUS-00683,477.63,pos,Anambra,Onitsha North,792417d8a46fd0a5,2025-01-05 14:23:39,14,6,False
2bad82c7-3cb6-490d-a554-059029872624,CUS-00949,656.83,ussd,Kaduna,Kaduna North,d6bcd438a77f6c9d,2025-01-05 14:30:17,14,6,False
2691cff1-d233-4bf0-b08b-52903d46aeb5,CUS-01045,987829.68,mobile_money,Kaduna,Kaduna North,514113e6f764629e,2025-01-05 14:31:37,14,6,False
1c8555de-15cb-488f-af30-0218b61411b0,CUS-00142,97156.13,mobile_money,Abuja FCT,Gwagwalada,105188bd14032836,2025-01-05 14:34:53,14,6,False
5f1eb938-fe35-4dfe-b3d1-a53db323c626,CUS-01796,4166.88,bank_transfer,Ondo,Ondo-Central,35497b8b7e62e84e,2025-01-05 14:34:54,14,6,False
020105f7-ce43-4bca-a2f6-6eeddb48652e,CUS-01582,23539.54,pos,Kaduna,Zaria,9974cfb9c458a97a,2025-01-05 14:41:46,14,6,False
088290fb-2321-440b-b384-d3d0be4ee592,CUS-01063,832900.05,pos,Rivers,Eleme,9e1a89fd42d907c4,2025-01-05 14:45:19,14,6,False
79e7a6f3-199f-49b8-a8d8-142790eb8a3b,CUS-01021,4033.03,bank_transfer,Kano,Dala,a14fbfe3ea501645,2025-01-05 14:53:31,14,6,False
67e69ba2-47e6-4091-81ed-98deba778ef9,CUS-01787,30227.97,bank_transfer,Kaduna,Kaduna North,d28e308dde8dbfd0,2025-01-05 14:53:52,14,6,False
f4f16180-541a-4bd8-8935-4ff792893ccd,CUS-01647,308.59,bank_transfer,Plateau,Plateau-Central,5257b92dfae63a07,2025-01-05 15:01:21,15,6,False
ed807c0e-6e2e-4d11-a4da-2fb3b1dfa261,CUS-00207,86544.3,ussd,Delta,Uvwie,4fe56fe2feb81f6a,2025-01-05 15:17:58,15,6,False
40aafcab-850e-4138-aa0d-e5b473af9d12,CUS-01723,65004.9,ussd,Lagos,Alimosho,b8469a7d5c27212d,2025-01-05 15:21:00,15,6,True
7c424b15-5ac4-48d1-b1f0-03301a11ded0,CUS-00314,50.92,card,Bauchi,Bauchi-Central,eb5cac83407b81c2,2025-01-05 15:33:48,15,6,False
97ef195e-b397-4252-8ae1-196e64bcc0e5,CUS-00809,62832.04,mobile_money,Lagos,Alimosho,db69bf71f5a9ddc6,2025-01-05 15:39:52,15,6,False
a3f608dc-247a-4a4c-bd8a-f25c48eb17fd,CUS-01363,4172.86,pos,Enugu,Nsukka,6e6997728cb47e26,2025-01-05 15:42:29,15,6,False
ed04516d-c79a-4426-a42b-3f7e5a434acf,CUS-01959,2649.24,pos,Imo,Imo-Central,775c01ed3ecbae4c,2025-01-05 15:47:16,15,6,False
176991e2-2ef5-4714-9a3f-8f2b57f80c73,CUS-01967,58420.28,card,Rivers,Eleme,965675831981c69d,2025-01-05 15:49:59,15,6,False
d2940fdd-0ff1-4d7a-b2d4-a2968fd66704,CUS-00284,55690.95,pos,Oyo,Ibadan North,2521b7e3eb4f932c,2025-01-05 15:53:15,15,6,False
058ec996-75d9-4901-9b00-d3aa19c6ad49,CUS-00370,328185.28,mobile_money,Lagos,Kosofe,90ecea92534cd57f,2025-01-05 15:59:53,15,6,False
b04aef5a-11b1-4c67-b4f2-d750fd2ba214,CUS-01442,889235.02,bank_transfer,Anambra,Awka South,5a18b54435835ed9,2025-01-05 16:07:42,16,6,False
0bcf967d-a99d-4eb8-a2f0-8c2e354a278b,CUS-01120,782.78,pos,Niger,Niger-Central,d82a46dd625584cc,2025-01-05 16:12:55,16,6,False
788a63ea-1a19-48ef-bc3c-44d1d530c073,CUS-01723,2125.97,pos,Lagos,Surulere,b8469a7d5c27212d,2025-01-05 16:19:00,16,6,True
265ea3ed-dd89-4a57-92d6-d0080670ccad,CUS-00298,92574.75,pos,Enugu,Enugu East,2a174906e6fcc26b,2025-01-05 16:20:31,16,6,False
6e18f807-43c0-4bde-bc98-264055555011,CUS-00551,722.61,pos,Sokoto,Sokoto-Central,c0cf8f2ba3b42f8e,2025-01-05 16:20:57,16,6,False
daea5663-e4c5-4689-890d-2d4a8f4471d5,CUS-00703,1229.79,card,Lagos,Alimosho,4720b0e4b3263da4,2025-01-05 17:00:00,17,6,True
8fc82482-1cc7-42e6-8963-7aede70217cf,CUS-00989,443901.55,ussd,Plateau,Plateau-Central,9f93c7107d5e5ece,2025-01-05 17:03:06,17,6,False
2498e870-9b6a-4f89-9203-c775ad30ffb2,CUS-00042,761181.65,bank_transfer,Lagos,Surulere,8869723b2e9fcf16,2025-01-05 17:04:22,17,6,False
35852407-1259-4822-b395-e9387614078c,CUS-01723,781425.63,mobile_money,Lagos,Surulere,b8469a7d5c27212d,2025-01-05 17:08:00,17,6,True
7c22f7f9-e0e7-47ad-9d17-91317b4241cd,CUS-01723,375.41,pos,Lagos,Eti-Osa,b8469a7d5c27212d,2025-01-05 17:12:00,17,6,True
bf332b2a-60a6-4c48-9056-410455d5cf5b,CUS-00703,8232.85,pos,Borno,Borno-Central,4720b0e4b3263da4,2025-01-05 17:12:00,17,6,True
0a7411e1-37da-4419-8069-8920feb6b3a2,CUS-00785,21803.88,pos,Kogi,Kogi-Central,6292a14b4f110b8f,2025-01-05 17:21:57,17,6,False
39f2a95a-94d8-4685-8fe7-d52efe190633,CUS-01716,1263.25,pos,Lagos,Oshodi-Isolo,876514bdb0606ae7,2025-01-05 17:36:09,17,6,False
d4c41bba-ed97-405f-a951-2aade786c23a,CUS-00516,95322.76,pos,Rivers,Eleme,a9e4532a82bbee62,2025-01-05 17:40:33,17,6,False
c0299b9a-3564-4f84-b105-371918ca799d,CUS-00918,8676.61,bank_transfer,Kwara,Kwara-Central,402f6978085be2fa,2025-01-05 17:40:53,17,6,False
b7333fd4-cf06-4d75-95aa-b097872d68d8,CUS-00343,2680.7,pos,Rivers,Obio-Akpor,b4a2de98d30936c5,2025-01-05 17:48:03,17,6,False
3bf4d6d7-b2c9-4885-b871-5ffc9e9b3c57,CUS-00546,2082.87,pos,Lagos,Lagos Mainland,b08815097e266c74,2025-01-05 17:56:16,17,6,False
bebe7b73-a9bd-4f41-9416-a34e516f2276,CUS-01557,12603.09,bank_transfer,Rivers,Port-Harcourt,581d8d836fa71304,2025-01-05 18:02:39,18,6,False
de490616-78ee-4577-871d-d5e5f7b0746d,CUS-01666,49588.18,mobile_money,Lagos,Kosofe,e416fb8749bf1c1c,2025-01-05 18:03:51,18,6,False
7a73b880-ae88-42b9-8e7f-d4d0ffa43e92,CUS-00599,86293.15,pos,Lagos,Alimosho,c886c35c1c884c22,2025-01-05 18:04:27,18,6,False
ec6a3b9f-bcc3-4f79-ba2e-c1845044126e,CUS-00306,2153.87,pos,Abuja FCT,Municipal,880be9776e3ab6d8,2025-01-05 18:09:23,18,6,False
1115d75b-bd00-4441-be47-d5764814b2e2,CUS-01023,666937.66,bank_transfer,Bayelsa,Bayelsa-Central,a70b1b3ef8b2136c,2025-01-05 18:11:00,18,6,True
70713e62-2134-4d1e-b9ee-a22d78097951,CUS-00516,277.14,pos,Rivers,Oyigbo,a9e4532a82bbee62,2025-01-05 18:14:19,18,6,False
240ab6e3-653c-44c1-8538-d21a122a28f1,CUS-00806,378.41,mobile_money,Gombe,Gombe-Central,1d2bb2dbe8f7d258,2025-01-05 18:15:23,18,6,False
72ef2d66-0d18-4e4c-81d0-f2b506440e35,CUS-01062,473.37,bank_transfer,Kwara,Kwara-Central,398b5f1c492b7fbf,2025-01-05 18:15:26,18,6,False
fa1cf96f-3789-49ef-b340-3e2b80779e71,CUS-01189,3402.08,mobile_money,Edo,Ikpoba-Okha,36f1fd8d7d24e817,2025-01-05 18:22:53,18,6,False
b844b1b2-8180-42e6-a0eb-d0df97d94848,CUS-01723,1123.76,pos,Lagos,Agege,b8469a7d5c27212d,2025-01-05 18:28:00,18,6,True
cda0169c-5989-4eba-b449-05cc9b14dba2,CUS-00939,87162.52,pos,Oyo,Oyo East,ea080fb45b3fdb88,2025-01-05 18:41:29,18,6,False
9c5c3573-c32c-4ff6-9f9c-9d5ecbc0f3e7,CUS-01503,111.56,pos,Kano,Kumbotso,f209ce9a3a87000b,2025-01-05 18:49:59,18,6,False
8866c349-b223-439b-833e-2a44dd3c2fcb,CUS-00958,235.86,pos,Lagos,Surulere,567a029e445837e0,2025-01-05 18:53:35,18,6,False
2e0982b8-a56c-466b-b2fe-6a927fa3c1da,CUS-01104,53667.05,pos,Ogun,Ogun-Central,dc32c75fccecfcc9,2025-01-05 18:55:23,18,6,False
1c45686b-1fa6-468b-8367-ab17a277693c,CUS-01644,265.75,mobile_money,Lagos,Lagos Mainland,4eb0e2d037f0c5a2,2025-01-05 19:01:06,19,6,False
4a211f57-54e6-4fe5-b6ad-6e34b204c861,CUS-01182,3973.82,pos,Enugu,Enugu North,2e6ad5b141e36f10,2025-01-05 19:04:47,19,6,False
a36d03d6-1580-4d4f-ad38-a343c3b159f6,CUS-01004,756.92,bank_transfer,Benue,Benue-Central,7bbb4ca42bb205b3,2025-01-05 19:15:00,19,6,False
2c42680d-16db-4243-9cac-0c05337d1bf2,CUS-01173,1867.28,pos,Kano,Fagge,835d7ff91e1af072,2025-01-05 19:20:21,19,6,False
017257e6-2191-4505-a2d2-4ba84fec9ad2,CUS-01518,267.72,pos,Lagos,Ikorodu,25b3afc72feb3e62,2025-01-05 19:21:22,19,6,False
595152a0-0cbc-455e-9e94-b3e2a456553c,CUS-01723,66582.05,pos,Lagos,Ikeja,b8469a7d5c27212d,2025-01-05 19:23:00,19,6,True
ac641398-bfdf-40f1-a892-2f7632c6731f,CUS-00390,31453.78,pos,Ogun,Ogun-Central,f236feca84413f89,2025-01-05 19:33:27,19,6,False
3d8d4264-23bb-475a-b427-cbd2ed212a67,CUS-00538,52392.92,mobile_money,Abuja FCT,Kuje,76bf08adcde8cc9a,2025-01-05 19:53:16,19,6,False
346f5235-8839-43c6-9d3e-b509082d2cc9,CUS-00761,19541.45,pos,Kano,Kumbotso,9af619d3f3e717ee,2025-01-05 19:55:12,19,6,False
50b848e6-7032-42a4-8f54-4ffa6590ee07,CUS-00037,261.37,bank_transfer,Lagos,Alimosho,72ae7fb6dfe605ed,2025-01-05 19:55:27,19,6,False
99e1693c-590f-417c-bbba-27a5fadce515,CUS-01386,821565.4,pos,Abia,Abia-Central,a0b3c4931fa33023,2025-01-05 19:56:24,19,6,False
abf31740-ce03-4bfd-ba52-111617eaa765,CUS-00779,157.62,pos,Enugu,Enugu North,161c4884b0d5f0dc,2025-01-05 19:58:15,19,6,False
ea0ced99-e769-48e3-b720-923f8190c936,CUS-00826,149.04,mobile_money,Kano,Nassarawa,9fa1a127ce0ae9ca,2025-01-05 20:03:00,20,6,True
8c1d3104-1b1d-4eed-ac10-229657c47c9c,CUS-01841,27647.34,pos,Rivers,Oyigbo,a9155ef7b8a0e463,2025-01-05 20:06:38,20,6,False
62cf7bab-4db9-473a-8ae2-ae5e917437f5,CUS-01572,272.61,mobile_money,Osun,Osun-Central,3344b7d8ce1fd7e7,2025-01-05 20:09:09,20,6,False
77759bf2-79bb-450f-836a-ae6146bb887d,CUS-00826,212.44,pos,Kano,Dala,9fa1a127ce0ae9ca,2025-01-05 20:13:00,20,6,True
7836ffdb-fbe1-4201-ac0f-eab74c10300f,CUS-00330,353.2,pos,Kano,Fagge,701bdd6ba5598fdf,2025-01-05 20:13:26,20,6,False
5b281b02-d5f9-44b7-a34e-ebe9143d8ccb,CUS-01635,320.28,bank_transfer,Lagos,Ikeja,4c2cbdd8ab6f3b4a,2025-01-05 20:14:37,20,6,False
6701a2c8-5991-4a74-8bf9-264ef651a42a,CUS-00251,54408.86,ussd,Rivers,Eleme,07442ae1baeabdbf,2025-01-05 20:18:04,20,6,False
5d3feea4-1113-4dd5-86d1-c01e6f94b87c,CUS-00740,673.42,pos,Abuja FCT,Bwari,3c0b1d114141c593,2025-01-05 20:18:36,20,6,False
9309d213-2d92-4989-a375-34d2d898a879,CUS-00826,190.04,mobile_money,Kano,Dala,9fa1a127ce0ae9ca,2025-01-05 20:20:00,20,6,True
ef3f4e5b-f3b0-49ca-96d6-fe1a079688f5,CUS-01199,106.07,pos,Lagos,Ikeja,87823df2b69fc0a4,2025-01-05 20:23:42,20,6,False
75daae21-8c2d-4e70-a070-48794fead902,CUS-00231,195.54,pos,Abuja FCT,Kuje,4e6b4b041a5e1044,2025-01-05 20:24:05,20,6,False
1eb33f83-2441-49a4-bbaa-69f725a6d4a1,CUS-01814,46980.35,pos,Lagos,Surulere,46056a504b319207,2025-01-05 20:29:24,20,6,False
3161f858-07eb-49ac-95cb-991d4506eec3,CUS-00089,63023.77,ussd,Abuja FCT,Municipal,daa8eb1f1afb46f0,2025-01-05 20:32:16,20,6,False
0bc34e89-b276-484a-a12c-8509dbf6809e,CUS-01861,2626.08,bank_transfer,Delta,Oshimili South,7c59729f913bdbb9,2025-01-05 20:34:29,20,6,False
8fe77408-a75a-49f2-8c2e-2dc84db464b8,CUS-00826,370.52,mobile_money,Kano,Tarauni,9fa1a127ce0ae9ca,2025-01-05 20:43:00,20,6,True
cea3932b-a369-40ab-82fe-5f39e466438f,CUS-00826,170.72,mobile_money,Kano,Nassarawa,9fa1a127ce0ae9ca,2025-01-05 20:45:00,20,6,True
2906759e-9982-40f0-af22-1b3840d78b42,CUS-01186,1698.6,pos,Anambra,Nnewi North,6289ff269db8f2ac,2025-01-05 20:52:02,20,6,False
de6856d1-2a85-427d-9d85-407303896ab0,CUS-00826,169.37,mobile_money,Kano,Fagge,9fa1a127ce0ae9ca,2025-01-05 20:54:00,20,6,True
b890b64f-d32f-4808-b4f1-d1dc03894c34,CUS-01476,279.04,pos,Benue,Benue-Central,034bbe47deb0873c,2025-01-05 21:01:05,21,6,False
d683fd5e-3a6c-4215-b319-a2ebbbc6dffd,CUS-01094,81834.25,pos,Lagos,Mushin,85d7d4bf2b272403,2025-01-05 21:02:41,21,6,False
abb8ccd1-55e1-430f-bb08-429b0241a7da,CUS-01997,2603.27,pos,Lagos,Kosofe,8252b5622bd82ebb,2025-01-05 21:04:55,21,6,False
372ce9cc-e32d-4ae6-acae-39685836f0b5,CUS-01485,87.78,bank_transfer,Rivers,Oyigbo,25b0414821785e33,2025-01-05 21:08:41,21,6,False
0a0674b5-517d-4b60-a98b-8bed04e15e52,CUS-00747,377.41,bank_transfer,Oyo,Ibadan North,fb4bd997fd33ee86,2025-01-05 21:28:16,21,6,False
c6492418-18d9-4f05-b6df-457570d4f6c5,CUS-01723,133.02,mobile_money,Lagos,Lagos Mainland,b8469a7d5c27212d,2025-01-05 21:40:00,21,6,True
8c8fd6b5-b0a0-4e7e-bb12-6a3450d97189,CUS-01551,47626.8,pos,Kaduna,Kaduna South,edf0c9922b691d14,2025-01-05 21:58:08,21,6,False
473a5a7f-0a4d-4c24-99ee-6d488c7ef1ba,CUS-00751,56917.99,mobile_money,Gombe,Gombe-Central,e8ab3e2376d24773,2025-01-05 21:58:37,21,6,False
4781bb0a-e439-4c3e-b15a-52cee2882a92,CUS-01358,14592.03,mobile_money,Kano,Gwale,c30937aaf9c93ce0,2025-01-05 21:59:12,21,6,False
4f5df06e-57dc-46d3-a138-002600a1703f,CUS-01590,198.22,pos,Anambra,Onitsha North,13407ce4863fe750,2025-01-05 23:11:41,23,6,False
22248579-72bd-496d-b003-fc218916b9d6,CUS-00745,298.87,mobile_money,Nassarawa,Nassarawa-Central,29e2cbcd28a19312,2025-01-06 01:17:41,1,0,False
f5ccc03d-c8c1-4f76-8bed-e1a2b9456c43,CUS-01332,3800.16,pos,Lagos,Alimosho,4ca97245da0a0e27,2025-01-06 01:56:05,1,0,False
3623c6b8-753c-47ac-8730-863decf7ee59,CUS-00319,549.51,bank_transfer,Lagos,Ikorodu,75925ee21c9c350b,2025-01-06 04:26:10,4,0,False
6da4825f-41f5-451f-ae58-47d4e6bd4d82,CUS-01916,2929.63,mobile_money,Niger,Niger-Central,5cc192455973d5fe,2025-01-06 04:26:57,4,0,False
8d36413e-c305-4648-bd01-11f8b75172c3,CUS-00528,92963.72,pos,Lagos,Surulere,97f0bebd566ad442,2025-01-06 05:48:20,5,0,False
0e28e85a-3a23-44de-b58f-68e1fd22a6f4,CUS-00894,737849.3,ussd,Anambra,Awka South,4d7414a6f0f8e763,2025-01-06 06:04:53,6,0,False
ca4971cb-6ff7-48d0-813e-4d7eb5218806,CUS-01803,469.43,pos,Kano,Gwale,c059c9c5a59923b7,2025-01-06 06:05:00,6,0,True
5c36c827-c3c1-48b8-ae03-43d6e81435aa,CUS-01926,13321.06,mobile_money,Kaduna,Kaduna South,dd29bf90630de913,2025-01-06 06:15:00,6,0,True
07e71d58-1346-4507-b778-1346c0eadff9,CUS-00962,1250.25,pos,Lagos,Ikeja,da8857276f8d9de1,2025-01-06 06:29:15,6,0,False
d8141d70-2013-4ca7-8db8-c2bb69cddb54,CUS-01803,17263.52,pos,Kano,Gwale,c059c9c5a59923b7,2025-01-06 06:41:00,6,0,True
dc76b07c-599f-4053-a603-a89a88e031c9,CUS-00906,489.93,card,Plateau,Plateau-Central,98117148c7a5e4fa,2025-01-06 06:49:29,6,0,False
64458506-b532-4a07-935a-2c4f081c7d95,CUS-01803,4792.11,pos,Kano,Fagge,c059c9c5a59923b7,2025-01-06 07:05:00,7,0,True
c7c7a027-d5e3-463e-9082-f4d80f9a61ce,CUS-01926,449.34,ussd,Kaduna,Kaduna North,dd29bf90630de913,2025-01-06 07:09:00,7,0,True
76ff1140-abbc-4eec-b50f-95455d3c70d3,CUS-00466,13314.62,pos,Kano,Kumbotso,5ed9a67b0307bf3e,2025-01-06 07:17:21,7,0,False
bb7210a3-f1a7-422d-9c87-b578e54eaa39,CUS-01757,118.08,pos,Abuja FCT,Bwari,2b81d97a0edf05ec,2025-01-06 07:46:51,7,0,False
166f6b7b-191b-4a86-a2ec-6af7df10a5ac,CUS-01753,136798.39,mobile_money,Lagos,Oshodi-Isolo,6711f7f87a08894a,2025-01-06 09:06:23,9,0,False
8cad6448-eda5-4017-ad98-dc12ff32eaed,CUS-01062,395.14,bank_transfer,Kwara,Kwara-Central,398b5f1c492b7fbf,2025-01-06 09:06:50,9,0,False
c653905c-fc5f-4550-be80-f33ccabca961,CUS-01662,226105.9,pos,Adamawa,Adamawa-Central,5fb1527086435d69,2025-01-06 09:08:41,9,0,False
b91be533-d580-4019-b497-ea8d8bdf41b2,CUS-01055,571256.4,card,Kano,Nassarawa,8f06ec76dd8c644b,2025-01-06 09:15:36,9,0,False
3aafa7b6-28b7-4704-8249-7daa9582bf79,CUS-01066,651.96,mobile_money,Lagos,Agege,49a6701b8f3838cc,2025-01-06 09:21:45,9,0,False
22289993-6036-4ae1-8ee8-64d02b3b6bfa,CUS-01220,89.48,bank_transfer,Katsina,Katsina-Central,a6368f9dab3152f7,2025-01-06 09:36:24,9,0,False
925675eb-683e-4895-abcc-baf689f05f95,CUS-00624,1564.87,pos,Enugu,Enugu East,e9a78c3fde372bda,2025-01-06 09:56:30,9,0,False
47ae4cc0-9e7f-4fdf-882d-f4d74f2d4a62,CUS-00233,392.62,ussd,Abuja FCT,Gwagwalada,102c007b0ed18d02,2025-01-06 09:58:15,9,0,False
485a21b1-8947-4c18-beea-11b47f4641c8,CUS-01926,58445.3,mobile_money,Kaduna,Kaduna South,dd29bf90630de913,2025-01-06 10:10:00,10,0,True
28a52986-a3ae-4fb1-9654-5bda197c4ec8,CUS-01950,2658.81,ussd,Lagos,Lagos Mainland,16ab96196c5b251d,2025-01-06 10:16:25,10,0,False
5e3c06ec-8861-4b7f-bc46-7d11b9958633,CUS-00306,312.96,pos,Abuja FCT,Gwagwalada,880be9776e3ab6d8,2025-01-06 10:24:14,10,0,False
288511b6-ce8d-445f-a371-b1b0d783b08f,CUS-01573,58436.21,card,Zamfara,Zamfara-Central,4f9a7e83b7a2bce0,2025-01-06 10:24:47,10,0,False
e21e34b0-f1c3-4d17-9050-acd73a7ae900,CUS-00375,1866.22,pos,Kano,Kumbotso,83cdeb9a127a29d9,2025-01-06 10:37:29,10,0,False
e41a54f0-ee0a-469d-a371-4cdb030427ec,CUS-00433,977.54,pos,Lagos,Agege,dc214b9c85be517a,2025-01-06 10:40:39,10,0,False
8842fe41-a192-4b88-8e01-9d09dd7f841b,CUS-00017,213.95,ussd,Oyo,Ibadan South-West,833d9617ecfe7a5b,2025-01-06 11:03:36,11,0,False
5ffff0e7-f3d6-4d91-836c-11d224afd368,CUS-01803,596407.08,mobile_money,Kano,Kumbotso,c059c9c5a59923b7,2025-01-06 11:06:00,11,0,True
71fb7b74-e572-403d-8ec5-b994c4339472,CUS-01693,143612.34,pos,Lagos,Surulere,453f90468efd2c59,2025-01-06 11:09:29,11,0,False
823ea5ac-1361-46ef-ac9d-3f71554ab9fe,CUS-00370,951753.83,mobile_money,Lagos,Lagos Mainland,90ecea92534cd57f,2025-01-06 11:25:40,11,0,False
e5dda0b6-60cf-4a09-9517-abfc75b28dd0,CUS-00264,232.0,bank_transfer,Kebbi,Kebbi-Central,e6fc28195d9c3e83,2025-01-06 11:28:32,11,0,False
bf39f370-d802-4044-a955-5db34a03d5be,CUS-01688,4915.66,pos,Kaduna,Kaduna North,c6da6c20add6ccdb,2025-01-06 11:35:05,11,0,False
2f3c1bf2-b516-4d77-af8f-50eca16f8239,CUS-01803,933220.15,mobile_money,Kano,Tarauni,c059c9c5a59923b7,2025-01-06 11:40:00,11,0,True
5e2631ab-8b48-4d5e-8bdd-f0e5f8c23c48,CUS-01816,251.84,pos,Kano,Tarauni,a691cf3791648d00,2025-01-06 11:45:46,11,0,False
6acd3047-315c-47eb-83c9-f7817a0ab229,CUS-01178,53.22,mobile_money,Kwara,Kwara-Central,94f90507e81b387e,2025-01-06 11:48:16,11,0,False
2aa74aae-c436-4432-8472-da527b8addc2,CUS-00035,4247.78,pos,Benue,Benue-Central,c43622476204a29b,2025-01-06 12:13:38,12,0,False
2b383a45-d6be-46c8-a7c1-1612e6c526d8,CUS-00683,188.16,bank_transfer,Anambra,Nnewi North,792417d8a46fd0a5,2025-01-06 12:19:26,12,0,False
8ba4751c-58fc-463e-83b1-4f263d9afb45,CUS-00194,90.99,pos,Kano,Gwale,772c1cdc30b567ac,2025-01-06 12:26:14,12,0,False
24d25a6f-aee2-424c-a44b-fe137b107db2,CUS-00896,4440.9,bank_transfer,Kano,Dala,05624b725ce601e5,2025-01-06 12:36:06,12,0,False
f11b4ee8-c489-4b01-863a-3265db80800f,CUS-00490,85621.59,pos,Abuja FCT,Gwagwalada,559a3ab27e289433,2025-01-06 12:39:52,12,0,False
b53159df-0416-4ec2-81d0-3c6e8d96bd94,CUS-00799,917784.87,pos,Adamawa,Adamawa-Central,9770e4eba99b57b6,2025-01-06 12:41:58,12,0,False
6d6d38c1-bc78-42d2-abc4-6fd83d302bbd,CUS-01698,165.93,ussd,Akwa Ibom,Akwa Ibom-Central,5f5c035e8c2b2a0e,2025-01-06 12:42:56,12,0,False
6e9ebe5a-1883-4983-965f-2a76e75dd937,CUS-00750,37177.44,pos,Lagos,Oshodi-Isolo,5d8a76c1b104c89c,2025-01-06 12:46:19,12,0,False
83e82392-4154-461f-891b-c49dc51a4bba,CUS-01414,449.41,mobile_money,Oyo,Oyo East,d4d3c0f8c47d790d,2025-01-06 12:55:01,12,0,False
b3ab903a-602f-4dd6-bf26-c6ce32cbafd6,CUS-00096,70521.65,bank_transfer,Abuja FCT,Bwari,24a4796a15bd8fee,2025-01-06 12:55:03,12,0,False
70139cb4-4562-45bf-8ee4-ed28ab95f027,CUS-01267,57104.4,bank_transfer,Abuja FCT,Bwari,c0e12dd6f7fccc2b,2025-01-06 13:02:01,13,0,False
21902c34-ea2c-4c6d-abe4-62793bc4c057,CUS-01803,427.83,pos,Kano,Kumbotso,c059c9c5a59923b7,2025-01-06 13:03:00,13,0,True
c3d783c9-41ea-40dc-9140-adcbcc67bdfc,CUS-00241,342.68,pos,Katsina,Katsina-Central,719378d0a548c057,2025-01-06 13:06:00,13,0,True
ec08b032-a97d-4178-8909-9f7000d3d4b3,CUS-00241,385.77,ussd,Katsina,Katsina-Central,719378d0a548c057,2025-01-06 13:08:00,13,0,True
02a1a74a-9d24-4f58-9540-c36f35c39346,CUS-01926,3972.03,ussd,Kaduna,Zaria,dd29bf90630de913,2025-01-06 13:15:00,13,0,True
4fee5673-e667-4c17-bad5-09f6258d52df,CUS-00241,133.41,pos,Katsina,Katsina-Central,719378d0a548c057,2025-01-06 13:16:00,13,0,True
562804d6-376c-4923-97dc-d6748b217803,CUS-01803,482.28,card,Kano,Dala,c059c9c5a59923b7,2025-01-06 13:19:00,13,0,True
3cd347af-8974-4b4b-ad77-fd46ba097e2e,CUS-00937,445.02,pos,Taraba,Taraba-Central,db6c0c9551210daa,2025-01-06 13:34:57,13,0,False
bfad414e-5a60-44df-aa2f-024da73f0e38,CUS-01803,2256.01,mobile_money,Kano,Nassarawa,c059c9c5a59923b7,2025-01-06 13:37:00,13,0,True
039905c1-2151-4555-92c0-5c0ee06ba224,CUS-00604,4385.52,pos,Lagos,Agege,31a83e595b172ac1,2025-01-06 13:43:31,13,0,False
af43bd84-f3d5-41f1-9c22-8f5816892171,CUS-00013,3732.31,pos,Lagos,Oshodi-Isolo,c3b8b5c1699a40c1,2025-01-06 13:47:08,13,0,False
5806f6e2-096f-400e-a38f-7952d2db5cde,CUS-00241,83.22,mobile_money,Katsina,Katsina-Central,719378d0a548c057,2025-01-06 13:48:00,13,0,True
d56506b8-776d-433e-86c3-7b68bd1469e8,CUS-00241,183.02,ussd,Katsina,Katsina-Central,719378d0a548c057,2025-01-06 13:52:00,13,0,True
2aa548d9-7d37-4fe2-a102-f668450caa31,CUS-01280,334.82,ussd,Enugu,Nsukka,de49824b2d71bf04,2025-01-06 13:56:03,13,0,False
00452b6e-f4b1-458e-aace-e882bd978040,CUS-00783,13399.23,mobile_money,Kano,Kumbotso,6bc82361eb609984,2025-01-06 13:56:05,13,0,False
e81fa1ac-338a-47d1-af66-220cc094eb18,CUS-01087,1444.45,pos,Lagos,Lagos Mainland,24a0342350f1093d,2025-01-06 13:56:52,13,0,False
889040d2-1dcf-47c0-83af-1702c9e6e7f5,CUS-00129,76469.08,bank_transfer,Abuja FCT,Bwari,4a1eb4a9e1afdf10,2025-01-06 14:10:33,14,0,False
5a5f5d0c-c5da-48a5-a9b6-8abef0d87259,CUS-01253,77270.76,ussd,Lagos,Agege,c8054b1af1495193,2025-01-06 14:13:21,14,0,False
6597d4fd-d535-4299-b602-c40e79576ca5,CUS-01588,3536.84,ussd,Rivers,Obio-Akpor,66d4c5dbca5c27b5,2025-01-06 14:15:26,14,0,False
d632c627-6116-4bf0-aab0-0a868e6c8287,CUS-01803,4365.81,pos,Kano,Nassarawa,c059c9c5a59923b7,2025-01-06 14:30:00,14,0,True
be56f248-3610-4b6e-bec7-ba8f410f4c93,CUS-01926,427.74,mobile_money,Kaduna,Kaduna South,dd29bf90630de913,2025-01-06 14:42:00,14,0,True
b304f11b-dc62-46ca-9ab4-d5fd1cace994,CUS-01926,61865.58,bank_transfer,Kaduna,Kaduna South,dd29bf90630de913,2025-01-06 14:48:50,14,0,False
1abf1e52-3801-4ba2-a026-e1499904faa7,CUS-00612,2862.82,pos,Enugu,Enugu North,d6b72576a75baa04,2025-01-06 15:01:54,15,0,False
f87053ad-a221-4411-8fea-dd37c740814f,CUS-01093,497.3,mobile_money,Abuja FCT,Municipal,3c0564b23a094400,2025-01-06 15:04:51,15,0,False
48d0ebf2-f9bf-4456-8925-8bc3d5c9c5b8,CUS-00858,346627.94,pos,Oyo,Ogbomoso,459418dba78d60fc,2025-01-06 15:07:00,15,0,False
dee83663-65dd-4fb5-9b99-bb8b6449ce33,CUS-00555,455.45,card,Rivers,Eleme,2bb9648d451718fc,2025-01-06 15:07:34,15,0,False
5bc2967e-eedf-4f25-a18e-e6380d75a816,CUS-00687,84244.39,bank_transfer,Kano,Fagge,861f932bcda67d65,2025-01-06 15:08:35,15,0,False
71b7c605-3d7f-4fac-8b2a-ede72ba27b6d,CUS-00727,4944.22,pos,Imo,Imo-Central,5e2631ade3332edb,2025-01-06 15:20:44,15,0,False
6f140650-615e-49ad-950a-cce472b55295,CUS-00224,84394.09,pos,Kano,Gwale,4dcb9c5799d8cfbf,2025-01-06 15:27:10,15,0,False
d34b2a6d-3f5e-4363-b148-b63fcd28e898,CUS-01066,44783.2,pos,Lagos,Eti-Osa,49a6701b8f3838cc,2025-01-06 15:31:35,15,0,False
ca2c7e35-70e2-4d32-83ac-1f2cfa74af01,CUS-01931,3524.37,pos,Oyo,Ibadan North,13794813dded1c14,2025-01-06 15:31:56,15,0,False
e45c14b6-98ae-4d5d-86e1-ba1444f61eda,CUS-01987,645.44,bank_transfer,Abuja FCT,Municipal,a98ca351ffbd4c11,2025-01-06 15:32:50,15,0,False
f78ad700-788c-40cd-a14f-6d302766e789,CUS-00730,9283.44,pos,Lagos,Alimosho,ac2406ba7dd5cfe4,2025-01-06 15:33:43,15,0,False
f39ffc53-b9d7-4ad1-bfa2-30b5e8a18ab7,CUS-01926,71638.28,card,Kaduna,Kaduna North,dd29bf90630de913,2025-01-06 15:42:00,15,0,True
76f6b9fd-b24b-4191-8107-4d90f1e2ccb7,CUS-00367,714707.34,bank_transfer,Kogi,Kogi-Central,cde5edbdb69eca2a,2025-01-06 15:43:49,15,0,False
85b4f5a7-30c4-428b-a630-80aaa4677ce9,CUS-00768,61543.96,bank_transfer,Kano,Kumbotso,68be7d7ed2728f8b,2025-01-06 15:52:18,15,0,False
9aac85c7-5340-4cc9-affa-e035a3964bd0,CUS-00955,46716.0,mobile_money,Rivers,Eleme,4cbfd8122c26b3ff,2025-01-06 15:58:57,15,0,False
aab7f5b2-563b-4fd9-9a16-08978b9c3fec,CUS-00645,76456.6,pos,Niger,Niger-Central,3f8102ecf21bc1db,2025-01-06 16:01:47,16,0,False
d5c75bce-d29f-4441-b5be-efd64a7901aa,CUS-01803,226.66,mobile_money,Kano,Gwale,c059c9c5a59923b7,2025-01-06 16:05:00,16,0,True
f099beb7-b66e-4561-8a37-3864eeafa665,CUS-01497,30822.72,ussd,Abuja FCT,Bwari,978bcb84cb24d195,2025-01-06 16:05:10,16,0,False
09344b05-c3aa-4442-8c6c-eb28466d0a02,CUS-01259,55236.67,ussd,Oyo,Oyo East,43decebaedfb8c27,2025-01-06 16:08:59,16,0,False
a74cbf1d-cac3-4794-b41b-d5e484902b31,CUS-01104,786900.93,pos,Ogun,Ogun-Central,dc32c75fccecfcc9,2025-01-06 16:10:04,16,0,False
f91bd338-215a-423f-a59f-2aa02d1863ec,CUS-00554,289696.34,bank_transfer,Kebbi,Kebbi-Central,899bca59a4169d29,2025-01-06 16:16:00,16,0,True
89065d9c-433a-44c4-acab-d145682b1e33,CUS-00443,2328.11,mobile_money,Rivers,Eleme,e97edc4f801dfbb8,2025-01-06 16:17:35,16,0,False
2118265f-b3a8-4f14-abc2-914a2db4ca0b,CUS-01618,66.82,mobile_money,Oyo,Ogbomoso,a5d3e4c3c00502e8,2025-01-06 16:28:07,16,0,False
db7fd85a-e352-4bda-bddb-3db54a4deffb,CUS-01650,235.2,mobile_money,Lagos,Mushin,66eb0412e92729a3,2025-01-06 16:28:35,16,0,False
ebdd1ec5-8b80-4fbc-9812-fa69e789ec62,CUS-01909,32839.95,pos,Lagos,Eti-Osa,7b480d3a742ac838,2025-01-06 16:47:29,16,0,False
c0e058ea-d6ff-473f-a0c7-8f5d106ebbf7,CUS-01222,22815.16,mobile_money,Rivers,Obio-Akpor,710138c9fc241830,2025-01-06 17:01:09,17,0,False
e7add490-4a11-4adb-911f-3dbf80a82899,CUS-00154,66.35,pos,Ogun,Ogun-Central,bec8cb887466247e,2025-01-06 17:23:24,17,0,False
344fb56e-70ad-402f-ae73-081fed11d75b,CUS-00327,10212.15,pos,Kaduna,Kaduna South,83677903174a360f,2025-01-06 17:37:04,17,0,False
8ff1f28f-bf15-49e0-a4a9-c28081ef7aab,CUS-00830,448.99,bank_transfer,Lagos,Mushin,641b7c08ec6c7f29,2025-01-06 17:40:42,17,0,False
7d796d4e-fbe9-4669-88ea-4d4f3d720834,CUS-01811,95164.22,pos,Kwara,Kwara-Central,5a30902b0374f04f,2025-01-06 17:43:43,17,0,False
2aa35300-e1a1-4332-9f0f-568d1041e691,CUS-01408,192.48,mobile_money,Kaduna,Kaduna North,f620b73c52c3b107,2025-01-06 17:46:16,17,0,False
6e06e9be-80bd-4151-a7ee-b0fb6b79812c,CUS-01926,52317.76,pos,Kaduna,Zaria,dd29bf90630de913,2025-01-06 18:00:00,18,0,True
c465a623-8cda-426b-a999-102672ff86e8,CUS-01055,188.07,card,Kano,Kumbotso,8f06ec76dd8c644b,2025-01-06 18:00:12,18,0,False
f19003db-9730-4b95-b721-d8641df74e89,CUS-01926,4620.89,bank_transfer,Kaduna,Zaria,dd29bf90630de913,2025-01-06 18:02:00,18,0,True
3b6c8ecd-9e10-4390-8fde-ad83419d8632,CUS-00157,565.39,pos,Kwara,Kwara-Central,5a88b3464efae3ec,2025-01-06 18:02:21,18,0,False
fd0a2fd9-bf94-48ee-8502-0c24f81da5c8,CUS-01803,7149.85,bank_transfer,Kano,Tarauni,c059c9c5a59923b7,2025-01-06 18:07:00,18,0,True
c0bd202f-057a-4abc-84c4-728a2e4db21f,CUS-00773,77902.59,bank_transfer,Rivers,Obio-Akpor,bf57dfc7ac1d19b3,2025-01-06 18:08:36,18,0,False
34350215-5e0f-4447-adc8-18ff19eb5875,CUS-00184,168.28,ussd,Kano,Nassarawa,2612a20c83785e17,2025-01-06 18:27:09,18,0,False
98e9470e-b9d6-4193-afad-aa536190feb6,CUS-00918,3698.36,bank_transfer,Kwara,Kwara-Central,402f6978085be2fa,2025-01-06 18:35:18,18,0,False
2d1dfae2-883e-470a-9057-820580ac6868,CUS-01890,1123.41,card,Lagos,Surulere,c84a562ccf107b05,2025-01-06 18:35:37,18,0,False
3f8e5c0c-e994-461e-948a-f71e695b4b7f,CUS-01002,85.11,pos,Kebbi,Kebbi-Central,efcc435f8f743b77,2025-01-06 18:41:11,18,0,False
7def5784-5547-4944-a7a9-8ae0c83de922,CUS-01926,2800.46,bank_transfer,Kaduna,Zaria,dd29bf90630de913,2025-01-06 18:43:00,18,0,True
cd295daf-afa5-42f7-9c8b-16b7975adf2b,CUS-00022,85687.6,ussd,Kano,Nassarawa,790afffe6907fb50,2025-01-06 18:55:20,18,0,False
7004dc5a-7ab2-47ca-99b2-39b42b0025cc,CUS-00259,35784.4,bank_transfer,Lagos,Kosofe,94694ebc6ddc6a43,2025-01-06 18:59:31,18,0,False
81749a5b-0fca-4246-aea0-76f802ed96e4,CUS-01803,761969.13,mobile_money,Kano,Gwale,c059c9c5a59923b7,2025-01-06 19:00:00,19,0,True
f89fddd6-00c0-4521-8ae9-9b95eb65edee,CUS-01228,83347.87,pos,Ekiti,Ekiti-Central,79b3d8855aaa997b,2025-01-06 19:04:56,19,0,False
ac1ea7e2-50ea-4338-95cd-15db4c159e39,CUS-00340,23196.69,bank_transfer,Abuja FCT,Bwari,42fe7616398a23da,2025-01-06 19:05:16,19,0,False
a7a79b15-15af-4c2c-b2d5-cf08c817bbda,CUS-00704,3623.68,bank_transfer,Lagos,Agege,9a02fdf96a93b861,2025-01-06 19:11:03,19,0,False
62f3ae5d-9f7c-4f3d-977e-4fa294d011d2,CUS-00252,6416.73,mobile_money,Borno,Borno-Central,0d2d209831150098,2025-01-06 19:19:14,19,0,False
0ddfb86f-0a00-49e5-a3b2-2b0e980d59c9,CUS-00273,291.9,mobile_money,Taraba,Taraba-Central,cccbd53cee404658,2025-01-06 19:38:49,19,0,False
ad90abd9-cc83-41ec-9971-97ca6c87d7ea,CUS-01367,191.07,pos,Kogi,Kogi-Central,1befafdd9209cc78,2025-01-06 19:56:10,19,0,False
da8e1eea-41f3-41d1-a934-14e38d773df2,CUS-00286,70468.87,card,Abuja FCT,Bwari,475411eb6eadef97,2025-01-06 19:56:58,19,0,False
cfc9d948-acc3-4055-bc27-e48c7261f188,CUS-01070,487.61,bank_transfer,Kano,Kumbotso,33d5e150880b49ae,2025-01-06 20:10:28,20,0,False
64a54bd4-4eb1-4b42-9ffb-23c7e4a57c2c,CUS-00510,78104.3,ussd,Kaduna,Zaria,f280c054339f0674,2025-01-06 20:25:26,20,0,False
3a468f4b-d0a9-4dbd-804e-1fa1d8a29484,CUS-01595,199.11,bank_transfer,Oyo,Oyo East,d49cb49cb7898db3,2025-01-06 20:26:47,20,0,False
a9e47e40-eb81-4586-98fa-672446a25014,CUS-00457,37668.68,bank_transfer,Abuja FCT,Municipal,bf419fd9bf1b95cb,2025-01-06 20:42:23,20,0,False
88a75c5e-5dee-4b63-94a8-ba3740911a9e,CUS-00210,656275.71,mobile_money,Oyo,Ibadan South-West,e7a908e94677ed3e,2025-01-06 20:45:53,20,0,False
dfa10355-8bb1-469a-8c90-43c29627be3a,CUS-00519,159493.93,mobile_money,Lagos,Mushin,1eccc1b62b9d671c,2025-01-06 20:47:40,20,0,False
4458a86b-cb28-49ac-ad80-7c7f69ceb2d9,CUS-00375,1291.21,pos,Kano,Dala,83cdeb9a127a29d9,2025-01-06 20:53:01,20,0,False
1f6f32ca-5b24-4d88-aaba-33e856304501,CUS-01177,1456.2,ussd,Lagos,Mushin,3f6ef33bcad3ac22,2025-01-06 21:01:47,21,0,False
847e9bd2-8ee9-40b4-ba2a-1f22fefcbefd,CUS-00178,2174.12,mobile_money,Gombe,Gombe-Central,ae961792de3c8d29,2025-01-06 21:04:26,21,0,False
92dfacd7-7598-416e-bc7c-06c08af84339,CUS-00701,4671.23,card,Lagos,Lagos Mainland,103556a324a9a49d,2025-01-06 21:22:51,21,0,False
adb0752d-b8cb-47ff-991c-b6e5cf060035,CUS-01238,2594.38,bank_transfer,Akwa Ibom,Akwa Ibom-Central,4f2883e80ffbe344,2025-01-06 21:38:39,21,0,False
d79b1a3e-b46a-4cc8-9870-fa9f7ae65036,CUS-01926,2198.52,bank_transfer,Kaduna,Zaria,dd29bf90630de913,2025-01-06 21:46:00,21,0,True
4e52a623-e99d-4644-8fa0-049c39f0bf0d,CUS-00788,267.45,bank_transfer,Abuja FCT,Municipal,cfa2bab673d6b5bb,2025-01-06 21:46:35,21,0,False
56e1ca43-d79a-4281-8d54-aa6da872b569,CUS-01119,34343.41,pos,Lagos,Mushin,1d9dacbb234e6142,2025-01-06 21:46:50,21,0,False
9b671181-7394-4cc5-b51a-70fac7385f0b,CUS-00071,1172.68,bank_transfer,Lagos,Eti-Osa,1091ab6738ae125a,2025-01-06 21:47:13,21,0,False
f449676e-850b-44c0-bae8-651e9f94367a,CUS-00635,4253.41,mobile_money,Abuja FCT,Kuje,d3e87928d9822db9,2025-01-06 21:49:02,21,0,False
f2fa2ad1-6f30-4690-b80b-6f77280f2a86,CUS-01097,97215.44,pos,Lagos,Eti-Osa,8547f78879fe432c,2025-01-06 21:59:48,21,0,False
7ae712dc-1770-4e36-b8f1-244ab6fa4f28,CUS-01803,46535.18,bank_transfer,Kano,Fagge,c059c9c5a59923b7,2025-01-06 22:07:00,22,0,True
ce629aed-578e-4918-b007-7e206f9438c1,CUS-01926,470.09,ussd,Kaduna,Zaria,dd29bf90630de913,2025-01-06 22:12:00,22,0,True
1be1ec40-5c2c-44a5-ba69-e4362814c098,CUS-01803,96.19,pos,Kano,Tarauni,c059c9c5a59923b7,2025-01-06 22:14:00,22,0,True
28d73a73-9d36-491a-91fc-e581790592f4,CUS-01926,1872.91,bank_transfer,Kaduna,Kaduna South,dd29bf90630de913,2025-01-06 22:22:00,22,0,True
ee1b3946-b73a-4836-8da9-154ce18291db,CUS-00318,28202.06,bank_transfer,Lagos,Lagos Mainland,bf5945441b1f31c0,2025-01-06 22:24:18,22,0,False
02131cb5-e8c3-46da-a5ed-9f3e32ea0375,CUS-00359,1658.07,mobile_money,Oyo,Ibadan South-West,c013c0a17c1c88db,2025-01-06 22:46:34,22,0,False
055b1874-9a0e-4d23-9f01-4341e3e893b6,CUS-01797,1825.41,pos,Lagos,Ikeja,e2fc293fbae9deba,2025-01-06 23:40:48,23,0,False
73d68a4d-aac7-4252-8660-1af19946014e,CUS-01190,19996.27,pos,Lagos,Ikorodu,880b7d20de1a5a08,2025-01-07 01:02:01,1,1,False
c72b277f-8f7f-4932-9e56-995cb4422e40,CUS-01412,98758.13,pos,Kano,Dala,f6ccae4908f13600,2025-01-07 01:21:56,1,1,False
af116966-3859-4db5-bba1-4eb1c550a885,CUS-00315,3131.69,pos,Edo,Oredo,57b000e17e353fcd,2025-01-07 02:28:09,2,1,False
a03d963f-b8bd-4197-a181-cea4c8f30588,CUS-00306,304816.71,bank_transfer,Abuja FCT,Kuje,880be9776e3ab6d8,2025-01-07 03:00:00,3,1,True
3d1cea75-010d-438b-b100-a68c6eae8d44,CUS-01085,222.76,mobile_money,Abuja FCT,Kuje,015ee05e5160a433,2025-01-07 03:10:00,3,1,True
e8aec75f-023d-441e-b8a6-e1bd51683f2c,CUS-01085,382.06,ussd,Abuja FCT,Municipal,015ee05e5160a433,2025-01-07 03:18:00,3,1,True
4ec88006-4cce-4d93-9d32-d29fd4754e3e,CUS-01085,62.91,mobile_money,Abuja FCT,Bwari,015ee05e5160a433,2025-01-07 03:22:00,3,1,True
7c82b08e-61e8-4214-aefd-de887e40970f,CUS-01085,345.64,pos,Abuja FCT,Bwari,015ee05e5160a433,2025-01-07 03:28:00,3,1,True
fb24081b-49c5-4094-8ccf-571f8ef96e4c,CUS-01085,175.23,mobile_money,Abuja FCT,Bwari,015ee05e5160a433,2025-01-07 03:36:00,3,1,True
303b6d35-1745-42f2-ad7a-abbc79ed020a,CUS-01085,465.91,pos,Abuja FCT,Kuje,015ee05e5160a433,2025-01-07 03:43:00,3,1,True
5d03c8ac-264d-4262-9873-d67a8953d593,CUS-01085,425.63,ussd,Abuja FCT,Kuje,015ee05e5160a433,2025-01-07 03:50:00,3,1,True
39c81f1e-752f-402e-a525-365d2cdd5611,CUS-01936,277480.67,bank_transfer,Kano,Tarauni,75054c6e04621ec8,2025-01-07 04:35:00,4,1,True
258bd8fe-1af9-4653-9d28-145c13a29cfd,CUS-00646,119.67,card,Kaduna,Kaduna South,2b7015d78d5d685e,2025-01-07 05:07:47,5,1,False
5ccd8e96-f668-40de-9c81-b656e0e8b55a,CUS-00741,17478.26,pos,Kano,Tarauni,1bb58da37496630e,2025-01-07 05:36:21,5,1,False
1541495e-5459-4cb1-a58c-c7e87b76d960,CUS-01479,3642.85,bank_transfer,Lagos,Surulere,ca1f578fbe8c3972,2025-01-07 06:00:00,6,1,True
253113d5-6f67-43fe-82eb-996482159193,CUS-01479,1080.26,pos,Yobe,Yobe-Central,ca1f578fbe8c3972,2025-01-07 06:10:00,6,1,True
c3e9052b-efdb-4f8e-9e5d-e847413adef6,CUS-01185,6124.12,pos,Gombe,Gombe-Central,a6b4370cecc956b7,2025-01-07 06:47:24,6,1,False
5cf4085a-38ec-4c69-ac58-da4150855ba2,CUS-01240,904.5,bank_transfer,Zamfara,Zamfara-Central,f5775cd8fefcfb0a,2025-01-07 07:18:36,7,1,False
fd24d2a7-76d8-4800-959f-fdb739556b39,CUS-01212,57791.72,pos,Lagos,Ikeja,e5e69af6a4993c4a,2025-01-07 07:23:09,7,1,False
94a068b0-02fd-4c91-af13-0611f398f513,CUS-01324,26174.54,mobile_money,Ebonyi,Ebonyi-Central,9a86a95dc16a8c44,2025-01-07 07:35:06,7,1,False
adf2e185-a277-469c-8354-7957a5c7f707,CUS-00227,939.25,bank_transfer,Rivers,Port-Harcourt,5520f23bfce438f4,2025-01-07 07:38:00,7,1,True
0b6959af-88d3-4e31-a96e-ec1c7fbd0140,CUS-00852,103.98,pos,Lagos,Kosofe,dd00bd8dbc71a10f,2025-01-07 07:46:13,7,1,False
29bd6554-588a-4205-a2a8-f7245748fe23,CUS-01192,484.45,card,Kano,Tarauni,da912eb3f9e9e9b0,2025-01-07 09:07:49,9,1,False
3bd736a2-b82b-4405-bd3b-dc8f28bfefc3,CUS-01781,49553.8,pos,Kogi,Kogi-Central,7c39e27bdd3e2a60,2025-01-07 09:09:51,9,1,False
ad75ebb1-3d6b-4f95-a2a4-aae01d3f8d2d,CUS-01887,69845.31,bank_transfer,Lagos,Alimosho,0be354668f5ee630,2025-01-07 09:12:02,9,1,False
7ebaa79b-94e3-4550-83c1-dc56b133b710,CUS-00227,31279.38,mobile_money,Rivers,Oyigbo,5520f23bfce438f4,2025-01-07 09:14:00,9,1,True
fcc38541-5827-44b4-9cbd-c9c2991a8c49,CUS-00764,23845.99,pos,Lagos,Ikorodu,505092f3fbd319a1,2025-01-07 09:28:25,9,1,False
3fb5fea2-e900-4dd0-9fad-e3a90b7f26bd,CUS-00044,1551.88,ussd,Kano,Gwale,6345167d18868176,2025-01-07 09:49:30,9,1,False
8dcbbc9d-e502-49ce-a890-cef3192e95e8,CUS-00269,2352.85,bank_transfer,Kano,Dala,e94f5eada21225d1,2025-01-07 09:50:23,9,1,False
603297a3-e4d6-43a6-98a2-8d2f2c538f22,CUS-01170,15449.72,mobile_money,Enugu,Nsukka,bb3c1c43614049b2,2025-01-07 09:52:33,9,1,False
4ebf2320-41ac-45aa-983b-d696598487b5,CUS-00935,576761.52,pos,Kano,Fagge,b408994bb5a00c47,2025-01-07 09:53:01,9,1,False
0ffe129e-db7e-4149-bb4a-758e9d506ec5,CUS-01576,1975.57,pos,Lagos,Lagos Mainland,7bae466cfc2d3e32,2025-01-07 10:01:28,10,1,False
016688d7-4cdc-4b15-861c-e40bdce799f1,CUS-00455,291.73,pos,Abuja FCT,Gwagwalada,b4c3c4f1112b5142,2025-01-07 10:02:41,10,1,False
175f0f20-805f-4470-8f13-7d1b186a48c9,CUS-00328,1137.86,bank_transfer,Rivers,Eleme,c6ea48448e01a500,2025-01-07 10:10:41,10,1,False
92a014b3-f99b-48b1-8b7d-4bd45e85f74b,CUS-01645,509.05,pos,Kwara,Kwara-Central,28718c1a00f4bf11,2025-01-07 10:16:00,10,1,False
1a7218cd-46ff-4f84-ab5c-ac7c86b337b8,CUS-01826,389.93,bank_transfer,Lagos,Mushin,54fffc21d08a0d8e,2025-01-07 10:19:04,10,1,False
9c8538f8-b5b9-4951-9692-d931a13be874,CUS-01992,99135.94,pos,Kaduna,Kaduna South,edc83e826575ddd6,2025-01-07 10:25:46,10,1,False
72e4e542-602c-4f7e-a92a-b115de04e628,CUS-00227,233.89,bank_transfer,Rivers,Obio-Akpor,5520f23bfce438f4,2025-01-07 10:40:00,10,1,True
ae45baf7-1939-4952-a5f4-ae3a390d2b91,CUS-00633,1303.66,pos,Oyo,Ibadan North,588850e3ca7f47b7,2025-01-07 10:46:02,10,1,False
27702da3-1f0a-4a7b-80bd-c471b7d71fac,CUS-00370,380.24,mobile_money,Lagos,Ikorodu,90ecea92534cd57f,2025-01-07 10:50:30,10,1,False
cf2131ad-b13f-464d-841e-5385c0f214e5,CUS-00157,640.34,mobile_money,Kano,Dala,5a88b3464efae3ec,2025-01-07 11:00:00,11,1,True
eec7b1cd-f13f-4474-bf12-254536095bd2,CUS-00157,696.53,pos,Delta,Oshimili South,5a88b3464efae3ec,2025-01-07 11:06:00,11,1,True
85f42607-1f3d-41e0-b747-dff99b2d0f0d,CUS-00127,42530.39,pos,Sokoto,Sokoto-Central,8f4bb563c3deb65c,2025-01-07 11:06:01,11,1,False
9f12592b-73df-4099-9a8a-1985600d46f5,CUS-00626,50625.36,pos,Abuja FCT,Gwagwalada,41a9e832167f09e4,2025-01-07 11:14:36,11,1,False
39e08b37-1fc0-428c-bf2f-efa5b09a7d9f,CUS-01716,50250.62,pos,Lagos,Lagos Mainland,876514bdb0606ae7,2025-01-07 11:14:47,11,1,False
4f407a56-c21d-491d-9961-60227b420ada,CUS-00798,91134.9,pos,Edo,Ikpoba-Okha,02fa2266d8d33c7a,2025-01-07 11:16:10,11,1,False
37611ea0-fced-45d5-a648-a2ac9b424a69,CUS-01265,53612.81,pos,Lagos,Eti-Osa,3aa6fe9b92916bd6,2025-01-07 11:20:51,11,1,False
d0561785-ded4-48ce-8c3d-13ed4f1a563f,CUS-00729,1625.95,pos,Lagos,Mushin,74c46c6f8b16e0c6,2025-01-07 11:27:44,11,1,False
de6d6ac6-5475-4947-a127-8395a3a1e87f,CUS-01068,55895.33,pos,Kano,Gwale,8d576c7efcc7de85,2025-01-07 11:28:46,11,1,False
a29fd161-526c-4036-9723-0ecac9697b50,CUS-01069,952564.96,mobile_money,Kano,Nassarawa,b069407252ab93ec,2025-01-07 11:31:58,11,1,False
dbe0d63f-4579-4479-99f8-16f8841be55f,CUS-00492,64488.79,mobile_money,Kano,Dala,b5663d62d55cfda1,2025-01-07 11:45:20,11,1,False
40d105d0-5e67-4502-8110-29a30031479d,CUS-01863,32247.5,pos,Oyo,Ibadan North,e2cd40b0a465df43,2025-01-07 11:45:21,11,1,False
8e103d63-d29f-4770-a84b-bf12a64b4642,CUS-00723,67.33,bank_transfer,Osun,Osun-Central,184b6168e7b760ac,2025-01-07 12:03:44,12,1,False
5ee29d19-ccda-4ac2-8fea-2ede4125b365,CUS-00227,19350.47,mobile_money,Rivers,Oyigbo,5520f23bfce438f4,2025-01-07 12:11:00,12,1,True
0b644cb0-88d4-4b47-87a3-db78126f3ed8,CUS-00227,416.25,mobile_money,Rivers,Port-Harcourt,5520f23bfce438f4,2025-01-07 12:15:00,12,1,True
ad265457-05d3-4c1c-bd23-e1535220fa28,CUS-01537,575325.21,pos,Anambra,Onitsha North,a99f48c92dd1b94b,2025-01-07 12:22:19,12,1,False
3e55301c-df9f-4040-b351-b96ea8f40bb2,CUS-01104,168.92,pos,Ogun,Ogun-Central,dc32c75fccecfcc9,2025-01-07 12:23:15,12,1,False
d1bf8a63-9cbc-451a-9a36-1707d3865373,CUS-01739,68878.28,bank_transfer,Rivers,Eleme,e0adb1db04a2c04e,2025-01-07 12:25:33,12,1,False
d45d81ca-c1f0-4712-b229-f265619eb2c9,CUS-01609,1934.06,card,Oyo,Ibadan North,06948fe1f1b46a75,2025-01-07 12:40:32,12,1,False
34b43a9a-0b8c-4422-a71e-c6d1741337a4,CUS-01744,1055.91,pos,Rivers,Eleme,ab5a10f2aee58b71,2025-01-07 12:49:52,12,1,False
5424bee1-0330-445d-b5e7-3e305e5109f7,CUS-00360,2470.25,pos,Rivers,Obio-Akpor,bdeead7ca8d0d47f,2025-01-07 12:53:11,12,1,False
af3d3dd8-c2a0-4cb2-b0ff-d424239be21d,CUS-01645,424.21,mobile_money,Kwara,Kwara-Central,28718c1a00f4bf11,2025-01-07 13:00:00,13,1,True
75738726-a2de-435e-86bc-1ab200da7ea6,CUS-01645,480.87,ussd,Kwara,Kwara-Central,28718c1a00f4bf11,2025-01-07 13:11:00,13,1,True
2e52dde4-358e-472d-b0fc-d9c1566e1f8d,CUS-01864,20583.79,pos,Ogun,Ogun-Central,30d210bf341300b3,2025-01-07 13:16:49,13,1,False
3a8d45c3-7a25-45a8-80b2-4cce03d2d08f,CUS-01645,189.7,ussd,Kwara,Kwara-Central,28718c1a00f4bf11,2025-01-07 13:17:00,13,1,True
dcf7b6df-32ac-4b1a-addc-0351c88f4bd5,CUS-01645,377.73,mobile_money,Kwara,Kwara-Central,28718c1a00f4bf11,2025-01-07 13:22:00,13,1,True
33f59404-534c-49a7-b8bd-79cc4fab27f6,CUS-00389,447.17,mobile_money,Benue,Benue-Central,3433de2d776d5914,2025-01-07 13:23:44,13,1,False
316124cb-b4ce-47b3-ad03-f4ff731b07f2,CUS-00227,3483.96,mobile_money,Rivers,Eleme,5520f23bfce438f4,2025-01-07 13:36:00,13,1,True
ed6dd8f1-7b01-49af-ac41-e9e28cb0d31d,CUS-01645,152.3,mobile_money,Kwara,Kwara-Central,28718c1a00f4bf11,2025-01-07 13:52:00,13,1,True
59032500-6d60-433a-a5c4-fe27859aec74,CUS-00227,825.63,pos,Rivers,Eleme,5520f23bfce438f4,2025-01-07 13:56:00,13,1,True
ceafb424-c756-454c-a135-e95a8424a585,CUS-00684,284.74,pos,Yobe,Yobe-Central,d6b12227f34f21ed,2025-01-07 14:02:11,14,1,False
a4c98968-987d-4ddf-96a5-84e85c9b3ff9,CUS-00658,277.5,pos,Delta,Oshimili South,f427466ee9b7df69,2025-01-07 14:05:44,14,1,False
21c8cd5e-8b65-43be-b98c-95fa3b8e7382,CUS-01206,187.33,ussd,Anambra,Onitsha North,f1b490b78701a7d8,2025-01-07 14:27:45,14,1,False
d4b1f908-a46e-4ca8-964f-feb20a0e769b,CUS-00368,28648.18,pos,Lagos,Ikorodu,fbea58cfa25efa40,2025-01-07 14:33:50,14,1,False
9a3dddf2-2314-40e9-9af6-0d877ac689ff,CUS-00693,630777.57,bank_transfer,Lagos,Ikeja,e9162dca20df60af,2025-01-07 14:35:52,14,1,False
7e09d22b-594a-4a23-a34a-4bdf774aad3c,CUS-00227,75471.8,card,Rivers,Oyigbo,5520f23bfce438f4,2025-01-07 14:42:00,14,1,True
9b7d0e61-3cf9-4504-acf7-03e62312e0af,CUS-00768,3850.55,bank_transfer,Kano,Fagge,68be7d7ed2728f8b,2025-01-07 14:46:46,14,1,False
b258b33e-0448-42c3-b5e1-dcb1d4525f94,CUS-01863,3355.25,pos,Oyo,Ibadan South-West,e2cd40b0a465df43,2025-01-07 14:49:21,14,1,False
090d3a10-811a-4240-8971-983a63968c63,CUS-01981,62.96,bank_transfer,Benue,Benue-Central,2e3ca59fe7d431e5,2025-01-07 15:02:07,15,1,False
6e3fd04b-4dac-4b7b-938d-3323f45bdf09,CUS-00870,131.8,ussd,Rivers,Oyigbo,48e1653cc2040db1,2025-01-07 15:05:01,15,1,False
17934b2a-4e24-459f-8cf1-288a0560b723,CUS-00221,58013.38,mobile_money,Oyo,Ibadan South-West,0b20f20794d35aec,2025-01-07 15:07:35,15,1,False
336f6966-45cc-4e21-a138-b0526d4d07fc,CUS-01194,376990.09,bank_transfer,Lagos,Eti-Osa,92f97f031c21451e,2025-01-07 15:22:00,15,1,True
7418c706-bc1d-4f16-8b89-e14c43308f0a,CUS-01598,3538.95,pos,Lagos,Eti-Osa,4fb23adca810bdd7,2025-01-07 15:23:47,15,1,False
70fe9cf5-9545-42d3-a04d-b9f0cf9fa69d,CUS-01432,102.82,mobile_money,Abuja FCT,Bwari,93530302c2ac579f,2025-01-07 15:43:43,15,1,False
05dd9fc2-a1c6-444f-a96e-8e8f8625b246,CUS-00345,2886.25,pos,Kaduna,Zaria,808e7a5c5a97600f,2025-01-07 15:46:37,15,1,False
42dccdd7-b284-40b4-8565-e2488624e318,CUS-01692,26314.22,mobile_money,Rivers,Port-Harcourt,5b48574b68806858,2025-01-07 15:51:00,15,1,False
e6644fc3-1c44-4279-b885-87c586bdf149,CUS-01216,54346.94,ussd,Lagos,Mushin,b767a7d60b9a3865,2025-01-07 15:58:08,15,1,False
6c186460-a2b9-4648-8dfa-4b77e247577b,CUS-00227,471526.44,pos,Rivers,Obio-Akpor,5520f23bfce438f4,2025-01-07 16:00:00,16,1,True
2f4b6f09-4a22-4a84-ae9c-5ca2dc6c7aeb,CUS-00318,452.89,bank_transfer,Lagos,Alimosho,bf5945441b1f31c0,2025-01-07 16:06:29,16,1,False
e265294e-0b64-4147-8d41-af480b680a18,CUS-00561,155563.55,mobile_money,Lagos,Ikorodu,6b64c305fff4b7c1,2025-01-07 16:09:14,16,1,False
6cba6f50-300e-43bc-92ba-b0b838cf4b5e,CUS-00390,340.59,pos,Ogun,Ogun-Central,f236feca84413f89,2025-01-07 16:18:42,16,1,False
33c5d8e6-50af-427f-a065-933d03881d01,CUS-00970,2009.96,pos,Delta,Oshimili South,c69f331db4db0418,2025-01-07 16:21:45,16,1,False
22210785-7b80-4035-8f4c-65410c606ee5,CUS-00949,172.68,ussd,Kaduna,Zaria,d6bcd438a77f6c9d,2025-01-07 16:22:31,16,1,False
235a81d7-bfb1-4714-8a75-6b6579b49191,CUS-00559,4192.05,bank_transfer,Enugu,Enugu North,2cf7d4cd4f3766f7,2025-01-07 16:28:16,16,1,False
d2ef7b8d-4290-4926-a1f4-5bcf2596e21e,CUS-01078,37980.85,pos,Lagos,Lagos Mainland,f93b47fd7d069f48,2025-01-07 16:38:35,16,1,False
9ad06568-4d91-4dc1-88f7-829f52e51996,CUS-00784,2662.79,ussd,Lagos,Alimosho,3fa31762f92bb220,2025-01-07 16:42:09,16,1,False
94ac190b-c549-4b9e-b4a1-049863585401,CUS-00325,707.3,card,Osun,Osun-Central,8c6d91935dee1218,2025-01-07 16:49:48,16,1,False
a8bcf809-9a78-41cb-ad24-8f94e4baab9b,CUS-00168,59555.34,mobile_money,Lagos,Ikeja,ffd3c25c7bec8d15,2025-01-07 16:58:20,16,1,False
e58f4016-282e-440b-a388-61e12c82e421,CUS-00443,33547.18,mobile_money,Rivers,Oyigbo,e97edc4f801dfbb8,2025-01-07 17:00:33,17,1,False
b9044057-2d36-4f08-a472-2a12d37dfa5b,CUS-01373,3806.61,pos,Abuja FCT,Kuje,c3deb665c44d26ee,2025-01-07 17:06:13,17,1,False
733c34bf-2b79-4d09-8549-8488a54a9a45,CUS-00038,506537.79,bank_transfer,Anambra,Onitsha North,f0966acb33fd9b19,2025-01-07 17:18:00,17,1,True
cd6825fb-24d2-4e3f-9b7f-c9992c84f608,CUS-00458,83441.82,bank_transfer,Lagos,Ikeja,a9c04aa00827864e,2025-01-07 17:19:08,17,1,False
e5139076-57e5-49aa-a397-84aaacd4112f,CUS-00534,339394.34,mobile_money,Kwara,Kwara-Central,8b507257f97a6a69,2025-01-07 17:36:22,17,1,False
4628f17d-ffdd-4582-a988-7e6a6084daea,CUS-00803,4533.02,card,Kaduna,Kaduna South,1aaac49944c6a235,2025-01-07 17:47:01,17,1,False
441945da-0783-48c2-8bcb-1594922448b8,CUS-01352,169.49,ussd,Rivers,Obio-Akpor,92635ba9f4c8df47,2025-01-07 17:48:11,17,1,False
4fa84dcf-9488-4f95-906f-844eb6ebd82c,CUS-01122,475.34,pos,Sokoto,Sokoto-Central,10418d0df5fde257,2025-01-07 17:50:49,17,1,False
3038cb3a-7195-42ff-a617-de90ee9eb2da,CUS-01351,1028.92,bank_transfer,Oyo,Ibadan South-West,89e967ca6849bd9f,2025-01-07 17:50:57,17,1,False
b0397787-101a-4657-8b2a-bbc7813e0ace,CUS-00566,2705.55,pos,Rivers,Port-Harcourt,f389f15b8678ae5c,2025-01-07 17:54:36,17,1,False
b1f3cc97-f3d9-4bbc-80a2-c071c7150e1b,CUS-01827,76318.65,bank_transfer,Akwa Ibom,Akwa Ibom-Central,5b30437f9804c74d,2025-01-07 17:58:01,17,1,False
8c4afb6d-2be0-40b1-a274-ed82abe94638,CUS-01427,464.54,bank_transfer,Katsina,Katsina-Central,c2f17c1bd5b25fd5,2025-01-07 18:01:04,18,1,False
750cca8d-a0da-42f9-8ce2-b167f04ee778,CUS-00649,166.76,pos,Abuja FCT,Gwagwalada,3f03ff507eba6113,2025-01-07 18:09:56,18,1,False
2ead039f-38bf-4b6e-8a48-2482392ae705,CUS-01391,487.97,ussd,Lagos,Mushin,70e5fcb5aea0673c,2025-01-07 18:11:15,18,1,False
9e740d45-2958-4a6f-9bc6-0f6cd4349c35,CUS-00227,38871.33,pos,Rivers,Eleme,5520f23bfce438f4,2025-01-07 18:19:00,18,1,True
080c15a7-bcb5-459c-95a2-20ed41faadc5,CUS-00176,429584.56,bank_transfer,Anambra,Awka South,99959f39f4739903,2025-01-07 18:21:00,18,1,True
12fed083-a48a-4084-be91-8f1ec4958d8e,CUS-01365,733806.2,bank_transfer,Lagos,Agege,75e449b0c77e704e,2025-01-07 18:29:58,18,1,False
7236c8cd-4694-4711-bb63-49f4eac1a168,CUS-00942,1033.26,bank_transfer,Delta,Uvwie,f7c21e7a847ebee4,2025-01-07 18:38:26,18,1,False
d5d14749-64c8-4fa8-8d74-8aeecdf8f2a9,CUS-00130,80564.23,pos,Rivers,Oyigbo,bba31a7c8dcf95ed,2025-01-07 18:42:46,18,1,False
9d195fbe-5f0b-417d-a2bd-b24ef9ea027c,CUS-00227,68793.61,pos,Rivers,Oyigbo,5520f23bfce438f4,2025-01-07 18:55:00,18,1,True
3a063ec0-164b-489c-9a96-6a161d82e5d4,CUS-00227,423.04,ussd,Rivers,Obio-Akpor,5520f23bfce438f4,2025-01-07 19:06:00,19,1,True
cbc25adb-2875-4ff7-86a9-e71ce1c69d4f,CUS-01941,321.61,ussd,Kano,Tarauni,9dbbf7c1e6ccee2c,2025-01-07 19:31:16,19,1,False
61bd6088-abc1-4fd3-a8b5-f185bc5fa725,CUS-01031,20922.74,bank_transfer,Kaduna,Kaduna South,b843bc845143730b,2025-01-07 19:31:50,19,1,False
a8f3046e-225e-4d1f-9580-cfdd5423ce85,CUS-01688,23029.88,mobile_money,Kaduna,Kaduna North,c6da6c20add6ccdb,2025-01-07 19:35:29,19,1,False
c9811708-ed38-465e-b9f1-390d9cbeea39,CUS-00303,4791.5,pos,Enugu,Enugu North,879978b488f0588c,2025-01-07 19:39:31,19,1,False
c8774a79-aca8-447e-8380-8beba5de25aa,CUS-00227,11147.78,pos,Rivers,Eleme,5520f23bfce438f4,2025-01-07 19:47:00,19,1,True
5e7e84bb-0839-40e5-9c0a-42cbfe76df70,CUS-01753,325.63,mobile_money,Lagos,Kosofe,6711f7f87a08894a,2025-01-07 19:57:11,19,1,False
2e1cced1-b554-4ab9-8712-0fe6304bee69,CUS-01749,89329.48,ussd,Lagos,Ikorodu,1bf255c831c8b957,2025-01-07 20:01:21,20,1,False
9ba398cf-7551-4a8a-93d5-871871b60c9b,CUS-00439,3239.17,pos,Lagos,Eti-Osa,602b25072990d14e,2025-01-07 20:16:26,20,1,False
ff4071c3-0ce9-441c-a89b-8398e7839b26,CUS-00848,210.44,bank_transfer,Abuja FCT,Municipal,b8495cc2e07bf6b9,2025-01-07 20:22:42,20,1,False
e34fa2d9-8b96-4d33-8778-8518df20774d,CUS-00888,38828.24,mobile_money,Lagos,Alimosho,1a56ed5070bdfdef,2025-01-07 20:25:19,20,1,False
b736392d-eff7-4902-bb8e-0254a8f49fa8,CUS-01648,98198.67,bank_transfer,Abia,Abia-Central,fed032d7d6ce8d9b,2025-01-07 20:40:49,20,1,False
02546f9e-1fd7-49d6-aa00-8a7a3caeb06a,CUS-01367,333974.68,pos,Kogi,Kogi-Central,1befafdd9209cc78,2025-01-07 20:43:02,20,1,False
2e705dc2-9972-46ed-84c7-2d7fa2799331,CUS-01888,92.75,bank_transfer,Ondo,Ondo-Central,1ae6b13f71f999a3,2025-01-07 20:50:34,20,1,False
fe12a0e1-d3e3-47ee-b0ab-01aa073c77c5,CUS-00099,60.93,bank_transfer,Lagos,Alimosho,8694ca03d669b151,2025-01-07 20:57:49,20,1,False
4b17b1c1-2851-4614-90d9-6046f397f70b,CUS-00830,77.2,bank_transfer,Lagos,Alimosho,641b7c08ec6c7f29,2025-01-07 20:58:48,20,1,False
bc95ea9c-1133-48f9-8644-5bd1f54ba59f,CUS-00135,1969.51,ussd,Kano,Dala,a4f9096364b81dc6,2025-01-07 21:08:15,21,1,False
f764dc4c-29b7-4415-91a9-6a58bcc68a40,CUS-00630,387.18,bank_transfer,Edo,Egor,44673a08c8fcb028,2025-01-07 21:11:51,21,1,False
50950efd-713e-487d-8a5a-be7ee6dd0912,CUS-00113,67986.51,pos,Benue,Benue-Central,7424f512c08e218e,2025-01-07 21:13:07,21,1,False
440d3c9a-269c-437c-bec2-bf38f2a93e73,CUS-00554,365.18,pos,Kebbi,Kebbi-Central,899bca59a4169d29,2025-01-07 21:32:04,21,1,False
2763cf4d-d274-4419-bcf2-f100753729bb,CUS-01543,49179.65,pos,Lagos,Mushin,3a0152b6fe236ef4,2025-01-07 21:44:13,21,1,False
dede0215-0c3b-4442-a8d8-ffb638d447b7,CUS-00227,59273.18,bank_transfer,Rivers,Oyigbo,5520f23bfce438f4,2025-01-07 21:48:00,21,1,True
bbeb398d-7b9a-4541-adef-b452c0c2e9c0,CUS-01782,2802.13,pos,Abuja FCT,Municipal,5a12a23810b5b458,2025-01-07 21:48:32,21,1,False
1bbf2f70-0739-4b88-8e6f-291a33f54668,CUS-00139,1554.91,ussd,Bayelsa,Bayelsa-Central,1b85d0b8604dea2e,2025-01-07 21:52:55,21,1,False
bd71d0cf-0d6e-4af0-8016-9a2ffb52d857,CUS-01034,137.22,ussd,Lagos,Lagos Mainland,4b0acf007c963eb1,2025-01-07 21:53:24,21,1,False
c8111c6e-4b9c-41c4-8f0e-dfe2caa888b3,CUS-01639,311.01,pos,Yobe,Yobe-Central,ae90b6ac4ac47787,2025-01-07 21:56:07,21,1,False
65a47018-7626-45ba-84c7-8239433433bd,CUS-01883,4593.94,pos,Kwara,Kwara-Central,2ae91dfda8953f4b,2025-01-07 22:06:49,22,1,False
0bd1161b-4fe5-4a6c-b6a5-99449baebc04,CUS-00693,2164.13,bank_transfer,Lagos,Surulere,e9162dca20df60af,2025-01-07 22:38:12,22,1,False
7c1033a3-ab1f-4c71-91fa-7ed9fc0e5c10,CUS-00596,655874.04,pos,Anambra,Nnewi North,f7565e7c280c5847,2025-01-07 23:05:19,23,1,False
32654ed8-0e3e-4372-a9dc-e286bc56e450,CUS-00667,71017.25,mobile_money,Lagos,Agege,253d8a4c18d46c1e,2025-01-07 23:11:15,23,1,False
37ea46d3-6565-4f88-b5df-827df5d7080f,CUS-01327,65652.45,bank_transfer,Imo,Imo-Central,eb2337efa4835881,2025-01-07 23:31:34,23,1,False
2bcad74d-e398-42d8-beb5-9a75eedae8ad,CUS-01520,326.43,pos,Lagos,Ikeja,169f145f9407934a,2025-01-08 00:06:00,0,2,True
fc178e74-c6f1-42b4-b559-c950a72f1489,CUS-01520,394.8,mobile_money,Lagos,Kosofe,169f145f9407934a,2025-01-08 00:15:00,0,2,True
7b1b9808-0adb-4f11-95f2-af3b462f82b7,CUS-01520,143.72,pos,Lagos,Mushin,169f145f9407934a,2025-01-08 00:18:00,0,2,True
2aee8f25-a204-4d8a-b1fc-e9bdccc3cc40,CUS-01520,418.59,mobile_money,Lagos,Oshodi-Isolo,169f145f9407934a,2025-01-08 00:25:00,0,2,True
639ab39f-5977-483d-8237-37a2a7541bdf,CUS-01520,357.33,ussd,Lagos,Eti-Osa,169f145f9407934a,2025-01-08 00:37:00,0,2,True
58f8a845-fd30-446e-8493-0da79d54423f,CUS-01520,126.81,pos,Lagos,Eti-Osa,169f145f9407934a,2025-01-08 00:44:00,0,2,True
d6d1101e-e9e0-48c1-a1ab-4acaf7660c44,CUS-00013,76795.7,pos,Lagos,Oshodi-Isolo,c3b8b5c1699a40c1,2025-01-08 00:44:53,0,2,False
4c254868-f986-4489-b93b-48aef48c1685,CUS-01520,465.8,ussd,Lagos,Oshodi-Isolo,169f145f9407934a,2025-01-08 00:50:00,0,2,True
1d951cd7-b661-4eb9-a877-4b67b3d7431f,CUS-00288,96.12,bank_transfer,Kano,Fagge,2303bb40e0492b07,2025-01-08 01:08:55,1,2,False
dc2d8372-f2c1-4983-b565-edfeebc4a391,CUS-01681,321.41,pos,Ebonyi,Ebonyi-Central,90b8992bfab5317d,2025-01-08 01:16:12,1,2,False
b52bbbb0-4e77-48a7-abc2-ca9f171e2400,CUS-01502,64686.69,card,Lagos,Surulere,7d35363b4da45b4d,2025-01-08 01:26:35,1,2,False
85ac4d3e-32b7-461d-a667-edfbdbba3bcc,CUS-01316,301665.77,bank_transfer,Oyo,Oyo East,e293f6db0961a793,2025-01-08 01:35:00,1,2,True
a1afe085-e940-4daf-b39d-df4d1942d3f3,CUS-01238,22222.78,bank_transfer,Akwa Ibom,Akwa Ibom-Central,4f2883e80ffbe344,2025-01-08 02:50:48,2,2,False
14320400-2509-4d49-bfeb-6745d6b08956,CUS-00790,1971.03,mobile_money,Lagos,Ikorodu,b15e711fa28274c0,2025-01-08 03:20:20,3,2,False
6c5e90ac-b3c7-42f2-97aa-568f3692a791,CUS-01567,817622.6,bank_transfer,Lagos,Mushin,30c29ebcbd60bd63,2025-01-08 03:35:00,3,2,True
e5fc06db-c47f-40bc-9c7a-0f059c8b597c,CUS-01063,302197.31,bank_transfer,Rivers,Obio-Akpor,9e1a89fd42d907c4,2025-01-08 03:55:00,3,2,True
815b5133-5925-4ea1-82a8-7f7a70e21857,CUS-01894,168.37,mobile_money,Oyo,Ibadan South-West,caa7f44890efbfa1,2025-01-08 04:06:17,4,2,False
283fef34-23f6-41c5-b766-0d2c3255a981,CUS-00535,414.88,mobile_money,Jigawa,Jigawa-Central,99b1889353b4384a,2025-01-08 04:12:18,4,2,False
bb1093ea-2898-4ec0-9f97-1614d9d07c69,CUS-01847,1058.31,bank_transfer,Lagos,Surulere,c635e7b67ef870da,2025-01-08 05:31:35,5,2,False
7ec74a1e-bea9-4065-bc47-63e92b3ee9c7,CUS-01206,203.16,mobile_money,Anambra,Onitsha North,f1b490b78701a7d8,2025-01-08 06:00:00,6,2,True
5b62dfa5-b767-4426-b1b3-72165b998476,CUS-01967,940112.81,pos,Rivers,Port-Harcourt,965675831981c69d,2025-01-08 06:08:19,6,2,False
4425bc1a-55ba-4913-b8e0-bfe33501227d,CUS-01206,478.51,ussd,Anambra,Onitsha North,f1b490b78701a7d8,2025-01-08 06:21:00,6,2,True
e96815a9-8885-4a46-b993-eedc9096d8e4,CUS-01206,77.57,mobile_money,Anambra,Awka South,f1b490b78701a7d8,2025-01-08 06:35:00,6,2,True
34c3cbc3-31c6-432f-9ccc-eb010d10f6b0,CUS-01206,97.86,mobile_money,Anambra,Awka South,f1b490b78701a7d8,2025-01-08 06:37:00,6,2,True
ea8ac41d-4617-4d17-95cc-b1da03cf8a6d,CUS-01206,132.91,mobile_money,Anambra,Onitsha North,f1b490b78701a7d8,2025-01-08 06:37:00,6,2,True
4867aa2d-4f2c-4b1a-8b7d-58e5d3ae780b,CUS-01206,207.51,ussd,Anambra,Awka South,f1b490b78701a7d8,2025-01-08 06:40:00,6,2,True
99cfb9e8-7ff6-4c63-bcf0-3a5b066dbf62,CUS-01206,178.14,pos,Anambra,Nnewi North,f1b490b78701a7d8,2025-01-08 06:46:00,6,2,True
7405dcf0-ef22-473a-ba33-5fad25213f16,CUS-01206,179.15,pos,Anambra,Onitsha North,f1b490b78701a7d8,2025-01-08 06:51:00,6,2,True
9f7d7117-1334-479d-ad91-499ecc8f7c60,CUS-00727,78759.93,bank_transfer,Lagos,Agege,5e2631ade3332edb,2025-01-08 07:00:00,7,2,True
8d4ecc06-c4e6-4997-8307-97fa743d9200,CUS-01766,3020.41,bank_transfer,Osun,Osun-Central,95b4edf9a9a1eb6f,2025-01-08 07:13:04,7,2,False
9074cb63-1e46-4bf5-b893-1bec99c06704,CUS-00727,908.18,card,Yobe,Yobe-Central,5e2631ade3332edb,2025-01-08 07:23:00,7,2,True
2dcea7cb-7d9e-47e0-bc1e-1f73e318d6c5,CUS-01138,489.2,bank_transfer,Abuja FCT,Kuje,927ad78e9082ea6e,2025-01-08 07:57:12,7,2,False
fe6eab07-45b3-47f9-863c-cc82e92c6902,CUS-00825,494.69,ussd,Adamawa,Adamawa-Central,3dfac513d348b765,2025-01-08 08:08:00,8,2,True
d3a456d4-5fb2-4e01-b395-29d7399a3dfa,CUS-00825,487.42,ussd,Adamawa,Adamawa-Central,3dfac513d348b765,2025-01-08 08:15:00,8,2,True
bfaed042-80e1-4d79-a861-c508f962b029,CUS-00825,383.27,mobile_money,Adamawa,Adamawa-Central,3dfac513d348b765,2025-01-08 08:16:00,8,2,True
0094e530-e9d6-4a4e-9deb-5addbc706065,CUS-01432,70263.13,mobile_money,Abuja FCT,Municipal,93530302c2ac579f,2025-01-08 08:24:44,8,2,False
b3695298-a747-42df-81e9-e6802bebd901,CUS-00825,105.95,ussd,Adamawa,Adamawa-Central,3dfac513d348b765,2025-01-08 08:25:00,8,2,True
d4707107-c00f-40be-90ff-ab4192e93873,CUS-00825,362.86,pos,Adamawa,Adamawa-Central,3dfac513d348b765,2025-01-08 08:30:00,8,2,True
95e9777f-1e1d-48a1-8e74-a7708b8fe86a,CUS-00457,216.98,bank_transfer,Abuja FCT,Municipal,bf419fd9bf1b95cb,2025-01-08 08:35:26,8,2,False
c50c84e8-cf74-417d-88a2-9e63fc1166ab,CUS-00825,344.96,ussd,Adamawa,Adamawa-Central,3dfac513d348b765,2025-01-08 08:48:00,8,2,True
1f98fda8-7413-431d-9be3-7606f81e583d,CUS-01463,463.46,mobile_money,Delta,Oshimili South,c8977aab38696c1b,2025-01-08 08:49:26,8,2,False
73d34294-e49b-43f6-b0d1-1d62e666f5fb,CUS-00825,408.23,mobile_money,Adamawa,Adamawa-Central,3dfac513d348b765,2025-01-08 08:50:00,8,2,True
0a3d4b5c-f231-401e-a9de-63579d907291,CUS-01979,37476.0,ussd,Borno,Borno-Central,9d5dd236bdaf1bc7,2025-01-08 09:14:13,9,2,False
1039555d-6117-400b-b817-6bc71b2475bf,CUS-01975,4048.19,ussd,Jigawa,Jigawa-Central,640d7e3fa91691b5,2025-01-08 09:15:14,9,2,False
0d7cfc45-1d15-45b3-bc35-0040fc2e318f,CUS-00296,25262.26,pos,Kwara,Kwara-Central,68d9bede91204ef9,2025-01-08 09:26:59,9,2,False
5b799089-6665-4320-8b6a-5acc4f8cdadd,CUS-00578,1986.35,pos,Abuja FCT,Kuje,11bf76c9882864cd,2025-01-08 09:32:09,9,2,False
894405ff-c7b4-44e3-aa75-02ab9bea4be8,CUS-01144,241.83,pos,Kano,Fagge,79f2ca9dea7f4c82,2025-01-08 09:40:02,9,2,False
0841ce1a-3459-4b32-a480-555ab51869e5,CUS-00307,3928.41,bank_transfer,Kano,Nassarawa,6d0a82c927ff5ec6,2025-01-08 09:40:28,9,2,False
34488899-51c6-427a-a904-350081c096a8,CUS-00594,3032.2,pos,Nassarawa,Nassarawa-Central,62169e9b81a796c6,2025-01-08 09:43:00,9,2,False
c2c6a184-f3c2-4c1c-b625-210b0252d5a2,CUS-00362,228.96,mobile_money,Abuja FCT,Gwagwalada,945a52114414000f,2025-01-08 09:45:00,9,2,True
28edeece-bd9b-4934-96f2-ebe5fcc83c6d,CUS-00362,53394.73,ussd,Abuja FCT,Bwari,945a52114414000f,2025-01-08 09:46:00,9,2,True
2e5bb1f6-b27c-4626-a924-37514cf9e7a5,CUS-00882,102.64,pos,Lagos,Agege,3d74006a0bf2fcbe,2025-01-08 09:49:07,9,2,False
0e90ab7e-ad39-4cb0-97e5-73082bddda91,CUS-01378,21313.75,pos,Kano,Fagge,9b8e99a87eb4e70c,2025-01-08 09:58:50,9,2,False
e5bffad5-261b-4c25-ba7c-299bd6359edb,CUS-00719,833228.06,pos,Ondo,Ondo-Central,d7f45d58c22a3dfe,2025-01-08 10:23:36,10,2,False
b11b4061-a7f9-4c00-93ea-a58cb45469fc,CUS-00569,15327.35,ussd,Kano,Dala,8a3912d9c4370463,2025-01-08 10:34:42,10,2,False
a5f310b0-6998-43bd-9e36-a94001d72c6c,CUS-00362,2423.91,pos,Abuja FCT,Gwagwalada,945a52114414000f,2025-01-08 10:37:00,10,2,True
7c95276c-b816-472e-904f-0219d3dcec09,CUS-01977,72637.23,bank_transfer,Rivers,Oyigbo,02673b590c313531,2025-01-08 10:44:42,10,2,False
74546794-5aa2-4a07-b9d8-be6c090f28a0,CUS-01419,980.21,pos,Gombe,Gombe-Central,6afa9c9e3a1afd35,2025-01-08 10:46:55,10,2,False
50d42df0-3d34-4a2d-a392-7b3cfc26a0d0,CUS-01939,277.3,bank_transfer,Lagos,Alimosho,8768ba6957f10aa1,2025-01-08 10:59:44,10,2,False
7fbd9b17-3faa-43e3-b87c-2a3c484a6b51,CUS-00944,799280.1,card,Lagos,Alimosho,50fc92000a61d043,2025-01-08 11:02:20,11,2,False
a2bc795a-4ed7-43f9-bf9b-09164b5d2695,CUS-01034,279.65,pos,Lagos,Ikeja,4b0acf007c963eb1,2025-01-08 11:07:07,11,2,False
9340e72e-293f-42d8-8d0c-c3ef5919806d,CUS-00947,37616.95,bank_transfer,Nassarawa,Nassarawa-Central,16f02fc59c758e76,2025-01-08 11:09:08,11,2,False
2052e7bb-eb72-4408-b6e2-97e6231e06b9,CUS-00268,14511.68,pos,Rivers,Obio-Akpor,39eb4d2056be0d8b,2025-01-08 11:10:54,11,2,False
a6984db6-8d2a-4fe3-996f-34f06586ff3c,CUS-01665,2682.0,bank_transfer,Borno,Borno-Central,f822c218fdd2c293,2025-01-08 11:24:06,11,2,False
8a967f83-e1fe-4d49-a3c3-8ce08089957d,CUS-00225,22154.41,pos,Lagos,Kosofe,0745bb953102d53d,2025-01-08 11:29:01,11,2,False
920a0008-9ce0-488f-91cf-627d33289146,CUS-01438,60464.16,ussd,Lagos,Ikorodu,9e67975ac1e802bd,2025-01-08 11:46:47,11,2,False
42788e33-9006-4204-aaac-faae69535320,CUS-01715,25966.54,pos,Ogun,Ogun-Central,542b8868a3076c1b,2025-01-08 11:48:36,11,2,False
843e7f1b-f653-4f7f-93fc-d39aefb9aa61,CUS-00012,77528.86,ussd,Bauchi,Bauchi-Central,e79bb123ff92969b,2025-01-08 11:51:23,11,2,False
299ca52c-59c2-427d-9bb7-68baa8245c6e,CUS-01116,4681.96,mobile_money,Lagos,Agege,808e5a351d941f60,2025-01-08 12:08:22,12,2,False
20a42116-ffde-412a-9616-781affc78d35,CUS-01821,305.74,pos,Lagos,Surulere,e7ac53555b39c0fc,2025-01-08 12:11:48,12,2,False
a269303d-2bf3-44a3-9c97-eb5692a43afe,CUS-00245,12953.28,bank_transfer,Yobe,Yobe-Central,98fd0374a3da0b15,2025-01-08 12:14:07,12,2,False
87fca784-ebaa-445e-8c14-a6d92ba8c659,CUS-01387,928926.56,bank_transfer,Lagos,Ikorodu,94ead7a09cb67bfc,2025-01-08 12:20:45,12,2,False
bd0cb876-279f-4ac0-957c-8cf0fd614db4,CUS-01500,4409.13,pos,Abuja FCT,Municipal,b9a3547038ddbc74,2025-01-08 12:34:27,12,2,False
d1b6bb27-6698-47e3-8874-a03c2358e27e,CUS-00286,186.84,bank_transfer,Abuja FCT,Kuje,475411eb6eadef97,2025-01-08 12:35:18,12,2,False
62958370-4a85-4e76-9a2b-4026747d7c46,CUS-01289,91194.19,bank_transfer,Lagos,Alimosho,071f24dd723ca26b,2025-01-08 12:36:26,12,2,False
0462920e-0cc8-4900-80ae-99d82c33d120,CUS-00565,72038.26,pos,Kaduna,Kaduna South,0d3ddcef520e555e,2025-01-08 12:38:51,12,2,False
50dd2fcd-6ff7-4bf4-8917-6b0de38a3040,CUS-00462,11388.22,bank_transfer,Osun,Osun-Central,da005172e3bfeaf9,2025-01-08 12:41:50,12,2,False
a12e2d5d-4050-473a-8da8-a471a87a92b5,CUS-01957,4271.68,bank_transfer,Rivers,Oyigbo,540af2a595b54ac2,2025-01-08 12:45:46,12,2,False
cdbcdbbf-05be-45ab-9532-14e5416afd46,CUS-01435,359.74,bank_transfer,Lagos,Alimosho,094a78f31d5a2bb7,2025-01-08 12:47:36,12,2,False
42f3608a-de32-41af-b571-da4482bba747,CUS-01262,889.29,bank_transfer,Kano,Nassarawa,1ab742983a1d648b,2025-01-08 12:49:42,12,2,False
f4f1c558-19f2-4ab4-9e53-808a5fb5948e,CUS-00921,45294.02,mobile_money,Abuja FCT,Gwagwalada,c65673b7915bf99e,2025-01-08 13:03:35,13,2,False
1d67d874-10c7-4049-82e8-a483dfd2761a,CUS-01916,348.92,mobile_money,Niger,Niger-Central,5cc192455973d5fe,2025-01-08 13:12:14,13,2,False
d02517a1-3032-41b0-b411-c7f2c9637a9f,CUS-01057,65487.16,pos,Rivers,Obio-Akpor,5bf01b42e23bcb1a,2025-01-08 13:26:31,13,2,False
ab14baed-f748-42fb-a920-a8c1596adaf2,CUS-01991,830735.83,pos,Lagos,Alimosho,abb9607a0f5b6000,2025-01-08 13:29:34,13,2,False
e5510ab6-d3f9-4346-a651-8132f0967fe7,CUS-01647,4043.81,bank_transfer,Plateau,Plateau-Central,5257b92dfae63a07,2025-01-08 13:40:04,13,2,False
f4de7018-4afd-48f7-822a-eb734d274b86,CUS-01548,583.57,pos,Lagos,Alimosho,4c6c2fda7eb08019,2025-01-08 13:42:51,13,2,False
4acfcc7b-cfa1-4ca9-9da5-a7daa1f5d39c,CUS-00362,1504.3,pos,Abuja FCT,Municipal,945a52114414000f,2025-01-08 13:45:00,13,2,True
12c92308-1f7a-43b2-af88-7b3cb73d3f4a,CUS-01615,236.46,pos,Anambra,Onitsha North,7910d927cbcddaeb,2025-01-08 14:04:57,14,2,False
0cbc407d-ecfa-499b-bfee-022b4f5e63bc,CUS-01807,1611.45,pos,Lagos,Mushin,39b75e6bcf7ef405,2025-01-08 14:19:38,14,2,False
c81f4c11-8e4b-459d-a12f-f7959af3984b,CUS-00865,54021.67,bank_transfer,Oyo,Ibadan South-West,e9032859d1633dcd,2025-01-08 14:31:52,14,2,False
92c83d52-fbad-4e43-bab9-33c51905e158,CUS-01095,387544.9,mobile_money,Lagos,Ikeja,9ac4df5dd4c901ee,2025-01-08 14:32:47,14,2,False
faa37a4f-fcc2-42fe-a6ec-783dd71431a0,CUS-01864,456.48,pos,Ogun,Ogun-Central,30d210bf341300b3,2025-01-08 14:34:05,14,2,False
7befa438-2f84-4b78-b08d-7064e913fe1c,CUS-01381,18150.55,mobile_money,Rivers,Oyigbo,f4b4ef6860ca96ae,2025-01-08 14:37:19,14,2,False
1ae7f668-ff2b-47a1-acc5-9bebada5414d,CUS-01646,71549.44,pos,Rivers,Oyigbo,47fd3830210a5886,2025-01-08 15:00:00,15,2,True
fdb2579a-92ee-41fa-81bf-13aade4e6bf8,CUS-00734,3407.19,ussd,Kano,Gwale,9450c2933d9e8fbb,2025-01-08 15:03:39,15,2,False
4e0b4c30-f522-47a6-b0b4-ea4c30423d76,CUS-01876,451.0,pos,Kaduna,Kaduna South,f535c1276725ba9c,2025-01-08 15:03:47,15,2,False
2f066a40-4107-498c-bb29-974ed44c7455,CUS-00614,290.58,pos,Kebbi,Kebbi-Central,edcc4e7a1ddd752d,2025-01-08 15:04:38,15,2,False
62513a30-8f11-44db-805f-bc82733b3818,CUS-01646,27352.94,pos,Kano,Dala,47fd3830210a5886,2025-01-08 15:08:00,15,2,True
8500b058-975c-4ca4-a8ba-c74a755a8f45,CUS-01481,3084.27,bank_transfer,Lagos,Agege,fb1a5782a9cd5080,2025-01-08 15:08:30,15,2,False
09c5c2b9-1655-4e25-b371-bff83653cd14,CUS-01968,42983.98,bank_transfer,Kano,Gwale,5bf0380f23ab981e,2025-01-08 15:17:47,15,2,False
d5dec24b-8d83-4093-bfcb-ab3f718f517b,CUS-01720,588.77,pos,Lagos,Kosofe,d367b754b9943828,2025-01-08 15:21:30,15,2,False
3c5f6a64-ef6c-4bdd-ab3b-569abc521e06,CUS-01604,463.48,pos,Lagos,Surulere,f3a9328502c9a405,2025-01-08 15:32:40,15,2,False
d54d7ae7-c197-4283-b5df-374cf5caf0a5,CUS-00984,3245.31,bank_transfer,Ondo,Ondo-Central,1f37995146c627bd,2025-01-08 15:45:15,15,2,False
0d30f62c-c6a8-4d76-ab84-3e48bfba7215,CUS-01768,2788.99,pos,Rivers,Obio-Akpor,b6aa9c1e85e68262,2025-01-08 16:00:25,16,2,False
af7107b3-4d85-47e0-9d60-aedd39d93120,CUS-01069,790117.29,mobile_money,Kano,Nassarawa,b069407252ab93ec,2025-01-08 16:24:25,16,2,False
5f7051c8-5667-4b90-b8df-2a7ae25b3066,CUS-01910,56468.96,pos,Kano,Tarauni,ea6850c62e2c1350,2025-01-08 16:44:50,16,2,False
d5b4040e-f3d5-4104-bf6f-6eccd78c4f87,CUS-01150,2642.67,bank_transfer,Edo,Egor,6a45da23b71f0b13,2025-01-08 16:57:30,16,2,False
d483bad1-bd3e-4505-b478-5936a5df5343,CUS-00011,4269.06,pos,Bayelsa,Bayelsa-Central,b9f6cefb5c85d533,2025-01-08 16:58:25,16,2,False
bc97d0dc-a94d-4153-acd1-544e2abb5cb3,CUS-00633,13435.22,bank_transfer,Oyo,Ogbomoso,588850e3ca7f47b7,2025-01-08 17:02:07,17,2,False
76e94407-0f69-46b9-b564-66a1a6c5bb2f,CUS-00964,4355.41,ussd,Kano,Kumbotso,e33948824013bc1f,2025-01-08 17:02:27,17,2,False
f935ca7c-e714-42fb-b2ad-b96a9085027f,CUS-00726,898951.96,pos,Lagos,Alimosho,dafcccd8fd9e36a8,2025-01-08 17:02:31,17,2,False
ff5f07c7-b483-4852-bc54-1dd874b60abb,CUS-01156,693939.46,ussd,Lagos,Oshodi-Isolo,031d6ab684c1b05f,2025-01-08 17:04:05,17,2,False
372ead39-804a-4b1f-8c3c-a6be90f013f9,CUS-00618,45654.92,mobile_money,Benue,Benue-Central,ef3877fe8a94f510,2025-01-08 17:10:29,17,2,False
8dd53cac-ad96-4b6f-83b1-072417233f19,CUS-00362,909828.91,mobile_money,Abuja FCT,Municipal,945a52114414000f,2025-01-08 17:20:00,17,2,True
da5d872c-7740-4258-befe-bc4b1fa65c06,CUS-01210,195608.81,bank_transfer,Rivers,Obio-Akpor,0e27aca8e7040c91,2025-01-08 17:25:00,17,2,True
4531888e-f257-498b-aa38-f77c287470cb,CUS-00533,3507.98,pos,Oyo,Ibadan North,ed52fa7157600cd1,2025-01-08 17:39:40,17,2,False
56e4a948-1807-47b1-95cf-34a34f58a8e6,CUS-01408,257.67,pos,Kaduna,Kaduna South,f620b73c52c3b107,2025-01-08 17:46:20,17,2,False
0ef44fee-309d-4dfe-bbe6-ee3b19ad7f51,CUS-00833,30452.76,pos,Lagos,Agege,3304a5aa1d13da71,2025-01-08 17:51:04,17,2,False
8b8248b1-2eca-4be7-bd1b-36fcc17608c5,CUS-01172,3723.28,pos,Enugu,Enugu North,8fab45462ee28d2f,2025-01-08 18:01:36,18,2,False
5eb6ce91-d05c-4f24-a749-c40a6dc2e30d,CUS-00370,40561.81,mobile_money,Lagos,Lagos Mainland,90ecea92534cd57f,2025-01-08 18:10:20,18,2,False
cc5f2c12-ca86-4e86-b185-0a3e65aff134,CUS-01243,68573.18,mobile_money,Borno,Borno-Central,93484305876b6f42,2025-01-08 18:11:36,18,2,False
75edb588-d849-4624-942e-d025ad31ad81,CUS-01953,90.06,pos,Osun,Osun-Central,dd76f26c9b5be843,2025-01-08 18:16:44,18,2,False
504751c0-208d-48bb-859c-e656633fe6da,CUS-01414,603.3,bank_transfer,Oyo,Ibadan North,d4d3c0f8c47d790d,2025-01-08 18:17:45,18,2,False
a31b547e-dada-4ee6-ab0e-d68c912b146c,CUS-01702,2687.78,pos,Kano,Kumbotso,f22f0d78734c4760,2025-01-08 18:40:03,18,2,False
a922aad1-6f00-4624-a689-769be8a30de9,CUS-00770,3674.14,pos,Lagos,Alimosho,07ebcbdbcca5ed04,2025-01-08 18:40:09,18,2,False
67403911-8c68-4f5f-ab54-b3f1c28a0e0f,CUS-01162,23635.25,pos,Kano,Fagge,4d4fdcee1f176dbe,2025-01-08 18:45:36,18,2,False
52c82f8c-0d9a-48b0-9e50-76729975aaf7,CUS-00404,81233.33,mobile_money,Kano,Kumbotso,83cdd4fae91f11b3,2025-01-08 19:03:14,19,2,False
838746cb-1c81-44e0-bb64-842614173335,CUS-01707,28806.69,pos,Lagos,Agege,9fd922cd16970c90,2025-01-08 19:18:22,19,2,False
6af7e250-9050-405a-b565-298fcecaf40a,CUS-01293,39901.59,bank_transfer,Anambra,Nnewi North,114ee9c684964d54,2025-01-08 19:26:08,19,2,False
89270c94-a22a-4c05-b8a8-d82b34adab72,CUS-01363,55784.24,pos,Enugu,Nsukka,6e6997728cb47e26,2025-01-08 19:29:27,19,2,False
c7708f39-75f9-47e1-aad3-1af6f7753452,CUS-01012,4437.4,pos,Jigawa,Jigawa-Central,620b41a6cde49986,2025-01-08 19:34:53,19,2,False
8f88f5a7-f5f1-45ce-afbf-973f520a7a17,CUS-00428,3422.09,pos,Kano,Dala,e99fa23fc8e6faf1,2025-01-08 19:38:36,19,2,False
92051ffa-1c5e-4bd5-bd24-ad8466b18b56,CUS-00897,1996.62,pos,Nassarawa,Nassarawa-Central,5b9761b9c452f988,2025-01-08 19:39:38,19,2,False
cf81030e-3795-45bf-a51f-b0c8480b9b51,CUS-00362,95581.13,pos,Abuja FCT,Municipal,945a52114414000f,2025-01-08 19:43:00,19,2,True
9cdf2a07-2af5-4248-a508-f01119cd3681,CUS-01977,230.39,pos,Rivers,Eleme,02673b590c313531,2025-01-08 19:57:56,19,2,False
e0470865-d632-4033-997a-fd1eaaa4191b,CUS-01278,4038.71,bank_transfer,Lagos,Lagos Mainland,8f89b849a3239d26,2025-01-08 20:13:22,20,2,False
90a01feb-c4c9-4c53-8ffd-0e3bde684fbe,CUS-01867,64428.3,mobile_money,Lagos,Ikorodu,6ac201ad911de038,2025-01-08 20:27:11,20,2,False
ccf9ec87-c495-46e8-bf0e-24e1c353c276,CUS-01427,2771.22,bank_transfer,Katsina,Katsina-Central,c2f17c1bd5b25fd5,2025-01-08 20:30:14,20,2,False
7e537d94-d684-44cf-90da-4c7053b55a87,CUS-01299,83.19,mobile_money,Edo,Egor,463bb7d0d1220095,2025-01-08 20:33:30,20,2,False
d95803ad-7476-4b23-9dbc-5fe5a0c00b5e,CUS-00362,51155.01,mobile_money,Abuja FCT,Municipal,945a52114414000f,2025-01-08 20:41:00,20,2,True
047f749c-4dbc-451e-b76b-2012d2d0f885,CUS-00362,805.52,pos,Abuja FCT,Bwari,945a52114414000f,2025-01-08 20:45:00,20,2,True
f0aca810-b3bc-4848-9b33-2d670d3d83dc,CUS-00555,16832.26,card,Rivers,Obio-Akpor,2bb9648d451718fc,2025-01-08 20:46:32,20,2,False
eefd721e-4f7a-46b6-b170-c3cde3e25105,CUS-01162,3917.61,ussd,Kano,Tarauni,4d4fdcee1f176dbe,2025-01-08 20:47:18,20,2,False
b8a3c902-6083-49ac-8dfc-118c6239e4df,CUS-01859,145.95,mobile_money,Ondo,Ondo-Central,69ff6246dfa76a1c,2025-01-08 20:53:39,20,2,False
b593cf30-3e3a-42d4-a0d7-1c3fa2d500bf,CUS-00362,11036.83,pos,Abuja FCT,Kuje,945a52114414000f,2025-01-08 20:56:00,20,2,True
61aecab1-1922-4e90-9e5f-454383a13b5f,CUS-01382,2328.62,pos,Bayelsa,Bayelsa-Central,e574935d513d27c9,2025-01-08 21:06:14,21,2,False
30c00cd8-e9f3-4ea3-ae87-2228c53e29db,CUS-00106,1966.68,ussd,Rivers,Port-Harcourt,6a04b71095cc9970,2025-01-08 21:10:37,21,2,False
8a20123e-10ad-49ad-a7fc-40650430c61b,CUS-01107,2831.44,pos,Kwara,Kwara-Central,3a15b34bb5d0c2d2,2025-01-08 21:12:08,21,2,False
22c1f8e2-9b6f-4951-93ed-560f500ff47e,CUS-01927,3109.15,mobile_money,Abuja FCT,Municipal,f2eeaed31f982ebf,2025-01-08 21:15:18,21,2,False
95383e39-ba50-49eb-b0bb-7b8d93c9acad,CUS-00216,399.96,mobile_money,Kano,Gwale,48b45369cc93bdd8,2025-01-08 21:29:36,21,2,False
deb96121-9bde-493b-8429-c4fb5f9e8c0c,CUS-00904,63944.53,bank_transfer,Rivers,Port-Harcourt,d0e1243f2b62d140,2025-01-08 21:44:52,21,2,False
a545d7fb-4d95-44b5-9674-7b59ac14bbfb,CUS-01496,433.23,bank_transfer,Enugu,Nsukka,3ac019d4fb43e753,2025-01-08 21:51:20,21,2,False
726fb150-dc97-4389-9384-e3051fe33b39,CUS-00362,262.09,bank_transfer,Abuja FCT,Gwagwalada,945a52114414000f,2025-01-08 22:11:00,22,2,True
26f052c3-e166-47fd-9647-4860e643e89b,CUS-01772,322957.26,pos,Niger,Niger-Central,19b1abc87809440d,2025-01-08 22:18:46,22,2,False
8c3cad8b-9558-49c2-816c-cfc26d58b500,CUS-00362,425.82,pos,Abuja FCT,Bwari,945a52114414000f,2025-01-08 22:38:00,22,2,True
44f12b13-86eb-49a5-92a3-8b3955d008be,CUS-00362,128.11,pos,Abuja FCT,Bwari,945a52114414000f,2025-01-08 22:47:00,22,2,True
f4c4aa74-34bc-4486-92c0-c9cd81590867,CUS-00253,247.06,pos,Kano,Nassarawa,9ff58e403109ef30,2025-01-08 23:33:07,23,2,False
8453ffdf-1408-4995-8051-c4bc134089cb,CUS-01191,408.59,ussd,Oyo,Ibadan North,371b42a69e8e1d4d,2025-01-09 00:37:56,0,3,False
2742f2d1-f26a-4da0-a1d4-1a1a36cdc346,CUS-00769,891232.24,bank_transfer,Plateau,Plateau-Central,2bf4c4b79c399a09,2025-01-09 01:03:00,1,3,True
dbb97368-71a7-4b05-8460-abf520bbd94e,CUS-00591,862250.5,bank_transfer,Enugu,Enugu East,b0b6b7ab4a04ad56,2025-01-09 02:21:00,2,3,True
a874a501-4c7b-48cd-8e98-5d6060b7cbcb,CUS-00391,354486.7,bank_transfer,Rivers,Eleme,52e45b3cfc6c465c,2025-01-09 02:41:00,2,3,True
95cfb1ef-506b-4a4e-94d0-280f6af13e28,CUS-00327,194901.65,bank_transfer,Kaduna,Kaduna North,83677903174a360f,2025-01-09 03:23:00,3,3,True
55b8bac5-4f82-4d51-a18f-429b6c7a2053,CUS-01072,893767.11,bank_transfer,Lagos,Surulere,5e8f9450d294cb82,2025-01-09 03:53:00,3,3,True
b68b2b00-1df4-4bad-8c77-db8b8f8d0526,CUS-01614,808420.91,bank_transfer,Kano,Nassarawa,1b4932f290b1fc00,2025-01-09 04:20:54,4,3,False
b6f654e8-8a6b-4f9d-8c55-3406e726a529,CUS-01588,3455.54,pos,Rivers,Port-Harcourt,66d4c5dbca5c27b5,2025-01-09 04:22:32,4,3,False
e553e1cb-6767-4238-85aa-3036c7553613,CUS-00763,327.54,bank_transfer,Osun,Osun-Central,66633ed51d4a4d6a,2025-01-09 04:36:21,4,3,False
56b1728d-c426-4dc5-a69a-4a6484bc2c01,CUS-00203,79395.45,pos,Nassarawa,Nassarawa-Central,28e1a249d12d9596,2025-01-09 04:55:55,4,3,False
1f4a8f4b-41bb-4a9f-b1d0-e72af6e9ee86,CUS-00562,151973.71,bank_transfer,Lagos,Surulere,5638a1f9b6523012,2025-01-09 05:57:00,5,3,True
c4c58f46-11bc-446e-b61e-0b2900b0c711,CUS-00328,260.83,bank_transfer,Rivers,Port-Harcourt,c6ea48448e01a500,2025-01-09 06:34:32,6,3,False
1bcee459-6a39-4cc4-a8dd-51cbe99c697a,CUS-00122,485496.14,bank_transfer,Kano,Dala,42206963555634b3,2025-01-09 07:02:00,7,3,True
3cbbf3fb-7da9-4efe-9a1f-8def9d6b0c50,CUS-00122,673285.26,pos,Kano,Fagge,42206963555634b3,2025-01-09 07:20:00,7,3,True
5d36515f-cef2-4958-81e2-dc27aaaea4f7,CUS-00234,73828.22,pos,Lagos,Alimosho,3cab18aa8000d870,2025-01-09 07:57:00,7,3,True
8882c4e3-34f1-4686-b8ca-df60db8f0e32,CUS-00234,1284.77,ussd,Lagos,Eti-Osa,3cab18aa8000d870,2025-01-09 08:11:00,8,3,True
78ca6bbd-98b5-44f5-a3f0-2b225349b594,CUS-00234,89413.32,bank_transfer,Lagos,Surulere,3cab18aa8000d870,2025-01-09 08:45:00,8,3,True
7bd800d1-c8d1-4554-95a7-83aab3c04505,CUS-00369,71231.11,bank_transfer,Lagos,Kosofe,31d1603ffb4a5ee0,2025-01-09 09:04:00,9,3,True
e99b79c0-e93e-4530-ba21-c5ec8aeff3fd,CUS-01851,210.68,pos,Benue,Benue-Central,d3e748409aa8c63f,2025-01-09 09:08:02,9,3,False
de28b734-58f4-4cfb-9fe2-adec8992cee1,CUS-00079,327.36,bank_transfer,Lagos,Alimosho,547904e86a6fecb8,2025-01-09 09:08:08,9,3,False
6653dda2-450c-4a21-958b-c3df7c8b59b4,CUS-00234,43853.05,ussd,Lagos,Kosofe,3cab18aa8000d870,2025-01-09 09:30:00,9,3,True
6b9f2bda-71f4-4084-a9de-c240a6cdd1e9,CUS-00369,346.3,bank_transfer,Lagos,Kosofe,31d1603ffb4a5ee0,2025-01-09 09:41:00,9,3,True
d20f293f-894e-4624-9250-142ca455a728,CUS-00234,46981.77,pos,Lagos,Mushin,3cab18aa8000d870,2025-01-09 09:50:00,9,3,True
97350527-6d11-4c14-91fd-eeea3292a762,CUS-00923,497388.58,pos,Imo,Imo-Central,ebacbea70d530fdc,2025-01-09 09:55:29,9,3,False
9120b166-b43e-45f3-b092-215033b797f4,CUS-01935,204.67,bank_transfer,Benue,Benue-Central,beac29344830dd2f,2025-01-09 10:06:57,10,3,False
54f88b41-d387-481f-8d9d-1dc3fbd643be,CUS-00692,317770.7,bank_transfer,Abuja FCT,Municipal,a23dd42d3a699c35,2025-01-09 10:10:00,10,3,True
1b3277d3-b4ce-4ce1-8203-a617010af3f8,CUS-01737,4655.46,mobile_money,Lagos,Agege,d65c63cbb8989857,2025-01-09 10:17:53,10,3,False
4a4cbff4-7254-46a6-b182-191de541a923,CUS-01545,267.49,pos,Abuja FCT,Bwari,375992b2e94a47bf,2025-01-09 10:18:19,10,3,False
12886f2a-ebfc-46a2-961c-e1f165c72072,CUS-00234,99904.46,mobile_money,Lagos,Surulere,3cab18aa8000d870,2025-01-09 10:21:00,10,3,True
145eb44c-d5d9-4312-a354-a40f55192110,CUS-01175,4274.63,pos,Oyo,Ogbomoso,576106d204850a52,2025-01-09 10:21:50,10,3,False
24791216-e558-4107-8c95-85d851af3a52,CUS-01764,1535.35,bank_transfer,Lagos,Alimosho,168fd9369822d366,2025-01-09 10:24:45,10,3,False
7715501c-335f-4561-9569-bcff04743fc1,CUS-01794,3427.73,pos,Lagos,Lagos Mainland,5f6164c790949176,2025-01-09 10:28:38,10,3,False
869412d2-638e-4eb5-be29-17217b439718,CUS-00967,69454.52,bank_transfer,Kano,Fagge,6f657410240da930,2025-01-09 10:29:31,10,3,False
0aeca70e-ccd5-41a2-931a-093b5d07bb76,CUS-00867,2401.01,mobile_money,Lagos,Oshodi-Isolo,e881590c80f4d64f,2025-01-09 10:44:23,10,3,False
bd432586-4f80-42b4-96d2-660c6a1c4c95,CUS-00797,3117.99,pos,Oyo,Ogbomoso,59420c39724467cb,2025-01-09 10:55:59,10,3,False
fef93768-2f38-42d4-a761-830d02e6dbb9,CUS-00429,30347.42,ussd,Lagos,Lagos Mainland,69e52406211df804,2025-01-09 10:58:31,10,3,False
70f2a48c-f3bd-4ccd-a778-6ea6f80b24d6,CUS-01492,12768.45,ussd,Lagos,Ikeja,318dab97928f4a79,2025-01-09 11:00:59,11,3,False
483e46b1-238a-4f95-9415-8d8a4ebada8c,CUS-01133,466.63,bank_transfer,Lagos,Eti-Osa,671d3fdaa7c7ef92,2025-01-09 11:10:38,11,3,False
27941b13-6a94-4fb1-83da-7beb65ffab39,CUS-00192,352.37,pos,Nassarawa,Nassarawa-Central,3be92bc242be1da2,2025-01-09 11:12:04,11,3,False
12ce90c9-02db-4fd1-ad3d-321a04c90ce1,CUS-00234,1835.27,pos,Lagos,Ikeja,3cab18aa8000d870,2025-01-09 11:15:00,11,3,True
929386a4-a261-484e-9b46-464358e2c5c7,CUS-00234,418.31,pos,Lagos,Ikeja,3cab18aa8000d870,2025-01-09 11:21:00,11,3,True
b761826b-d527-4279-b711-26e03ba7cf51,CUS-00369,541413.36,pos,Lagos,Ikeja,31d1603ffb4a5ee0,2025-01-09 11:23:00,11,3,True
677399bf-fd21-46e1-8d30-5ae27b3ea12a,CUS-01678,4904.09,mobile_money,Lagos,Lagos Mainland,028151f168167801,2025-01-09 11:24:48,11,3,False
5d47fa00-f2c2-4af0-91eb-7fb100bff473,CUS-00019,65077.58,mobile_money,Kano,Tarauni,c2b7b5602cd271f8,2025-01-09 11:38:53,11,3,False
807e4155-d78e-498e-9dc8-8373d027caa0,CUS-00741,21243.41,pos,Kano,Kumbotso,1bb58da37496630e,2025-01-09 11:48:46,11,3,False
3ef14673-9f11-48a8-a9e3-eb172bff8487,CUS-01706,3417.7,mobile_money,Enugu,Enugu North,86372c2220b851b3,2025-01-09 12:01:26,12,3,False
666cce90-cf90-4b7c-a0d7-4bcf2cf0ab84,CUS-00419,423987.71,pos,Osun,Osun-Central,4eebee10696d2ff4,2025-01-09 12:03:14,12,3,False
13645826-315b-4264-802e-11d8959bf9bb,CUS-01040,299.88,pos,Oyo,Ogbomoso,e8144f079b7433da,2025-01-09 12:08:45,12,3,False
293c7521-b697-4957-b56a-4c05f5111617,CUS-00063,387.09,bank_transfer,Kano,Tarauni,a36558e5a3b91b6e,2025-01-09 12:09:01,12,3,False
69b1953b-c584-4b58-b05c-b83137cc3104,CUS-00998,161.57,pos,Katsina,Katsina-Central,8c015b135d544e72,2025-01-09 12:12:26,12,3,False
98c274c3-513f-449b-aa17-cd9870dbb822,CUS-00034,448.76,bank_transfer,Akwa Ibom,Akwa Ibom-Central,16d056fcd36c662b,2025-01-09 12:12:48,12,3,False
647c8c7f-15b8-4655-9590-7e0c746aa940,CUS-01928,301.61,mobile_money,Delta,Uvwie,3b3cf79cd7b03c7e,2025-01-09 12:14:35,12,3,False
484bcb7e-fd31-4d72-babd-3f3f6e1388db,CUS-00491,3475.95,pos,Enugu,Nsukka,e00eb35a370ee76b,2025-01-09 12:16:02,12,3,False
9c426f29-0322-4811-b1f1-1c88b1f8afce,CUS-01367,326810.68,bank_transfer,Kogi,Kogi-Central,1befafdd9209cc78,2025-01-09 12:17:00,12,3,True
98d8bb22-5df4-468d-b67d-0c7b03d06cd5,CUS-00369,760707.13,pos,Lagos,Alimosho,31d1603ffb4a5ee0,2025-01-09 12:18:00,12,3,True
d4c55dbd-315d-4d59-a4de-696e41c5a4d6,CUS-01313,1173.53,pos,Plateau,Plateau-Central,2f311974757a1b11,2025-01-09 12:28:30,12,3,False
81f668b6-e47e-4871-a412-8bb5e0f6234b,CUS-01129,957550.95,mobile_money,Kano,Nassarawa,3cb9a5c73af5a620,2025-01-09 12:35:17,12,3,False
cae44c20-307c-4b1c-9405-7e71dbd57305,CUS-00234,896697.21,ussd,Lagos,Alimosho,3cab18aa8000d870,2025-01-09 12:36:00,12,3,True
d1ec776c-34d8-41f7-b38e-0befe00f5d24,CUS-01387,481.66,bank_transfer,Lagos,Mushin,94ead7a09cb67bfc,2025-01-09 12:37:39,12,3,False
14eb95a2-43d6-4f27-a08e-fa6d2d738b78,CUS-00369,9307.11,pos,Lagos,Surulere,31d1603ffb4a5ee0,2025-01-09 12:45:00,12,3,True
1b73f408-5a58-4a30-b8c8-fdadcef7366d,CUS-00173,22173.72,ussd,Lagos,Lagos Mainland,215dbe62d129810e,2025-01-09 12:46:04,12,3,False
2f1a3a83-6e02-4245-a90e-e45e95f214cd,CUS-01910,907716.84,pos,Kano,Dala,ea6850c62e2c1350,2025-01-09 12:50:34,12,3,False
b8aa42fb-d00e-4301-83b2-b8262adff13d,CUS-01836,122.16,bank_transfer,Lagos,Surulere,d0967b5b666bff98,2025-01-09 12:53:02,12,3,False
ca792fc4-1e82-4556-828a-717609e8c1d2,CUS-01852,2297.15,bank_transfer,Sokoto,Sokoto-Central,ac5adcbf4944a58a,2025-01-09 12:56:04,12,3,False
1d0ca2a4-39de-4445-957c-dabc716724b8,CUS-00955,55095.3,mobile_money,Rivers,Port-Harcourt,4cbfd8122c26b3ff,2025-01-09 12:56:54,12,3,False
143cf824-7986-42b7-8a2a-7cd91dca3bcf,CUS-01908,3005.11,pos,Kano,Tarauni,01f9dab905ec8c27,2025-01-09 13:05:29,13,3,False
5891f141-568e-41f2-9e3b-7787813ef9be,CUS-01623,135.73,card,Cross River,Cross River-Central,7920e42ca329656c,2025-01-09 13:06:25,13,3,False
504f45a6-7733-43af-85bc-d388ac55db91,CUS-00565,4619.46,pos,Kaduna,Zaria,0d3ddcef520e555e,2025-01-09 13:10:20,13,3,False
3c94618c-c3aa-416f-b306-7b64e1149679,CUS-01009,4137.33,pos,Abuja FCT,Kuje,d779f710e5a038e7,2025-01-09 13:15:11,13,3,False
c6ca7355-8d5a-4a26-817c-435db0d70d4c,CUS-01251,4965.85,pos,Abuja FCT,Kuje,5a175e48ff0f0f21,2025-01-09 13:25:22,13,3,False
0065fd57-6b57-4697-8b06-8abef57aa2ae,CUS-00630,412.83,bank_transfer,Edo,Oredo,44673a08c8fcb028,2025-01-09 13:39:00,13,3,False
dc6a5f9f-ef08-4420-96ce-399343390fa4,CUS-01190,57932.35,pos,Lagos,Oshodi-Isolo,880b7d20de1a5a08,2025-01-09 14:01:37,14,3,False
5efac07c-e3f4-4cd0-a792-e507aee45d2a,CUS-00157,403.4,pos,Kwara,Kwara-Central,5a88b3464efae3ec,2025-01-09 14:07:58,14,3,False
49420e25-20be-4538-8489-40053ecec027,CUS-00122,36211.83,pos,Kano,Dala,42206963555634b3,2025-01-09 14:15:00,14,3,True
72ce641c-97c0-4619-b7e6-40b7900bf202,CUS-01467,304.89,mobile_money,Rivers,Eleme,13aeaced423d48ec,2025-01-09 14:20:47,14,3,False
72a81c8d-d8c6-4814-a04c-326cd715f0a7,CUS-00122,3850.02,mobile_money,Kano,Kumbotso,42206963555634b3,2025-01-09 14:21:00,14,3,True
8c966f03-084e-4d24-82c9-126faf85bf58,CUS-00611,2327.44,pos,Imo,Imo-Central,4fd5ba40c68d9677,2025-01-09 14:29:30,14,3,False
63e83fcd-dacb-43e7-a846-5f6b9269747c,CUS-00737,926.33,bank_transfer,Plateau,Plateau-Central,b3fcfe129e0f1e6a,2025-01-09 14:31:22,14,3,False
f549c27d-5a28-4e70-a3c3-58ac42a3bf5f,CUS-01380,575974.78,pos,Lagos,Ikeja,43e0a205888c9d8d,2025-01-09 14:32:05,14,3,False
00d70219-829d-4397-b5e6-2446a3ea8609,CUS-00336,3149.65,bank_transfer,Sokoto,Sokoto-Central,6d122924f13a87c4,2025-01-09 14:39:21,14,3,False
d100e97b-717a-4f8c-800c-db081cd77a34,CUS-00741,62092.15,bank_transfer,Kano,Gwale,1bb58da37496630e,2025-01-09 14:42:44,14,3,False
ccfc40cd-39d7-4981-abfd-dcb5f5540410,CUS-01217,96984.19,pos,Anambra,Awka South,ea197a474c256325,2025-01-09 14:43:50,14,3,False
b7214602-e0b5-49fc-84d9-e37e4ee415b4,CUS-00873,89097.69,bank_transfer,Rivers,Oyigbo,bedd2a3af7208a8a,2025-01-09 14:51:53,14,3,False
8ed14c67-08ea-4c89-98ba-25ed8b811bb6,CUS-00336,11162.88,bank_transfer,Sokoto,Sokoto-Central,6d122924f13a87c4,2025-01-09 14:52:46,14,3,False
df793d37-ecc3-46cf-8bf2-169378f3a6ba,CUS-00450,73024.83,pos,Abia,Abia-Central,866ad03ed8fb0ca4,2025-01-09 14:59:44,14,3,False
3e54a8ac-6075-49a5-9727-87a04c5f3067,CUS-01745,192.98,ussd,Abuja FCT,Municipal,edc9f3db1932dde2,2025-01-09 15:02:00,15,3,True
de17519b-c91b-445d-87d0-2abc3df837a9,CUS-01785,4918.08,mobile_money,Nassarawa,Nassarawa-Central,47cdb07c58261ee0,2025-01-09 15:02:31,15,3,False
e8583932-6734-4ea1-8c10-5549179f2d64,CUS-00395,96315.8,pos,Yobe,Yobe-Central,4258914cbb051c44,2025-01-09 15:02:46,15,3,False
612b18f8-11e5-4011-bcde-635d9d772c76,CUS-00369,25282.8,pos,Lagos,Ikeja,31d1603ffb4a5ee0,2025-01-09 15:09:00,15,3,True
e231085e-fb38-4992-befa-e6e5685481e8,CUS-01745,351.3,ussd,Abuja FCT,Bwari,edc9f3db1932dde2,2025-01-09 15:10:00,15,3,True
e1ce1fcb-3544-411c-bd84-414e02cd6320,CUS-00163,3723.3,mobile_money,Oyo,Oyo East,8d5738008732b193,2025-01-09 15:14:45,15,3,False
6181073a-7532-49a9-bf97-8ad685f77142,CUS-01745,255.91,ussd,Abuja FCT,Bwari,edc9f3db1932dde2,2025-01-09 15:16:00,15,3,True
7516e52d-edbc-412b-91fb-ef1d1658967c,CUS-00122,59120.7,ussd,Kano,Nassarawa,42206963555634b3,2025-01-09 15:21:00,15,3,True
49beb94f-08d0-4bc8-bfa8-37269c3d8927,CUS-01745,153.32,ussd,Abuja FCT,Kuje,edc9f3db1932dde2,2025-01-09 15:22:00,15,3,True
d59bb005-2d82-44b6-bc7f-06f314edf029,CUS-00208,3402.3,pos,Lagos,Agege,08eee00617f1ad2c,2025-01-09 15:27:29,15,3,False
1b0ba1c0-2c55-4daf-8728-81562458e4b9,CUS-01745,291.03,ussd,Abuja FCT,Gwagwalada,edc9f3db1932dde2,2025-01-09 15:28:00,15,3,True
d7a8a9b7-6208-4e33-9ca1-63a87fe97eb2,CUS-00234,8493.08,pos,Lagos,Lagos Mainland,3cab18aa8000d870,2025-01-09 15:36:00,15,3,True
23c415ae-75b4-4cb1-ada4-ea115699ff3c,CUS-00369,241.81,pos,Lagos,Mushin,31d1603ffb4a5ee0,2025-01-09 15:41:00,15,3,True
a5ee76e2-41a5-44b0-b8bd-4e829f661407,CUS-00319,67265.61,ussd,Lagos,Ikorodu,75925ee21c9c350b,2025-01-09 15:41:36,15,3,False
332021bb-09e6-460d-8dca-02f3a353023d,CUS-00122,94832.98,mobile_money,Kano,Dala,42206963555634b3,2025-01-09 15:44:00,15,3,True
fe299f76-9c3d-4e5e-a9b1-25f13db1f37d,CUS-00338,56051.02,pos,Abuja FCT,Bwari,0bc0a52ab5090138,2025-01-09 15:59:45,15,3,False
a0fab3eb-c03e-48af-bd3c-d2e7af6a4643,CUS-01539,63795.76,pos,Oyo,Ibadan North,bea45a284a1b1e7e,2025-01-09 16:01:54,16,3,False
ad157981-9802-49d2-886c-a762794488f5,CUS-00234,56354.49,pos,Lagos,Mushin,3cab18aa8000d870,2025-01-09 16:06:00,16,3,True
3a340257-f2bb-46a8-af3a-88495944de8c,CUS-00122,54058.96,bank_transfer,Kano,Tarauni,42206963555634b3,2025-01-09 16:09:00,16,3,True
eae5ee91-d839-49de-aa2f-e1c442138a92,CUS-00849,76659.82,mobile_money,Kaduna,Zaria,c5fb9680abdaabbf,2025-01-09 16:09:33,16,3,False
6d4ed667-b85e-4366-9c10-204ad06572f6,CUS-00702,2292.98,pos,Kano,Dala,877c724724ceedbd,2025-01-09 16:22:03,16,3,False
de40d27d-4eff-4942-ae3d-cbdc97282abe,CUS-00369,13007.2,pos,Lagos,Ikeja,31d1603ffb4a5ee0,2025-01-09 16:23:00,16,3,True
1463748b-1246-4ed5-81f6-aedc729b4890,CUS-00369,1427.15,card,Lagos,Eti-Osa,31d1603ffb4a5ee0,2025-01-09 16:25:00,16,3,True
e039521a-eb30-4a34-9b3d-e4a40c3d11c7,CUS-00914,85483.34,pos,Oyo,Oyo East,42ac2c60f8f7aa0a,2025-01-09 16:25:50,16,3,False
dcb16d70-2d31-4de7-9828-2ba633f9637c,CUS-00486,4686.65,bank_transfer,Lagos,Alimosho,eef581881ffc0e65,2025-01-09 16:26:28,16,3,False
896f7e99-c00d-4bc7-aa7d-8160af583a20,CUS-00992,92631.38,bank_transfer,Kano,Kumbotso,9efb5fcc24e336a3,2025-01-09 16:29:21,16,3,False
4e816975-b65b-4871-9783-e642d0d88b8b,CUS-01214,718086.75,bank_transfer,Edo,Egor,a7432b47d6b05474,2025-01-09 16:33:00,16,3,True
f25fb976-a345-459f-be46-f20010e42628,CUS-01666,147.54,mobile_money,Lagos,Ikeja,e416fb8749bf1c1c,2025-01-09 16:35:09,16,3,False
53d2b800-f87d-4af0-973c-280f51285dda,CUS-01942,3879.5,pos,Abia,Abia-Central,6b9c7c279a6f20f1,2025-01-09 16:35:46,16,3,False
cc050ecc-529d-47b9-8b55-be803adfb72d,CUS-00409,449.6,pos,Lagos,Eti-Osa,7edcbf54bb8a31ff,2025-01-09 16:39:58,16,3,False
d0391b55-59d2-4614-ac6f-3af2f004b84b,CUS-00878,73050.97,ussd,Lagos,Oshodi-Isolo,fe7bc21e8a9162fe,2025-01-09 16:42:03,16,3,False
fa10c5d9-c1d5-476f-8192-b6b6317689bd,CUS-01919,2818.64,mobile_money,Rivers,Obio-Akpor,240b82a80daf923d,2025-01-09 16:50:27,16,3,False
edc7e8a3-911b-4a6e-9eb1-f8aa01a0f063,CUS-00369,1399.11,bank_transfer,Lagos,Oshodi-Isolo,31d1603ffb4a5ee0,2025-01-09 17:00:00,17,3,True
269d7c30-f71d-4be1-8cee-22d7e556bc95,CUS-00418,92051.14,pos,Enugu,Enugu North,0ace4848c68c0524,2025-01-09 17:00:00,17,3,True
3464fa00-c665-478b-8267-b014018fb378,CUS-00676,35792.45,pos,Lagos,Agege,57e05c0116363981,2025-01-09 17:00:06,17,3,False
b93cc880-302c-410e-944e-9e351cb93c2c,CUS-01944,359.1,pos,Imo,Imo-Central,b37b654ece3afc3f,2025-01-09 17:00:25,17,3,False
b62f777b-981f-44d8-bd4c-31116b61308e,CUS-01446,58248.43,mobile_money,Anambra,Nnewi North,c023430f2ccbb3be,2025-01-09 17:10:10,17,3,False
fe8a1980-6f14-4551-9d42-28ed76beb831,CUS-00418,41353.05,bank_transfer,Zamfara,Zamfara-Central,0ace4848c68c0524,2025-01-09 17:14:00,17,3,True
933c8152-bab7-4f78-b80b-b703424d3123,CUS-00041,1138.3,bank_transfer,Abuja FCT,Kuje,11d829854838dbdb,2025-01-09 17:15:35,17,3,False
73db4820-c048-4ef5-972c-0b345d2db956,CUS-01361,376.35,pos,Lagos,Ikeja,e0a5181f4315f4ad,2025-01-09 17:29:01,17,3,False
a249392b-77a8-4ee8-bcc9-0bb7f083cc5d,CUS-00463,239709.04,bank_transfer,Oyo,Ogbomoso,ffff23e7a0acf476,2025-01-09 17:32:41,17,3,False
1b319e24-2f02-46d7-a538-0c4ba5d19d39,CUS-01304,332.99,pos,Edo,Egor,a9f2eed213018c92,2025-01-09 17:42:34,17,3,False
08019d72-4095-461a-b771-1af91fd1cd35,CUS-01109,277.66,bank_transfer,Lagos,Surulere,8ed7b0772c222c9d,2025-01-09 17:51:25,17,3,False
4ff3b308-c547-4da6-9375-e531114a83ec,CUS-01908,55.04,bank_transfer,Kano,Dala,01f9dab905ec8c27,2025-01-09 17:53:00,17,3,False
7ea4eff4-8b1c-43c0-b5a3-6f97efedea6a,CUS-00494,73419.51,bank_transfer,Abuja FCT,Municipal,c752a0e1de6af1b4,2025-01-09 17:57:20,17,3,False
da083eaf-ef3b-4505-ac33-6d34117674f3,CUS-01886,11564.15,ussd,Lagos,Agege,fcdeb95d42646c7b,2025-01-09 18:05:14,18,3,False
46939b68-eddc-40f9-b385-c2e1e3ff5169,CUS-00234,95138.67,bank_transfer,Lagos,Lagos Mainland,3cab18aa8000d870,2025-01-09 18:06:00,18,3,True
2d572d2d-b35d-4769-9944-a30b0e4ad255,CUS-01160,3645.86,bank_transfer,Plateau,Plateau-Central,ff647bdc0d9b8867,2025-01-09 18:07:54,18,3,False
779eadd1-950b-41e1-955b-6ba41bf45b32,CUS-00973,39444.74,mobile_money,Lagos,Mushin,f3b608753ed3e55b,2025-01-09 18:09:47,18,3,False
9afa0f49-2f3f-4ac9-8970-fedbe3d132e6,CUS-00122,318.53,bank_transfer,Kano,Dala,42206963555634b3,2025-01-09 18:27:00,18,3,True
13ec0b8b-6f9d-4e05-9b39-a6cde56bcba5,CUS-00934,195.93,mobile_money,Lagos,Agege,a005e3c38e069450,2025-01-09 18:39:43,18,3,False
a43e2132-7d34-4ea6-9840-a7c7d97b4969,CUS-01763,2719.35,pos,Abuja FCT,Municipal,f9ab794edc0181f0,2025-01-09 18:41:06,18,3,False
ef8fee21-2047-43a2-b5d9-250f5d9aad42,CUS-00122,70246.93,pos,Kano,Kumbotso,42206963555634b3,2025-01-09 18:45:00,18,3,True
5b48455f-0d07-4acf-9564-ddf2661321b8,CUS-01695,124.66,pos,Lagos,Mushin,b941383d6432d5cc,2025-01-09 18:47:50,18,3,False
f78eef55-9546-47ca-bda6-b877cdfda5d9,CUS-00122,50572.2,pos,Kano,Nassarawa,42206963555634b3,2025-01-09 18:50:00,18,3,True
c6a670a3-b50c-489b-a839-702b0d6f3db6,CUS-01025,245.6,pos,Abuja FCT,Municipal,684ecec19204396e,2025-01-09 18:57:36,18,3,False
c966a5dc-9c9d-4655-8826-1e20a20dcb17,CUS-01794,153.75,pos,Lagos,Kosofe,5f6164c790949176,2025-01-09 19:08:49,19,3,False
de82835c-80aa-4313-aaa7-65c1f95fdeb1,CUS-00234,852653.83,pos,Lagos,Oshodi-Isolo,3cab18aa8000d870,2025-01-09 19:11:00,19,3,True
1b5e1301-a1e0-440e-a2fc-4f0d8dad79d4,CUS-01120,56012.86,pos,Niger,Niger-Central,d82a46dd625584cc,2025-01-09 19:13:34,19,3,False
65aa6898-6917-42c4-9e82-25562efbd024,CUS-00164,5599.41,bank_transfer,Lagos,Mushin,cb6a2f6a6e372299,2025-01-09 19:16:31,19,3,False
c2e1f2da-72a8-4b29-bcf6-b548e71cfec2,CUS-00559,53452.87,bank_transfer,Enugu,Nsukka,2cf7d4cd4f3766f7,2025-01-09 19:19:09,19,3,False
6cf8ec60-baf0-4801-ab2f-76a7049c7fc6,CUS-00448,1103.18,bank_transfer,Rivers,Port-Harcourt,b927a8f5291e9e13,2025-01-09 19:24:48,19,3,False
8cebf97a-b957-4212-b22d-faf3958efa1e,CUS-01833,59145.82,pos,Osun,Osun-Central,a73b31364fdacb79,2025-01-09 19:28:42,19,3,False
f10d9214-f6eb-40a7-8e9d-dde2544f9961,CUS-01255,166.53,pos,Rivers,Oyigbo,6773a08760c2e82d,2025-01-09 19:29:35,19,3,False
14d9b450-4b34-49b2-b7c4-99a43bfb947d,CUS-00526,35908.78,pos,Rivers,Oyigbo,4b22245e0c2ece40,2025-01-09 19:30:49,19,3,False
6fedeeb9-5d91-4ee3-ab19-bacac04f0027,CUS-01367,95740.61,pos,Kogi,Kogi-Central,1befafdd9209cc78,2025-01-09 19:36:07,19,3,False
1901a1ab-8111-4af3-8cec-afeec8cc595f,CUS-00120,204.72,mobile_money,Benue,Benue-Central,2aa8167840b42b5e,2025-01-09 19:40:10,19,3,False
f6cc4861-a92a-496b-bac1-26f4a7c925ea,CUS-01975,120.7,ussd,Jigawa,Jigawa-Central,640d7e3fa91691b5,2025-01-09 19:41:16,19,3,False
5bc2c0b6-0e9e-4d3b-9838-74f4edb4650e,CUS-00539,251.29,mobile_money,Lagos,Eti-Osa,3d80c520256de784,2025-01-09 19:44:20,19,3,False
aa9d2f31-4864-478b-b693-e85670ae76ae,CUS-01699,78.15,pos,Oyo,Oyo East,1bde2143285a08c4,2025-01-09 19:46:49,19,3,False
30c82bc7-c894-431f-9bbf-14e55c1c996f,CUS-01142,4528.22,bank_transfer,Anambra,Nnewi North,b4f03bc7e8cf05c0,2025-01-09 19:55:00,19,3,False
54eb4b07-8d00-49d1-a398-b86a044f8dac,CUS-00115,360.69,pos,Zamfara,Zamfara-Central,cc9901f14e251415,2025-01-09 19:55:26,19,3,False
5919ce18-d542-495c-b07c-944d6370f368,CUS-01370,1383.2,bank_transfer,Lagos,Ikeja,488f12e25e074319,2025-01-09 20:00:00,20,3,True
80a130a5-856c-4823-9e82-d5ba3b71b91c,CUS-01060,499.17,pos,Kebbi,Kebbi-Central,b82de4bf598b7a40,2025-01-09 20:02:51,20,3,False
d857aa4e-1f4b-4ec4-8ec0-68a7c0233e06,CUS-00369,72717.66,mobile_money,Lagos,Kosofe,31d1603ffb4a5ee0,2025-01-09 20:06:58,20,3,False
428be4eb-b0d4-4efe-b4f2-d5deba5677ab,CUS-00122,53167.89,pos,Kano,Tarauni,42206963555634b3,2025-01-09 20:10:00,20,3,True
797e893f-03d9-4527-8793-ec4f3698fcc3,CUS-01099,245.11,bank_transfer,Kano,Nassarawa,2b981b38772e1c60,2025-01-09 20:15:07,20,3,False
54cbb501-ad89-495f-962f-d0b8a662e4b6,CUS-00690,128.98,bank_transfer,Kano,Dala,9b160c32acee1e9d,2025-01-09 20:20:46,20,3,False
a5db89ab-6b41-4cab-8b1a-4bc0dc3b8017,CUS-01370,54519.08,mobile_money,Borno,Borno-Central,488f12e25e074319,2025-01-09 20:22:00,20,3,True
f11894c2-bcd1-4598-9c9c-290c791dcc81,CUS-01822,4290.24,mobile_money,Kaduna,Kaduna North,f65aa8becffa4ce7,2025-01-09 20:41:08,20,3,False
a629448a-b72a-409f-b10d-edb500d07931,CUS-00167,39623.69,pos,Lagos,Ikeja,1a50db474267137b,2025-01-09 20:44:32,20,3,False
c65e23a4-c484-441b-b73f-09db10d68574,CUS-00369,30787.26,pos,Lagos,Oshodi-Isolo,31d1603ffb4a5ee0,2025-01-09 20:49:00,20,3,True
bf56c47e-bd4d-4c2d-a699-68abf4992477,CUS-00823,679.56,pos,Rivers,Port-Harcourt,b3add7a8eb98092a,2025-01-09 20:55:45,20,3,False
4d45804e-a06f-4f2f-9610-9666550cb307,CUS-00122,22852.73,bank_transfer,Kano,Dala,42206963555634b3,2025-01-09 21:00:00,21,3,True
02f9f504-a590-4eb9-b8cb-24d2625d86c8,CUS-00369,2952.66,pos,Lagos,Ikeja,31d1603ffb4a5ee0,2025-01-09 21:13:00,21,3,True
8f51c426-3d6d-49f9-bf89-4def5bb8ad6c,CUS-00636,84410.18,pos,Oyo,Oyo East,0e03d5f724baf012,2025-01-09 21:14:45,21,3,False
7419d85e-90d1-4526-b8ed-acf75fad9bce,CUS-01539,245.04,pos,Oyo,Oyo East,bea45a284a1b1e7e,2025-01-09 21:17:47,21,3,False
82592fc2-598a-486f-8be2-4b05f033343b,CUS-00182,50238.6,pos,Adamawa,Adamawa-Central,1ec1fbe050eb7edd,2025-01-09 21:20:47,21,3,False
095e3713-fc4b-467b-82d3-247852691ad8,CUS-01544,3260.25,ussd,Akwa Ibom,Akwa Ibom-Central,c55413ca9b16fc13,2025-01-09 21:23:39,21,3,False
a665188e-d6ae-4e65-b0b0-893c17ee440f,CUS-00737,2337.0,bank_transfer,Plateau,Plateau-Central,b3fcfe129e0f1e6a,2025-01-09 21:26:43,21,3,False
d8f503cc-f69e-45f2-b90f-7370d3e2b86c,CUS-00995,53927.62,ussd,Lagos,Agege,5fae574986916801,2025-01-09 21:27:26,21,3,False
4c33b1b4-e95f-40d1-8cb1-c61fe06218a3,CUS-00548,93160.83,bank_transfer,Abuja FCT,Kuje,ec494afb9403a35d,2025-01-09 21:30:18,21,3,False
6aa49b7e-1e94-462c-9e83-3189e144f5d1,CUS-01295,481.21,pos,Lagos,Surulere,ed59bae45fd6a782,2025-01-09 21:32:37,21,3,False
9e8bdf29-05ea-4d2c-95d1-b36363d08094,CUS-01531,499.51,mobile_money,Kaduna,Zaria,83700d33745d5518,2025-01-09 21:41:57,21,3,False
12fea2a4-6713-4142-b6ea-fc191efaac6b,CUS-01296,1642.7,bank_transfer,Lagos,Oshodi-Isolo,e228e396a2ddae15,2025-01-09 21:47:25,21,3,False
275188cf-cf77-4582-ba51-61f8dc6bf3c5,CUS-00122,71.19,bank_transfer,Kano,Gwale,42206963555634b3,2025-01-09 21:50:00,21,3,True
f5af9cdc-e412-4bc8-a05d-8c3c6eae8c51,CUS-00577,95605.51,bank_transfer,Yobe,Yobe-Central,df62100e4e6a9cf9,2025-01-09 21:59:41,21,3,False
7add0401-b7f5-4dd3-8e3f-f6f34fc092ce,CUS-00664,38281.57,bank_transfer,Lagos,Ikorodu,a0143ffa4ba86491,2025-01-09 21:59:46,21,3,False
59d523e1-bd3b-47a9-9001-5d191dd0d08b,CUS-01775,58849.73,ussd,Kano,Dala,d9a299ad346ab25c,2025-01-09 22:22:36,22,3,False
5f2a2f8a-484a-4c96-9141-84541fa44dcc,CUS-01376,36260.65,mobile_money,Abuja FCT,Gwagwalada,732aaeaa6b024f1a,2025-01-09 22:25:48,22,3,False
2fcdb523-d66c-4368-8206-db94e7c9b3dc,CUS-00100,87247.46,ussd,Lagos,Eti-Osa,bcf49328f37bdf89,2025-01-09 22:45:55,22,3,False
ad70559b-b7ff-4bc6-8f49-673cb7451e20,CUS-00369,36302.62,mobile_money,Lagos,Alimosho,31d1603ffb4a5ee0,2025-01-09 22:52:00,22,3,True
15d2f3ed-7d77-46e2-bf76-b6757962a90b,CUS-00474,143.86,bank_transfer,Oyo,Oyo East,1ff434af9688f99c,2025-01-10 00:47:49,0,4,False
07e6dd0a-c89c-4b92-92bc-4cfce89ffc2e,CUS-01216,34231.66,pos,Lagos,Ikeja,b767a7d60b9a3865,2025-01-10 01:38:34,1,4,False
690a603a-0bb0-431d-a67b-6bf3b101d237,CUS-00517,260036.0,bank_transfer,Benue,Benue-Central,ae544b55a6d75903,2025-01-10 01:39:00,1,4,True
a8b4bd89-0233-4ee9-9664-a4306668a372,CUS-00922,34446.76,mobile_money,Nassarawa,Nassarawa-Central,4de90312f1d9291c,2025-01-10 01:41:52,1,4,False
e0df2e82-28df-414a-b79b-324f225cb5c9,CUS-01032,53782.57,mobile_money,Lagos,Kosofe,3465e7c29e8ade80,2025-01-10 01:47:05,1,4,False
bc630943-88b9-4315-9d6d-b2796f7dd64a,CUS-01907,34613.64,pos,Rivers,Oyigbo,e7b4e56a88b72877,2025-01-10 01:59:23,1,4,False
db02559c-0f29-4bce-a6c7-c31e80e58f32,CUS-00936,2740.83,pos,Lagos,Lagos Mainland,7827022f0df66e1b,2025-01-10 02:41:47,2,4,False
bf5058cd-3907-43ea-a472-9ec40ba8de18,CUS-01747,36158.25,pos,Kano,Kumbotso,cc8cc73d43d1ea71,2025-01-10 02:49:18,2,4,False
f9d87173-ae81-4d5f-93f8-3e60d37c792a,CUS-01600,1989.09,pos,Lagos,Ikorodu,1bdb95d9acf8fbb3,2025-01-10 02:54:06,2,4,False
e5349823-3255-48d1-9a18-db5962cae328,CUS-00877,216876.51,bank_transfer,Delta,Uvwie,dbdece7179f3f47e,2025-01-10 03:06:00,3,4,True
2432a28f-f708-4589-9a48-c5dbb9c4e0a8,CUS-00606,598531.1,bank_transfer,Lagos,Agege,60733c43bf9bf339,2025-01-10 03:37:00,3,4,True
a6c51465-2860-431a-989f-3024a2181368,CUS-01442,31810.4,pos,Anambra,Onitsha North,5a18b54435835ed9,2025-01-10 05:35:32,5,4,False
65bca26d-b46a-4803-866b-0d3653fe7dde,CUS-01197,90.86,mobile_money,Akwa Ibom,Akwa Ibom-Central,5efac0a27f8fb3df,2025-01-10 06:16:00,6,4,True
17587a0f-fa7c-4d40-aada-fe8339b7b346,CUS-00685,4342.18,ussd,Enugu,Enugu East,3b90c47fa95946b7,2025-01-10 07:00:00,7,4,True
09d26429-3ec7-4501-8c7f-d23cf851ab2b,CUS-01197,213209.82,ussd,Akwa Ibom,Akwa Ibom-Central,5efac0a27f8fb3df,2025-01-10 07:06:00,7,4,True
0db4ea19-36e9-4c05-91a9-0c5f157ed07e,CUS-00685,4766.53,mobile_money,Zamfara,Zamfara-Central,3b90c47fa95946b7,2025-01-10 07:14:00,7,4,True
aa4244b7-12b3-4477-b2da-22de99d9daf4,CUS-01197,3293.88,pos,Akwa Ibom,Akwa Ibom-Central,5efac0a27f8fb3df,2025-01-10 07:57:00,7,4,True
b8494a64-1fa4-436e-978d-fa6b633f8bdd,CUS-01604,94449.83,bank_transfer,Kaduna,Kaduna North,f3a9328502c9a405,2025-01-10 08:00:00,8,4,True
e54c6e28-8cd8-4d35-81a2-f6004bcb33b3,CUS-01604,30709.74,bank_transfer,Cross River,Cross River-Central,f3a9328502c9a405,2025-01-10 08:22:00,8,4,True
513ca530-283c-42d7-865e-7be7146c50d6,CUS-01453,89670.82,pos,Oyo,Ibadan South-West,fee6248a5b22adcf,2025-01-10 09:01:50,9,4,False
575eebfe-50ee-4cd2-9ee9-1eb620346a96,CUS-01479,252.57,mobile_money,Rivers,Eleme,ca1f578fbe8c3972,2025-01-10 09:06:01,9,4,False
1b058668-9345-49d9-8e04-f9a33bfa5f43,CUS-01066,456051.96,pos,Lagos,Surulere,49a6701b8f3838cc,2025-01-10 09:11:45,9,4,False
408f6a56-2ed7-4836-9856-2c63e99db903,CUS-00743,4588.36,pos,Abuja FCT,Municipal,3c89eb93ecd23ea3,2025-01-10 09:23:12,9,4,False
e469b557-7ef5-4216-ab9a-a775e8c0e8a1,CUS-01805,2550.32,card,Abia,Abia-Central,60c5236958f0c092,2025-01-10 09:26:56,9,4,False
467917f9-d5ba-45bc-949a-9c81c805ce9a,CUS-00355,54138.29,pos,Delta,Uvwie,4b081c3f4ead9d21,2025-01-10 09:33:19,9,4,False
e98edde2-e2c9-4200-85b5-f4b401633866,CUS-00246,94897.29,pos,Rivers,Obio-Akpor,ff8ab03394d64642,2025-01-10 09:36:24,9,4,False
35165fea-197c-4ef9-9783-0b0033eddbe0,CUS-00340,508.15,ussd,Abuja FCT,Municipal,42fe7616398a23da,2025-01-10 09:55:06,9,4,False
258fd001-fe13-4d9c-935e-2a6770e71dcf,CUS-01997,4460.04,pos,Lagos,Kosofe,8252b5622bd82ebb,2025-01-10 09:59:13,9,4,False
c11134cf-c7ca-4ea8-9235-2d4b29f4d740,CUS-01468,689548.07,mobile_money,Zamfara,Zamfara-Central,3267f29956f279f7,2025-01-10 10:00:05,10,4,False
4a3a75b2-bea9-408e-ae20-9c961c0de0ab,CUS-00381,4765.18,ussd,Edo,Oredo,5e06f51e74b733cf,2025-01-10 10:09:20,10,4,False
f9776379-1ede-4f36-a584-6c384b32a6dc,CUS-01089,41476.21,pos,Lagos,Oshodi-Isolo,4a1fc1354e8f9be2,2025-01-10 10:25:14,10,4,False
8ada1d53-631c-4811-97b7-75a7bf26d957,CUS-00162,4022.18,pos,Enugu,Nsukka,392a058a52ccbf40,2025-01-10 10:45:16,10,4,False
86767bf9-539a-4417-bde7-17e2ef55afb4,CUS-00914,1201.93,pos,Oyo,Ibadan North,42ac2c60f8f7aa0a,2025-01-10 10:46:21,10,4,False
ddcf92d2-211c-4606-bd67-286546182bde,CUS-00127,3029.34,pos,Sokoto,Sokoto-Central,8f4bb563c3deb65c,2025-01-10 10:46:52,10,4,False
f75409c8-6efe-4cb3-9212-894633b44a5a,CUS-00986,154561.66,bank_transfer,Anambra,Onitsha North,b35f0ea93c48677d,2025-01-10 10:48:15,10,4,False
e3ef1f67-fbcf-4547-8e6f-0cd916da582d,CUS-00307,381.19,bank_transfer,Kano,Kumbotso,6d0a82c927ff5ec6,2025-01-10 10:50:02,10,4,False
335d3f7d-4126-49cc-88a4-2519f1e0330b,CUS-00716,54511.99,bank_transfer,Plateau,Plateau-Central,5f81a29fff091a69,2025-01-10 10:54:01,10,4,False
e9a469e9-8d1f-431f-85f5-c9ec99006816,CUS-01972,7099.39,pos,Kano,Kumbotso,148853bb0db7c749,2025-01-10 10:57:54,10,4,False
ee841fee-7307-4bbf-9233-beda3197d764,CUS-00270,193.75,pos,Benue,Benue-Central,30d3830e3a8a63b9,2025-01-10 10:58:41,10,4,False
ae12776b-6130-4466-a9f4-178761e2f5e7,CUS-01804,64997.58,pos,Kano,Nassarawa,1732d316c82cf99c,2025-01-10 10:58:51,10,4,False
16cef285-968c-4dc9-8e1f-9e1eb62b93b7,CUS-01586,2100.94,mobile_money,Edo,Oredo,ac26d5b5ca0ca689,2025-01-10 11:03:29,11,4,False
4eb66d81-003b-46b9-a9a2-b42efe3bbb07,CUS-01062,190814.57,bank_transfer,Kwara,Kwara-Central,398b5f1c492b7fbf,2025-01-10 11:04:54,11,4,False
57fa4911-095d-4158-8ab2-e18db371bfed,CUS-01171,92642.97,pos,Ekiti,Ekiti-Central,bc9b058bfcd65ff3,2025-01-10 11:14:38,11,4,False
0b5ecca6-4cec-4a3c-a03d-4650cc3df926,CUS-00057,991239.08,bank_transfer,Lagos,Surulere,7176e72fa68d4e40,2025-01-10 11:18:44,11,4,False
cf0205f4-d03d-4ece-9f5c-b38f8781d473,CUS-01862,151.15,pos,Lagos,Ikorodu,dcdbcd2a4baf9fe1,2025-01-10 11:26:27,11,4,False
18768b24-bbc2-4b57-babc-8f122f6707d0,CUS-00300,120.58,mobile_money,Lagos,Oshodi-Isolo,4fcd148b58c99584,2025-01-10 11:33:20,11,4,False
5e8fddc3-fdd1-4c74-85c3-effe86eb1930,CUS-00199,18668.54,pos,Abia,Abia-Central,360cfb364f745b10,2025-01-10 11:43:04,11,4,False
97f94dd0-b292-489d-a56c-6b242c99f4d0,CUS-01101,24272.95,mobile_money,Akwa Ibom,Akwa Ibom-Central,5dbe810827f42c87,2025-01-10 11:47:21,11,4,False
ac04db3a-bcfd-444a-b3eb-b619dee13385,CUS-01410,1824.93,bank_transfer,Lagos,Ikeja,cb7e9f278717c254,2025-01-10 11:52:11,11,4,False
005a03ba-45cd-4df0-8a3e-f00b70cae9ed,CUS-00264,68744.57,bank_transfer,Kebbi,Kebbi-Central,e6fc28195d9c3e83,2025-01-10 11:53:22,11,4,False
2c093fc1-a24f-4a09-9d7c-a64d2d4e8be4,CUS-01181,5963.14,pos,Kano,Tarauni,9eb56ac542f8f5d3,2025-01-10 11:53:24,11,4,False
1af06aca-2cd0-4def-b7b0-06ac8bee305a,CUS-01657,93608.09,bank_transfer,Kano,Gwale,f93628cea36d72f3,2025-01-10 11:58:07,11,4,False
93af1bc2-ffc2-4d1c-b4bd-8a5b508224a0,CUS-01756,55934.34,pos,Cross River,Cross River-Central,4992e34bc44b3870,2025-01-10 11:58:09,11,4,False
bdf9d4ed-0d64-4171-b9eb-e87b22251738,CUS-01943,1748.88,pos,Edo,Ikpoba-Okha,bdfab1c96241e8c9,2025-01-10 11:58:30,11,4,False
75e33588-8341-44b7-8662-5f46b7dd4f5a,CUS-00768,29510.37,pos,Kano,Fagge,68be7d7ed2728f8b,2025-01-10 12:04:43,12,4,False
559785a8-85df-4c38-a5f1-e765d31ea199,CUS-01097,36210.84,pos,Lagos,Mushin,8547f78879fe432c,2025-01-10 12:05:25,12,4,False
4c8b598c-05b3-42c2-aba1-74fa9d9ebdb1,CUS-00039,578432.31,bank_transfer,Rivers,Port-Harcourt,6a7f7ee1f5a1712f,2025-01-10 12:12:21,12,4,False
df282cd3-e138-4b3e-b63b-b9c3fcdb95be,CUS-01572,392.8,ussd,Osun,Osun-Central,3344b7d8ce1fd7e7,2025-01-10 12:18:27,12,4,False
da7fa71a-5384-48cd-83bd-68cdc59d5650,CUS-01200,80439.87,bank_transfer,Kwara,Kwara-Central,fd60ae30ae1d36ae,2025-01-10 12:20:41,12,4,False
9da6e9e7-8655-4db9-a40f-927bc73f1414,CUS-01284,85307.04,bank_transfer,Kano,Kumbotso,4d0479c087c40dab,2025-01-10 12:37:23,12,4,False
41098011-0de0-4632-adb9-09fb66f1fcf5,CUS-01197,80583.53,pos,Akwa Ibom,Akwa Ibom-Central,5efac0a27f8fb3df,2025-01-10 12:41:00,12,4,True
262b8984-9717-4230-8218-e762cc80a2d0,CUS-00509,3055.64,ussd,Ondo,Ondo-Central,9fd6e0c80e26c585,2025-01-10 12:57:36,12,4,False
e6f0b93c-f50a-410b-99d6-c7c2b658f66c,CUS-00628,218.27,bank_transfer,Lagos,Ikeja,ba556bfeb1b5b580,2025-01-10 13:03:09,13,4,False
cb0a679e-2a80-4076-a8a6-2a71b07a4d5f,CUS-01250,470.84,bank_transfer,Imo,Imo-Central,0731972790fd691c,2025-01-10 13:04:40,13,4,False
b731a724-9ade-4af6-926f-229abf6d5dda,CUS-01868,1273.4,mobile_money,Lagos,Lagos Mainland,a7cd11e4e6a10447,2025-01-10 13:06:59,13,4,False
a5c1da2a-ec33-43dc-b7f7-c789a5d2d446,CUS-01224,61283.86,bank_transfer,Rivers,Eleme,68c115a5a9527fcb,2025-01-10 13:17:50,13,4,False
f5a297f8-bc4a-4173-b900-724fecfe8245,CUS-00010,3753.83,pos,Lagos,Mushin,aa25619cccb967cf,2025-01-10 13:18:31,13,4,False
d71e6191-14eb-4fe7-ae72-000b75da70c2,CUS-01197,113.98,mobile_money,Akwa Ibom,Akwa Ibom-Central,5efac0a27f8fb3df,2025-01-10 13:40:00,13,4,True
891bdc63-0408-4d72-906b-a91cc72ca320,CUS-01197,399.06,mobile_money,Akwa Ibom,Akwa Ibom-Central,5efac0a27f8fb3df,2025-01-10 13:52:00,13,4,True
aa296cbe-1ab7-4e83-9ffa-f279d03a37a8,CUS-00037,159.01,pos,Lagos,Agege,72ae7fb6dfe605ed,2025-01-10 14:01:16,14,4,False
f1a63e37-f106-43ad-a21c-420765727eb4,CUS-00515,120.99,ussd,Lagos,Alimosho,599f7cd83a5b96e1,2025-01-10 14:02:26,14,4,False
3cc31a08-3925-4e26-b188-ebc0d290d02a,CUS-00420,194.76,pos,Imo,Imo-Central,76a8c25473272d18,2025-01-10 14:11:44,14,4,False
37fb4159-9ddd-4636-b582-dea900192f16,CUS-01197,14113.86,pos,Akwa Ibom,Akwa Ibom-Central,5efac0a27f8fb3df,2025-01-10 14:13:00,14,4,True
a2d8afc4-68d1-4855-b2f6-8dfff0c0553a,CUS-00452,454.61,bank_transfer,Rivers,Oyigbo,42de18a74e13aeb6,2025-01-10 14:14:12,14,4,False
022868e0-472d-4b33-99df-e9f795735f1f,CUS-01227,287.77,pos,Kano,Dala,1be01da98bccedd1,2025-01-10 14:14:58,14,4,False
359695a1-6f30-4533-a5ee-f1735e0fffd8,CUS-01947,726.27,bank_transfer,Lagos,Kosofe,4c7b689cb13b4c58,2025-01-10 14:21:26,14,4,False
edcecf6c-7f9f-4f1a-8130-3d55a78e81d2,CUS-00004,2644.79,pos,Lagos,Ikorodu,37995ca70dfdc7f4,2025-01-10 14:26:34,14,4,False
9d6aee5c-3131-4733-8ebc-1698586fc0fb,CUS-00284,340.91,pos,Oyo,Ibadan South-West,2521b7e3eb4f932c,2025-01-10 14:37:10,14,4,False
0608cb1b-3d6b-4bff-a739-cb96612fb28b,CUS-01329,257.54,mobile_money,Abuja FCT,Bwari,739c4ee882c5ab3b,2025-01-10 14:50:16,14,4,False
ec1a747e-e775-4642-8b3d-65a80d9151bb,CUS-00976,284.47,ussd,Kaduna,Kaduna North,a5f4eb10f25d6dd2,2025-01-10 15:01:00,15,4,True
28a83cf4-af43-4f2b-b31c-2ac32af5776f,CUS-01330,4471.74,bank_transfer,Oyo,Ibadan North,74e07eb1c05cc1ee,2025-01-10 15:02:42,15,4,False
6ed270a7-bbfc-44ec-95d9-2c759e10dcd4,CUS-00976,393.1,ussd,Kaduna,Zaria,a5f4eb10f25d6dd2,2025-01-10 15:08:00,15,4,True
aedabbf3-728d-4a8d-a64d-d2cabdf9f696,CUS-00995,2221.93,pos,Lagos,Mushin,5fae574986916801,2025-01-10 15:11:38,15,4,False
96d4ff7e-c567-4777-8574-609ecba71510,CUS-00243,89292.65,card,Rivers,Obio-Akpor,5ea01e4f6f06691c,2025-01-10 15:13:14,15,4,False
70173fcc-a78d-473d-b1f7-6614256934f2,CUS-00976,241.18,ussd,Kaduna,Kaduna North,a5f4eb10f25d6dd2,2025-01-10 15:14:00,15,4,True
d0a055bf-d26c-4cd7-9695-40ea1542680c,CUS-00588,55303.19,bank_transfer,Lagos,Eti-Osa,c51cc5de2aafecc0,2025-01-10 15:14:44,15,4,False
ed0a6368-8c36-466d-91a3-760c19b6378f,CUS-01033,2551.58,pos,Lagos,Ikeja,3fe6d62b7438da14,2025-01-10 15:14:49,15,4,False
6eb946d5-4ec9-434f-bee7-095b2bde5184,CUS-00976,254.64,mobile_money,Kaduna,Zaria,a5f4eb10f25d6dd2,2025-01-10 15:17:00,15,4,True
2d422662-ac90-40f7-988c-e0aabdd597f8,CUS-00606,3957.13,ussd,Lagos,Mushin,60733c43bf9bf339,2025-01-10 15:26:35,15,4,False
e69f25df-b228-4a4e-ac1c-f7d22fc9b5b4,CUS-00976,491.9,mobile_money,Kaduna,Zaria,a5f4eb10f25d6dd2,2025-01-10 15:33:00,15,4,True
0981697b-4a92-42d8-95a6-4751a25576e4,CUS-01796,11345.72,pos,Ondo,Ondo-Central,35497b8b7e62e84e,2025-01-10 15:33:30,15,4,False
7639555c-f887-4eb1-9c2f-af7749bf2145,CUS-01190,775692.77,pos,Lagos,Kosofe,880b7d20de1a5a08,2025-01-10 15:39:28,15,4,False
8f23eb06-3a5c-4dd0-986a-2e3a49d349ab,CUS-00021,20118.79,bank_transfer,Lagos,Ikeja,2afb46bcbe3e328f,2025-01-10 15:41:10,15,4,False
cab3b1d0-5e35-4ee7-bd72-4fc4537c89d9,CUS-00976,182.12,pos,Kaduna,Kaduna South,a5f4eb10f25d6dd2,2025-01-10 15:44:00,15,4,True
50c63e36-df5a-4848-a3e8-28591b684c0a,CUS-00608,1120.28,bank_transfer,Abuja FCT,Municipal,c12660b606f8ea6a,2025-01-10 15:48:28,15,4,False
dc572078-e58e-4860-8aad-7fbcb1b5db0f,CUS-00486,703373.96,bank_transfer,Lagos,Lagos Mainland,eef581881ffc0e65,2025-01-10 15:49:22,15,4,False
1b5b3b92-c0e3-4f62-b97e-0d5476e747e7,CUS-00085,21633.92,bank_transfer,Kano,Nassarawa,bbe1ca633613948f,2025-01-10 15:50:45,15,4,False
4b05a7fa-2039-4d37-a7f8-f52450f4ab83,CUS-00732,693937.05,pos,Delta,Oshimili South,d2fa86ca5f1299e7,2025-01-10 15:57:25,15,4,False
1b17e477-58f0-4c81-a44c-ec5084609689,CUS-00754,1898.17,bank_transfer,Lagos,Agege,050f9e3bad7016e4,2025-01-10 16:04:55,16,4,False
7f4f0e52-88f9-442d-a0e4-aa2421e52c8d,CUS-01732,569.42,ussd,Oyo,Oyo East,38dcf611fcbaa213,2025-01-10 16:09:37,16,4,False
766b7f13-82b9-471b-ad3c-c39f27ee4b1b,CUS-01275,29027.98,mobile_money,Lagos,Mushin,9b96ba82f57290ea,2025-01-10 16:10:01,16,4,False
575efca1-09af-4d85-b21b-24de7b045e89,CUS-00558,420.44,pos,Kwara,Kwara-Central,de6228374a9d4b7e,2025-01-10 16:23:39,16,4,False
7ef8d0dd-a3f4-405b-b9be-46aeac187bd0,CUS-00706,78706.4,pos,Kano,Dala,c70a8290a671a69c,2025-01-10 16:30:05,16,4,False
032fa6e8-c216-4b79-8eeb-01643c32e1b6,CUS-01014,3847.59,bank_transfer,Edo,Egor,e9ebd95b3430ef73,2025-01-10 16:43:54,16,4,False
088dfee2-ac2f-4572-8e77-9fa0f566839d,CUS-01142,50970.76,bank_transfer,Anambra,Nnewi North,b4f03bc7e8cf05c0,2025-01-10 16:51:47,16,4,False
3e78e7c0-ae1b-433b-b83b-62e932b23ec3,CUS-01104,25034.01,pos,Ogun,Ogun-Central,dc32c75fccecfcc9,2025-01-10 16:53:22,16,4,False
113c0e9b-0034-4888-aa68-f59107f62bc4,CUS-00608,98735.32,mobile_money,Abuja FCT,Bwari,c12660b606f8ea6a,2025-01-10 17:00:06,17,4,False
37a238eb-0d7c-48b1-aa38-18c81d48636b,CUS-00809,805246.7,mobile_money,Lagos,Surulere,db69bf71f5a9ddc6,2025-01-10 17:15:41,17,4,False
d41f1ddc-96a4-4dcc-aab7-c6b4ce1da275,CUS-01963,1145.32,bank_transfer,Rivers,Oyigbo,555417b66f8a3e57,2025-01-10 17:19:55,17,4,False
119b12f1-2f32-498a-ba08-82cf509882ee,CUS-00043,221.9,pos,Kogi,Kogi-Central,dde67db5f24e0bcc,2025-01-10 17:29:39,17,4,False
9d9a84bb-cf15-4a0d-858e-2084e61c6874,CUS-00672,59.04,ussd,Lagos,Lagos Mainland,13a031b3a7c8fb31,2025-01-10 17:39:01,17,4,False
33ceeabd-6255-4144-b6b5-7a8b89e42269,CUS-01088,141.11,bank_transfer,Ogun,Ogun-Central,2fe4c08d1ce58296,2025-01-10 17:46:10,17,4,False
42b3ef87-ce25-456f-be51-54829c3ce625,CUS-00922,4998.3,mobile_money,Nassarawa,Nassarawa-Central,4de90312f1d9291c,2025-01-10 18:27:03,18,4,False
73b86963-45bd-4a9a-a714-231a3517f425,CUS-00485,196.75,card,Nassarawa,Nassarawa-Central,a37c69cff4308eaa,2025-01-10 18:35:17,18,4,False
fbbb4a84-6b2e-4f11-8b64-9fdf5582e681,CUS-00370,2368.77,mobile_money,Lagos,Surulere,90ecea92534cd57f,2025-01-10 18:42:57,18,4,False
49bb5fcf-b94a-463c-8857-a958003ad523,CUS-01197,480.21,ussd,Akwa Ibom,Akwa Ibom-Central,5efac0a27f8fb3df,2025-01-10 18:48:00,18,4,True
56048bdb-31a4-468e-b3fa-4a66c65c6cbc,CUS-01164,37690.87,bank_transfer,Lagos,Oshodi-Isolo,b81424f4757118ea,2025-01-10 18:52:03,18,4,False
71e562de-bc8b-4302-912c-253618fbd241,CUS-01552,20466.82,bank_transfer,Plateau,Plateau-Central,e549c97f10bbeafe,2025-01-10 18:53:45,18,4,False
b3eab854-ec09-43fd-93b8-9b865ddea6a6,CUS-00459,42531.35,bank_transfer,Lagos,Alimosho,ed4e3fe47d06a4a2,2025-01-10 18:57:25,18,4,False
99069dd7-c560-4ade-b8a0-7a18bf08c091,CUS-01568,313.36,mobile_money,Enugu,Enugu North,82e3ecb4f65f677b,2025-01-10 19:06:58,19,4,False
57dbe05e-37e8-497e-90c6-43529d1393f0,CUS-00943,330.33,mobile_money,Plateau,Plateau-Central,1da2949d58e17a5f,2025-01-10 19:08:14,19,4,False
57caa50e-0154-444c-a894-330ad65f4968,CUS-00149,1007.32,mobile_money,Kano,Gwale,ab33a8613e43d0f0,2025-01-10 19:14:31,19,4,False
f818436e-fb3b-4ddf-aee2-82abf74db0a5,CUS-00551,86151.96,pos,Sokoto,Sokoto-Central,c0cf8f2ba3b42f8e,2025-01-10 19:18:03,19,4,False
870be98f-70fb-4e5d-9634-627520c5f03a,CUS-01179,472.24,mobile_money,Oyo,Ibadan North,d58684393c60ad84,2025-01-10 19:25:00,19,4,False
8be08e3e-72e9-4892-b316-3e3cbffd9285,CUS-00446,26857.54,pos,Ogun,Ogun-Central,a54ec969ae4fe771,2025-01-10 19:25:39,19,4,False
772eabfa-da05-4025-8a13-5a3b9426ff16,CUS-01809,66585.57,pos,Lagos,Eti-Osa,e3c66282934feb13,2025-01-10 19:31:23,19,4,False
4d89be38-00f0-408a-a515-bbc0f5da6e52,CUS-00455,190033.77,bank_transfer,Abuja FCT,Bwari,b4c3c4f1112b5142,2025-01-10 19:45:00,19,4,True
8efcbb7e-37dd-4b69-a69b-d13112bb3a12,CUS-01886,68644.56,pos,Lagos,Alimosho,fcdeb95d42646c7b,2025-01-10 19:48:29,19,4,False
44609e16-a1da-4818-8d47-15a4db725470,CUS-00149,262.87,mobile_money,Kano,Fagge,ab33a8613e43d0f0,2025-01-10 19:51:53,19,4,False
acdd5bd2-2957-4661-9c23-9145ca60c305,CUS-01896,314586.34,pos,Kaduna,Zaria,6c0c831c8a5b6324,2025-01-10 19:54:20,19,4,False
79b611c1-2e27-4214-a41e-ae4f3aa1ebb0,CUS-00307,78634.98,bank_transfer,Kano,Gwale,6d0a82c927ff5ec6,2025-01-10 19:57:02,19,4,False
a39d2d04-63f6-4b20-8bae-09993be33037,CUS-00249,29933.73,pos,Sokoto,Sokoto-Central,582309303bc8cadb,2025-01-10 19:57:51,19,4,False
d2813a0c-e623-4041-8599-967eabc49773,CUS-01723,297.69,card,Lagos,Oshodi-Isolo,b8469a7d5c27212d,2025-01-10 20:01:29,20,4,False
cba31600-f9c3-4a9e-8850-c494994442ef,CUS-00845,307.95,ussd,Rivers,Port-Harcourt,a273ddb69945855e,2025-01-10 20:02:00,20,4,True
f9ee319d-7194-4e4d-b403-56db8489298f,CUS-01197,2251.83,bank_transfer,Akwa Ibom,Akwa Ibom-Central,5efac0a27f8fb3df,2025-01-10 20:05:00,20,4,True
7dfa9cdf-17b9-4552-8c79-467ba5767bc9,CUS-00894,121.77,pos,Anambra,Onitsha North,4d7414a6f0f8e763,2025-01-10 20:11:32,20,4,False
cf662be1-d11b-4af5-8149-170cf5e8f99c,CUS-00845,385.01,pos,Rivers,Oyigbo,a273ddb69945855e,2025-01-10 20:13:00,20,4,True
471b920a-abc6-4aa9-9cb6-e4970a4ea26c,CUS-00845,429.32,ussd,Rivers,Port-Harcourt,a273ddb69945855e,2025-01-10 20:14:00,20,4,True
8c27481f-133d-4467-939c-a71be0954055,CUS-01959,32397.46,pos,Imo,Imo-Central,775c01ed3ecbae4c,2025-01-10 20:16:37,20,4,False
661abc41-dfdc-4346-b866-ba55d41c1939,CUS-01919,83864.02,mobile_money,Rivers,Eleme,240b82a80daf923d,2025-01-10 20:24:31,20,4,False
2760c6bb-5006-4edf-83ef-bffbdeeb6286,CUS-01887,12929.12,bank_transfer,Lagos,Lagos Mainland,0be354668f5ee630,2025-01-10 20:25:20,20,4,False
418c9929-3531-42ae-81f5-9cabf03f06f5,CUS-01546,3761.71,pos,Benue,Benue-Central,07f4f42f28f9e9cc,2025-01-10 20:25:28,20,4,False
f4332130-d2b0-43d6-ab57-b89fbe70fdb4,CUS-00845,302.17,mobile_money,Rivers,Port-Harcourt,a273ddb69945855e,2025-01-10 20:32:00,20,4,True
0a2b2127-64c4-498c-8eed-47cc85898dd6,CUS-00572,442.26,mobile_money,Rivers,Port-Harcourt,45fc6ca0a6b2f981,2025-01-10 20:33:34,20,4,False
6b882514-f8a2-4b4b-b7cc-842be29f86ae,CUS-00845,348.99,mobile_money,Rivers,Port-Harcourt,a273ddb69945855e,2025-01-10 20:34:00,20,4,True
60634e83-176e-4c28-aa3d-1ca59c973903,CUS-01245,3017.67,pos,Enugu,Enugu North,a95550343289f149,2025-01-10 20:37:58,20,4,False
18cf2773-819e-4c57-aeff-c1e36403032a,CUS-00845,487.76,ussd,Rivers,Obio-Akpor,a273ddb69945855e,2025-01-10 20:49:00,20,4,True
0f9f011e-2826-4dde-b448-1e33f505bb89,CUS-00041,252.61,bank_transfer,Abuja FCT,Kuje,11d829854838dbdb,2025-01-10 20:50:20,20,4,False
b2279edf-2ad4-4d60-9cd3-9f8d55dee215,CUS-00155,131.83,pos,Lagos,Agege,aa41351d7606065f,2025-01-10 21:05:29,21,4,False
ce162ec2-d51c-4148-9b5e-27ada0ac7890,CUS-00530,687352.06,mobile_money,Benue,Benue-Central,c87ff27a0ddd5155,2025-01-10 21:12:54,21,4,False
7d61b2a8-6be9-4f4f-ba88-3c627f0b1ebc,CUS-01023,407.94,pos,Bayelsa,Bayelsa-Central,a70b1b3ef8b2136c,2025-01-10 21:16:00,21,4,False
94d4a2d3-d67c-4dd1-8c87-7667ed34a0d7,CUS-01075,694.27,ussd,Rivers,Obio-Akpor,6acbe7b85ae03a41,2025-01-10 21:17:46,21,4,False
b8565dbd-5b75-4e43-b502-0b0d1df91790,CUS-01326,431.36,mobile_money,Lagos,Agege,d91f349461d4c224,2025-01-10 21:23:27,21,4,False
b482650b-d987-48a8-be74-67cf262d5ad9,CUS-01197,179567.97,ussd,Akwa Ibom,Akwa Ibom-Central,5efac0a27f8fb3df,2025-01-10 21:24:00,21,4,True
e37bf892-063b-4944-9916-0189523f46e1,CUS-01508,1096.68,mobile_money,Kaduna,Kaduna South,c90ecdd6d89b7004,2025-01-10 21:24:02,21,4,False
af467f79-ef02-4dce-98af-b2e7377c7287,CUS-01559,1519.12,bank_transfer,Nassarawa,Nassarawa-Central,6b228ba50f9a88ac,2025-01-10 21:30:22,21,4,False
32a1e8ee-0be2-4a3b-ba60-9d04c4934b0e,CUS-01956,98957.98,ussd,Delta,Uvwie,03426b6d08e1ad15,2025-01-10 21:32:14,21,4,False
3a6690a1-d9a5-4ce0-9078-2585f1fa9650,CUS-00129,203.59,bank_transfer,Abuja FCT,Kuje,4a1eb4a9e1afdf10,2025-01-10 21:47:49,21,4,False
d2d8b866-c3a8-4d55-9d1e-c899ca637225,CUS-01360,99.14,mobile_money,Taraba,Taraba-Central,b6f6e9047c2792c1,2025-01-10 21:50:19,21,4,False
5d7412e9-7cca-48ad-9820-b1f11c49aa8d,CUS-00473,416.23,mobile_money,Niger,Niger-Central,941680179217c16f,2025-01-10 21:53:21,21,4,False
f300d297-05ac-4e6f-8934-8077e6b28161,CUS-01886,1398.36,pos,Lagos,Eti-Osa,fcdeb95d42646c7b,2025-01-10 21:58:26,21,4,False
796c6fbe-a3e0-4335-8ee0-99f50add35b1,CUS-00761,63437.89,pos,Kano,Nassarawa,9af619d3f3e717ee,2025-01-10 22:18:00,22,4,False
0df70c19-f340-463d-a832-1f29152ff8f2,CUS-01197,71.61,card,Akwa Ibom,Akwa Ibom-Central,5efac0a27f8fb3df,2025-01-10 22:21:00,22,4,True
f31ce82e-1c5a-4fb7-afc5-999a341c6984,CUS-01197,3884.73,mobile_money,Akwa Ibom,Akwa Ibom-Central,5efac0a27f8fb3df,2025-01-10 22:22:00,22,4,True
48ee8d95-57dd-4857-8120-486b752b4c7a,CUS-00312,5288.0,bank_transfer,Lagos,Surulere,3494ed058a6d99ad,2025-01-11 00:24:20,0,5,False
63e9f8e4-f09e-465c-9b34-394a4fcd0c9d,CUS-00887,456.82,bank_transfer,Lagos,Kosofe,74a921feddc38382,2025-01-11 00:31:03,0,5,False
4e53bede-b8d1-449d-8805-0691c9a5ca3a,CUS-00634,683045.96,bank_transfer,Lagos,Ikeja,c8a3eeb50a3ac3d7,2025-01-11 00:53:00,0,5,True
4ff77114-e762-4ba7-84cf-d6c869820b44,CUS-01660,2886.64,bank_transfer,Kaduna,Kaduna North,47d98a681f2232b5,2025-01-11 01:32:02,1,5,False
295f4923-4d00-4e72-abad-51190fd65ff3,CUS-01238,451.32,mobile_money,Akwa Ibom,Akwa Ibom-Central,4f2883e80ffbe344,2025-01-11 02:17:00,2,5,True
a054625b-daa8-48eb-8358-63991a7f3598,CUS-01238,295.13,pos,Akwa Ibom,Akwa Ibom-Central,4f2883e80ffbe344,2025-01-11 02:26:00,2,5,True
f6f2eb67-bf08-408a-a30e-32aaf56ea14e,CUS-01545,354380.07,bank_transfer,Abuja FCT,Municipal,375992b2e94a47bf,2025-01-11 02:35:00,2,5,True
719d5af8-7218-4fd2-b8cf-80c25aaae8a0,CUS-01238,278.53,pos,Akwa Ibom,Akwa Ibom-Central,4f2883e80ffbe344,2025-01-11 02:36:00,2,5,True
1faad7ca-0c2f-49af-a281-6f0f2de593de,CUS-01238,292.6,pos,Akwa Ibom,Akwa Ibom-Central,4f2883e80ffbe344,2025-01-11 02:44:00,2,5,True
3b48781c-4dae-4ac4-9cc9-298e16493c26,CUS-01238,55.55,mobile_money,Akwa Ibom,Akwa Ibom-Central,4f2883e80ffbe344,2025-01-11 02:44:00,2,5,True
2beb3fbc-0317-4d00-9e83-c4d66c2a84ad,CUS-01238,475.7,ussd,Akwa Ibom,Akwa Ibom-Central,4f2883e80ffbe344,2025-01-11 02:46:00,2,5,True
35407489-cb55-4d04-be9f-5bc4b662e7ef,CUS-01756,314.72,pos,Cross River,Cross River-Central,4992e34bc44b3870,2025-01-11 05:07:00,5,5,True
902e3327-a233-4101-b199-7bf2e11d4dc3,CUS-01048,69392.06,pos,Zamfara,Zamfara-Central,5ead41bb0faa4328,2025-01-11 05:08:03,5,5,False
299f8df8-2478-4f7f-b6b3-2a22acc16bce,CUS-01756,322.06,ussd,Cross River,Cross River-Central,4992e34bc44b3870,2025-01-11 05:16:00,5,5,True
543e8a44-17e7-4422-a3d2-5c44cd3628bf,CUS-01756,284.85,ussd,Cross River,Cross River-Central,4992e34bc44b3870,2025-01-11 05:35:00,5,5,True
dff20c8b-82fd-4def-9016-7e9b3aad372f,CUS-01756,184.46,pos,Cross River,Cross River-Central,4992e34bc44b3870,2025-01-11 05:47:00,5,5,True
12d5e7e8-18bd-42bd-92e9-1840b5818872,CUS-01756,105.83,pos,Cross River,Cross River-Central,4992e34bc44b3870,2025-01-11 05:53:00,5,5,True
89aa4501-b845-4f04-80f1-e9d6b58a69f5,CUS-01317,1683.85,pos,Ondo,Ondo-Central,4177b2602ac8ffb6,2025-01-11 06:00:00,6,5,True
4e8cdd77-9ecc-4cd1-80c8-a7b78b97efe3,CUS-00241,482.77,ussd,Katsina,Katsina-Central,719378d0a548c057,2025-01-11 06:03:00,6,5,True
2b6cf4d9-735c-43e0-abc8-694b4549b5c6,CUS-00241,426.32,ussd,Katsina,Katsina-Central,719378d0a548c057,2025-01-11 06:04:00,6,5,True
d4eed3f3-2f75-4d6f-9f27-141dc4686b3c,CUS-00241,297.04,mobile_money,Katsina,Katsina-Central,719378d0a548c057,2025-01-11 06:06:00,6,5,True
4a616f6a-0f81-4577-87e3-fa6493d6deb8,CUS-00255,1805.9,bank_transfer,Oyo,Ogbomoso,dcacaf3c9934b195,2025-01-11 06:14:29,6,5,False
a2ed21ee-0334-4db0-882f-20bcc7340266,CUS-00241,323.77,mobile_money,Katsina,Katsina-Central,719378d0a548c057,2025-01-11 06:15:00,6,5,True
0380061c-82a2-4b2d-8895-5b9b2414371f,CUS-00241,193.49,mobile_money,Katsina,Katsina-Central,719378d0a548c057,2025-01-11 06:32:00,6,5,True
5ad1413d-c619-401e-a336-66c9077951c1,CUS-01317,9810.94,pos,Ondo,Ondo-Central,4177b2602ac8ffb6,2025-01-11 06:35:00,6,5,True
987f8aae-70a4-4aad-8e9d-c8a2f01d9a39,CUS-00241,349.31,mobile_money,Katsina,Katsina-Central,719378d0a548c057,2025-01-11 06:38:00,6,5,True
4f5cc930-8aa3-45d4-861a-c43ec90f62fb,CUS-00254,3962.73,pos,Lagos,Ikorodu,e5da285d4d8a62dc,2025-01-11 06:42:59,6,5,False
1c134cb4-94a3-40f5-88c6-19bf6d1987e5,CUS-01102,2666.31,pos,Niger,Niger-Central,4c4b65688afe127d,2025-01-11 06:47:29,6,5,False
2686b45d-51bc-4b52-afe5-548a67e64e1e,CUS-00241,73.3,mobile_money,Katsina,Katsina-Central,719378d0a548c057,2025-01-11 06:52:00,6,5,True
761dd8aa-cdbd-4d4d-92d4-4dc283a6aaac,CUS-01317,391.67,ussd,Ondo,Ondo-Central,4177b2602ac8ffb6,2025-01-11 06:56:00,6,5,True
afca73ed-d207-4617-89e3-0d7134be245b,CUS-01317,311.97,pos,Ondo,Ondo-Central,4177b2602ac8ffb6,2025-01-11 07:12:00,7,5,True
b1d590d7-f8ab-473f-8ef3-5337466a28fa,CUS-01263,4725.64,mobile_money,Abuja FCT,Bwari,a2d63acc0293b2db,2025-01-11 07:16:29,7,5,False
dbbd0602-5e04-4a0a-ae87-3b5124b495b4,CUS-01317,34958.87,pos,Ondo,Ondo-Central,4177b2602ac8ffb6,2025-01-11 07:37:00,7,5,True
b702d741-fdb8-4195-baf3-4020364d2529,CUS-01317,719638.69,pos,Ondo,Ondo-Central,4177b2602ac8ffb6,2025-01-11 07:42:00,7,5,True
6d1afdcb-5d64-424c-acaf-18b142009f3b,CUS-01206,94338.13,ussd,Anambra,Nnewi North,f1b490b78701a7d8,2025-01-11 08:46:13,8,5,False
f863ad5d-b8e5-4354-a4b5-88b4b4338877,CUS-00406,74.23,pos,Rivers,Obio-Akpor,9cf20e3e6a349dd5,2025-01-11 09:08:56,9,5,False
8eaccfae-9d06-4cb8-ae5b-be60dd5e1967,CUS-00782,21916.22,mobile_money,Lagos,Oshodi-Isolo,f792e29885654616,2025-01-11 09:11:03,9,5,False
6553cc36-596a-408f-bcb6-5e915ecb0f20,CUS-00046,4355.48,pos,Kano,Dala,18464df2f2c6b764,2025-01-11 09:12:53,9,5,False
fde8ca03-26b7-49fd-90f9-01da3ed6acd6,CUS-01583,29065.34,ussd,Abuja FCT,Gwagwalada,91b7d62f8a3e011f,2025-01-11 09:20:48,9,5,False
15543cd2-0cf8-4c1d-9f19-18722697eadf,CUS-01328,47843.38,pos,Delta,Oshimili South,ec070dad4f209a16,2025-01-11 09:23:40,9,5,False
e84b6ef7-4dc8-4844-b5af-d2ab658b59dc,CUS-01199,1231.51,pos,Lagos,Alimosho,87823df2b69fc0a4,2025-01-11 09:27:21,9,5,False
69bf2c51-5c41-48a9-9b15-4df2b6457cf8,CUS-01745,499.06,pos,Abuja FCT,Municipal,edc9f3db1932dde2,2025-01-11 09:30:01,9,5,False
c3611341-0aa5-4c3e-add5-1884fdab1944,CUS-01180,93293.72,pos,Akwa Ibom,Akwa Ibom-Central,1eb41ea733304795,2025-01-11 09:35:55,9,5,False
f6cbe8dc-ef45-45ca-a692-8b6a4a5dfe10,CUS-00797,3095.02,bank_transfer,Oyo,Ogbomoso,59420c39724467cb,2025-01-11 10:00:16,10,5,False
629419ad-cfb5-46bc-acfc-47885afb04de,CUS-00625,3301.67,card,Rivers,Port-Harcourt,1d090ee98ebcd277,2025-01-11 10:05:08,10,5,False
c0248faf-c820-47e8-b0e7-165b2b554f3b,CUS-01604,251.3,pos,Lagos,Lagos Mainland,f3a9328502c9a405,2025-01-11 10:11:56,10,5,False
e91178c7-413c-44a0-9771-21a1ff372977,CUS-01632,3065.46,bank_transfer,Delta,Warri South,d46257dd5672aef5,2025-01-11 10:13:32,10,5,False
f4b9f055-39db-40bb-9725-7cb98accb8ad,CUS-01673,199.39,pos,Benue,Benue-Central,1a980ceb564f067f,2025-01-11 10:22:48,10,5,False
d93ab2e0-ac04-4c8f-ae53-481230fec2d8,CUS-01870,69246.29,pos,Plateau,Plateau-Central,6959ad905098cedc,2025-01-11 10:26:51,10,5,False
7c3808d2-ee71-4615-b22c-03e7678ed8cd,CUS-00461,3982.22,ussd,Delta,Warri South,981e3f54a7831fcb,2025-01-11 10:27:47,10,5,False
1508d460-4e24-41fc-9c2c-5577868cebfa,CUS-00791,138.12,mobile_money,Kaduna,Kaduna North,6e4ba221fb73358b,2025-01-11 10:32:42,10,5,False
493ed2fa-98d2-412d-8ce6-63ceea8f73c2,CUS-00675,613832.1,pos,Ekiti,Ekiti-Central,ee2d9866f851f434,2025-01-11 10:43:31,10,5,False
a4f37f20-1161-4462-994d-9b61916a15dc,CUS-01317,1571.32,pos,Ondo,Ondo-Central,4177b2602ac8ffb6,2025-01-11 10:47:00,10,5,True
e5f149f3-69ae-4565-ab7e-eb02d578b391,CUS-00794,369.32,bank_transfer,Lagos,Ikorodu,61ad41bfc30e5cd7,2025-01-11 10:51:03,10,5,False
a3eda8c5-b071-4ecd-920c-b29148436d1e,CUS-00165,768.04,card,Bauchi,Bauchi-Central,da9388b31798113b,2025-01-11 10:51:33,10,5,False
75d78ab9-29eb-498b-bc52-6e961d7d8640,CUS-01317,39779.67,bank_transfer,Ondo,Ondo-Central,4177b2602ac8ffb6,2025-01-11 10:56:00,10,5,True
db584f87-7dfb-429a-80c0-1d154c66c80e,CUS-01970,50281.51,card,Lagos,Ikeja,b82bff6ba8473af0,2025-01-11 10:56:40,10,5,False
68ac5d48-720e-436a-ad15-1eb5d18f0539,CUS-01333,487.11,pos,Ogun,Ogun-Central,c2c02e62ca91cd6f,2025-01-11 10:56:45,10,5,False
e6755143-c25f-4428-be7b-f37be3727b5d,CUS-00413,1371.27,pos,Oyo,Ibadan North,5f8b7caf2b8b3341,2025-01-11 10:57:31,10,5,False
95a538c2-3f81-4368-b0e6-a2671c0f2f09,CUS-01452,14312.23,mobile_money,Zamfara,Zamfara-Central,8af2244a304d26f8,2025-01-11 10:59:39,10,5,False
dc37b633-8d9f-40a5-8e8d-56ffd5e2663d,CUS-00600,393391.41,bank_transfer,Lagos,Eti-Osa,ca8783ddf7b9c102,2025-01-11 11:01:16,11,5,False
04e826d3-6fbe-42a5-a204-dbfce7aca15c,CUS-00457,3350.64,bank_transfer,Abuja FCT,Municipal,bf419fd9bf1b95cb,2025-01-11 11:01:23,11,5,False
2857440b-50e7-425b-aff4-0e831da147dd,CUS-01317,110.96,mobile_money,Ondo,Ondo-Central,4177b2602ac8ffb6,2025-01-11 11:04:00,11,5,True
5fffb286-1151-4a0d-a4c5-721fed78043f,CUS-00742,639.93,pos,Osun,Osun-Central,c850ae7c8a0b4b55,2025-01-11 11:05:02,11,5,False
f943002c-48e5-445e-ac7e-dc1ba85040cc,CUS-01509,81102.21,pos,Kwara,Kwara-Central,5158872a81a9343c,2025-01-11 11:07:58,11,5,False
6bc680b0-2076-4f02-b2e4-943776d640d4,CUS-01059,475.39,card,Enugu,Nsukka,e4c835e0fcbbd94b,2025-01-11 11:10:16,11,5,False
95dc0495-f522-42a6-8f38-72119c17f85c,CUS-00406,4020.38,pos,Rivers,Oyigbo,9cf20e3e6a349dd5,2025-01-11 11:30:45,11,5,False
bc45877a-ee99-4ea3-8f36-a06f113dc3d8,CUS-01998,60217.45,bank_transfer,Lagos,Agege,1b723b7d1e316182,2025-01-11 11:33:37,11,5,False
80c85528-b5ab-4a41-9af6-d2baedded803,CUS-01547,3994.66,pos,Oyo,Ibadan North,a176096e4a99d9cf,2025-01-11 11:34:21,11,5,False
77274065-e299-428a-b72a-4858fcffb1af,CUS-01317,4215.47,card,Ondo,Ondo-Central,4177b2602ac8ffb6,2025-01-11 11:43:00,11,5,True
c3cc2d63-dd5f-470c-a198-a8b7c060840a,CUS-01372,822.32,pos,Sokoto,Sokoto-Central,713ea3cc11d3ba66,2025-01-11 12:00:26,12,5,False
01cc09da-34d4-4ae2-bb42-20a80a596bfa,CUS-01695,66413.77,pos,Lagos,Ikeja,b941383d6432d5cc,2025-01-11 12:04:53,12,5,False
d1f06ac1-0b20-4799-a8c0-282243afa278,CUS-01944,3514.36,pos,Imo,Imo-Central,b37b654ece3afc3f,2025-01-11 12:06:41,12,5,False
e90b70cd-cdcf-4c61-a56b-0013a5dac788,CUS-00567,3527.91,pos,Rivers,Eleme,cb80685b5f950968,2025-01-11 12:14:58,12,5,False
5daf7c75-bd5e-4f42-befb-06c4bac6c3dc,CUS-00639,324685.08,pos,Rivers,Eleme,e31599e9b6444d86,2025-01-11 12:22:12,12,5,False
6539d2da-a63f-4b5d-826d-c278d4abbfd6,CUS-01757,491.94,pos,Abuja FCT,Kuje,2b81d97a0edf05ec,2025-01-11 12:24:35,12,5,False
4117c105-5b03-4ea5-a0ea-196fb550b656,CUS-01259,99133.74,ussd,Oyo,Oyo East,43decebaedfb8c27,2025-01-11 12:27:16,12,5,False
a175d7b3-5db2-4fa0-a8a3-906e3f2bc150,CUS-00984,3675.35,card,Ondo,Ondo-Central,1f37995146c627bd,2025-01-11 12:29:08,12,5,False
0f43859e-a6bf-4dca-a2a5-ae5adfb29747,CUS-01083,15848.06,bank_transfer,Kebbi,Kebbi-Central,b6a82c9c02ad23e5,2025-01-11 12:39:28,12,5,False
bba48183-0fd2-416a-a901-83eac124dc7a,CUS-00385,76715.95,bank_transfer,Benue,Benue-Central,fe012c67a9e98f01,2025-01-11 12:42:38,12,5,False
ab7f93b6-0758-4fdb-a294-e444a2c11e56,CUS-00695,2037.78,pos,Kaduna,Zaria,81e192968c626dfd,2025-01-11 12:45:40,12,5,False
76aa113f-0921-4b51-8afe-f1d57dc648e4,CUS-01726,88362.85,pos,Abuja FCT,Gwagwalada,bd622d69a1d09731,2025-01-11 12:48:15,12,5,False
a80fff67-9822-4065-8d69-78e59b84d03e,CUS-01072,440288.72,pos,Lagos,Surulere,5e8f9450d294cb82,2025-01-11 12:55:31,12,5,False
a6f6e143-1636-44e7-950a-189640843e39,CUS-01429,82504.31,bank_transfer,Zamfara,Zamfara-Central,0844d2ec77bed896,2025-01-11 13:08:02,13,5,False
664d74ae-8ba1-4eb7-ba7d-a7b79605715a,CUS-00370,282.35,mobile_money,Lagos,Alimosho,90ecea92534cd57f,2025-01-11 13:15:49,13,5,False
68403924-1acb-4e86-a5df-dfd2ed2a1f8d,CUS-01107,426.3,pos,Kwara,Kwara-Central,3a15b34bb5d0c2d2,2025-01-11 13:25:58,13,5,False
41d390c2-c4de-4379-a096-ef61eae5953b,CUS-01511,426737.15,pos,Ondo,Ondo-Central,feb703ea6117aadb,2025-01-11 14:06:38,14,5,False
7d63870b-486a-4d99-9f87-22615660ec11,CUS-00198,344.72,pos,Niger,Niger-Central,9af1733f50cf9816,2025-01-11 14:11:00,14,5,True
73403e99-8c04-4261-b4c1-f9627d78b160,CUS-00198,389.75,pos,Niger,Niger-Central,9af1733f50cf9816,2025-01-11 14:11:00,14,5,True
5e9f8896-09c7-4afd-ac35-fcfd8324d32b,CUS-00489,226.23,pos,Niger,Niger-Central,6fd9e9e2be5896c6,2025-01-11 14:15:41,14,5,False
1f8a2abc-9056-4e13-bb8c-3e21d8c3f94b,CUS-00198,345.52,mobile_money,Niger,Niger-Central,9af1733f50cf9816,2025-01-11 14:19:00,14,5,True
9fb9a6db-f2d2-47ca-a589-d1c422482805,CUS-01404,79.44,mobile_money,Delta,Oshimili South,42b42baf602c4346,2025-01-11 14:23:49,14,5,False
783bd145-d995-46ea-903b-1d497a415990,CUS-00198,373.42,pos,Niger,Niger-Central,9af1733f50cf9816,2025-01-11 14:24:00,14,5,True
09565aab-e9df-4731-a1ca-a08c29fee117,CUS-01462,356.71,bank_transfer,Lagos,Oshodi-Isolo,0d73f85c4e1721ca,2025-01-11 14:27:31,14,5,False
249ad787-0282-4328-bfe5-fdf011242e67,CUS-00764,184.86,pos,Lagos,Mushin,505092f3fbd319a1,2025-01-11 14:40:16,14,5,False
7e8d6131-c45c-41f0-9cfd-95730a51db91,CUS-00198,283.73,pos,Niger,Niger-Central,9af1733f50cf9816,2025-01-11 14:42:00,14,5,True
1ee57f09-5658-4efe-863e-a17a34a66dc5,CUS-00198,309.64,mobile_money,Niger,Niger-Central,9af1733f50cf9816,2025-01-11 14:46:00,14,5,True
1ce0ca81-f8b1-49c7-8f66-98e3f8b62dc0,CUS-00722,906.09,bank_transfer,Lagos,Oshodi-Isolo,c446e12fd8320bf5,2025-01-11 14:52:10,14,5,False
c9778119-3311-4213-a9fd-210521016445,CUS-01317,768539.84,ussd,Ondo,Ondo-Central,4177b2602ac8ffb6,2025-01-11 14:54:00,14,5,True
e66c69b4-0082-47cb-bd43-fa2b3b8a640a,CUS-01814,66712.46,pos,Lagos,Alimosho,46056a504b319207,2025-01-11 14:54:24,14,5,False
bea8fa39-f81a-447a-be27-b10f2d49f4d9,CUS-00212,3546.4,pos,Delta,Uvwie,b5710344f2723025,2025-01-11 14:54:59,14,5,False
fd4dfdeb-9002-4009-9388-fb5d7ded518e,CUS-00497,302.77,ussd,Lagos,Surulere,fd814a510ea60164,2025-01-11 15:05:08,15,5,False
5b59a539-17a5-445e-9bc4-2b716f3faa6d,CUS-00873,3557.96,bank_transfer,Rivers,Obio-Akpor,bedd2a3af7208a8a,2025-01-11 15:13:20,15,5,False
1cc13a5f-fcb6-4fd4-bc52-d67795ef772b,CUS-01245,16740.27,pos,Enugu,Enugu North,a95550343289f149,2025-01-11 15:23:07,15,5,False
71f6938c-b243-4390-ba14-c086132a9a01,CUS-01103,137.26,bank_transfer,Yobe,Yobe-Central,8d3a44d119f34b76,2025-01-11 15:32:07,15,5,False
40442136-2ba2-4969-bad4-ac6bc4109779,CUS-00329,379.52,pos,Lagos,Oshodi-Isolo,7b2bc2bfdc63f934,2025-01-11 15:40:56,15,5,False
3880024b-387e-497f-aeba-d3cf65b15c55,CUS-01379,77508.26,mobile_money,Kaduna,Zaria,ada99f38e0e8f830,2025-01-11 15:43:22,15,5,False
a29d7c4a-bf36-449b-9a25-9fda29c2f9cd,CUS-00960,115.83,pos,Lagos,Alimosho,49ef09fbe609636a,2025-01-11 15:47:06,15,5,False
6e8039cd-67a9-4469-a742-70d3b4913c7a,CUS-01952,2829.25,card,Kaduna,Kaduna North,0f7239a8ceb8ebdc,2025-01-11 15:49:20,15,5,False
bac17092-852c-4493-bdd0-78cf666f4860,CUS-01465,309130.95,mobile_money,Lagos,Ikeja,4ea35215245db93a,2025-01-11 15:58:11,15,5,False
24301c97-134c-43ce-be07-3f524ceec80f,CUS-01953,3545.52,pos,Osun,Osun-Central,dd76f26c9b5be843,2025-01-11 15:58:16,15,5,False
219694fd-ac4b-4d8a-8529-bf79c016b49e,CUS-00909,4009.89,pos,Abuja FCT,Gwagwalada,256c588e94dcbb7b,2025-01-11 16:00:00,16,5,True
3d859ca8-e644-4caf-a4d1-ff560d85cbe7,CUS-01141,3948.68,ussd,Kano,Kumbotso,d0913cca917fcf09,2025-01-11 16:06:04,16,5,False
e4496ff8-9a36-4cb5-b34b-3f1738f8f940,CUS-00120,345.79,mobile_money,Benue,Benue-Central,2aa8167840b42b5e,2025-01-11 16:09:07,16,5,False
a51278ff-f3a6-40d0-a466-4cf6612a32cf,CUS-01957,874.37,mobile_money,Rivers,Obio-Akpor,540af2a595b54ac2,2025-01-11 16:17:26,16,5,False
83f82185-d9af-416b-9c66-a9a092fa3070,CUS-01786,306.71,bank_transfer,Enugu,Enugu North,7124e494c7f17efa,2025-01-11 16:18:43,16,5,False
1030a749-9833-4a6e-a6a3-b48d1e720769,CUS-01959,1793.7,pos,Imo,Imo-Central,775c01ed3ecbae4c,2025-01-11 16:19:04,16,5,False
cd8ff443-f376-4be5-8778-22da9678cc75,CUS-00032,3795.53,bank_transfer,Lagos,Eti-Osa,6b07c6774a8a35ea,2025-01-11 16:20:32,16,5,False
78e84c0d-936c-40c1-9d0c-9eaeca117cfe,CUS-00909,2351.64,pos,Bayelsa,Bayelsa-Central,256c588e94dcbb7b,2025-01-11 16:21:00,16,5,True
da8a97be-d3d5-47f1-86b8-ac4086dadc3c,CUS-00677,308.18,pos,Rivers,Obio-Akpor,4e9702015e299de8,2025-01-11 16:25:29,16,5,False
d0b6642a-30e0-4345-a936-a4234b194d3e,CUS-01491,1258.1,bank_transfer,Rivers,Port-Harcourt,051469751774e3bd,2025-01-11 16:42:45,16,5,False
77c25e0f-a09f-4fe3-98c1-c44c9c36cf21,CUS-01569,25490.7,pos,Abuja FCT,Gwagwalada,21d624bef1726de6,2025-01-11 16:51:21,16,5,False
3a1bec35-7cc8-4a82-b8ef-1d87d8f9a0f8,CUS-01975,182.31,ussd,Jigawa,Jigawa-Central,640d7e3fa91691b5,2025-01-11 17:02:23,17,5,False
4329d173-2bc1-4915-b716-3cdcc22c84f1,CUS-01218,72.57,mobile_money,Delta,Uvwie,d379f323d8c952dc,2025-01-11 17:12:56,17,5,False
db0371f0-3351-4721-a2b0-0f52ac41ec74,CUS-01508,88987.49,mobile_money,Kaduna,Zaria,c90ecdd6d89b7004,2025-01-11 17:20:42,17,5,False
7c724420-b104-4c04-a38f-35b2d1777b22,CUS-01496,71214.76,card,Enugu,Enugu North,3ac019d4fb43e753,2025-01-11 17:20:48,17,5,False
e762a5fd-ff1a-4b9c-a181-1701e3d78db6,CUS-00973,25727.63,mobile_money,Lagos,Alimosho,f3b608753ed3e55b,2025-01-11 17:22:16,17,5,False
2c3f779b-868b-45a2-8f45-de38f1bb93c3,CUS-00274,4794.07,card,Abuja FCT,Municipal,0043d9354f88a060,2025-01-11 17:23:05,17,5,False
0b0e8e3c-39ed-45a5-bff4-bcd05b6f3d70,CUS-00218,2782.42,ussd,Delta,Oshimili South,24abeb697c977db0,2025-01-11 17:35:50,17,5,False
4003bad1-f1e0-4299-a9cc-e5d047daecd6,CUS-00990,110556.66,pos,Imo,Imo-Central,867cc7228b2daf96,2025-01-11 17:55:56,17,5,False
d228220d-0647-4189-9288-c9a8e12eb769,CUS-01224,44473.27,pos,Abuja FCT,Kuje,68c115a5a9527fcb,2025-01-11 18:00:00,18,5,True
2a05fc1f-d255-48d4-9d0e-63a328856f55,CUS-00501,68642.15,mobile_money,Oyo,Ibadan South-West,2e8d0d54a7c53df0,2025-01-11 18:03:18,18,5,False
e9c5514a-237f-4d4c-ba89-3d1f43cf5e89,CUS-01224,4045.36,mobile_money,Bayelsa,Bayelsa-Central,68c115a5a9527fcb,2025-01-11 18:16:00,18,5,True
4dd4acfa-6e69-4087-90fe-5645401bb025,CUS-01107,4067.74,pos,Kwara,Kwara-Central,3a15b34bb5d0c2d2,2025-01-11 18:22:30,18,5,False
852b6c6a-a6b2-472c-9b63-b366c4efcd3f,CUS-00759,202.84,pos,Imo,Imo-Central,23919a584a845bba,2025-01-11 18:23:59,18,5,False
f9bdde15-df8d-4d41-99ee-0c7d4742e9c1,CUS-01382,269932.06,pos,Bayelsa,Bayelsa-Central,e574935d513d27c9,2025-01-11 18:31:28,18,5,False
a4dec521-78af-48ba-8533-589b78b934ba,CUS-01317,31418.26,pos,Ondo,Ondo-Central,4177b2602ac8ffb6,2025-01-11 18:36:00,18,5,True
b8685d46-757d-4be7-a62d-2cc50cd78b78,CUS-01019,315.56,mobile_money,Lagos,Oshodi-Isolo,854b455985debb27,2025-01-11 18:40:26,18,5,False
b52b6b19-a829-4ddb-9152-01d4fbcee616,CUS-01268,350495.67,bank_transfer,Kaduna,Kaduna South,65173508ca2600a2,2025-01-11 18:45:04,18,5,False
76e52922-5b88-4b10-85f0-0d913ce29353,CUS-01993,2841.17,pos,Lagos,Kosofe,dd874e83d9f452d4,2025-01-11 18:53:33,18,5,False
10318498-81d6-4167-9694-8c58961cb68e,CUS-00854,374.12,pos,Lagos,Agege,8339578503fb8b90,2025-01-11 18:55:56,18,5,False
d0260b0c-6bbf-4acb-9e06-b01340d63f1f,CUS-00596,4555.93,pos,Anambra,Nnewi North,f7565e7c280c5847,2025-01-11 18:58:43,18,5,False
58346cfd-ed32-4390-ada7-a31a8c4ad990,CUS-00394,99.71,ussd,Kano,Tarauni,ae69715490e1d162,2025-01-11 19:21:00,19,5,True
f0b17ef3-2d3e-458c-b4df-7b71fdbcfd20,CUS-00618,554387.33,mobile_money,Benue,Benue-Central,ef3877fe8a94f510,2025-01-11 19:23:12,19,5,False
314c8d3c-eb22-49d4-8ee5-302e47ae1956,CUS-00394,389.77,mobile_money,Kano,Tarauni,ae69715490e1d162,2025-01-11 19:29:00,19,5,True
b0555b92-7060-4414-b449-14fe44310efd,CUS-00099,434.18,ussd,Lagos,Alimosho,8694ca03d669b151,2025-01-11 19:29:52,19,5,False
1b32d281-aa84-400e-99b7-697ed176d01b,CUS-00394,394.13,ussd,Kano,Gwale,ae69715490e1d162,2025-01-11 19:32:00,19,5,True
05e415a5-bbbb-40e2-b68b-e5d80b04ac62,CUS-00394,313.77,ussd,Kano,Tarauni,ae69715490e1d162,2025-01-11 19:40:00,19,5,True
24cf53a1-fb2c-4c8c-8998-8057e3c1a8ba,CUS-00394,426.66,mobile_money,Kano,Gwale,ae69715490e1d162,2025-01-11 19:45:00,19,5,True
4edd7656-d621-4e2e-94fa-49d9ec5b233e,CUS-01729,153.53,bank_transfer,Kaduna,Kaduna North,14cfd0e04dac2451,2025-01-11 19:47:52,19,5,False
b120c223-8097-43e3-a6bd-6daf06c747a1,CUS-01142,89.83,bank_transfer,Anambra,Awka South,b4f03bc7e8cf05c0,2025-01-11 19:48:25,19,5,False
61802d1a-5039-4971-ba73-36b39cc8c4a1,CUS-00394,187.37,pos,Kano,Tarauni,ae69715490e1d162,2025-01-11 19:51:00,19,5,True
14b9a5d4-f127-4d8e-bea4-bae1377e1fad,CUS-01765,92276.46,pos,Kano,Fagge,d1d47db5164f8c24,2025-01-11 19:54:05,19,5,False
542433e2-0d8e-4108-a92b-e4178c8bddd6,CUS-01647,375.79,bank_transfer,Plateau,Plateau-Central,5257b92dfae63a07,2025-01-11 19:54:33,19,5,False
aaec7237-dbc4-459b-89ff-823c1f48c8b7,CUS-01371,55182.16,bank_transfer,Lagos,Kosofe,b9de6e2bb55e2767,2025-01-11 19:54:40,19,5,False
e73a12e8-7a90-406c-80f1-2b4aa5240108,CUS-01317,4191.73,pos,Ondo,Ondo-Central,4177b2602ac8ffb6,2025-01-11 19:55:00,19,5,True
6bc39c62-9ab3-4a72-aa55-9f96ac6576ae,CUS-00926,3595.03,mobile_money,Kano,Dala,e9d3627c865d5a28,2025-01-11 19:58:45,19,5,False
e472322b-f9bb-4d1f-8131-7bf420e1a6a4,CUS-00438,4971.1,pos,Edo,Ikpoba-Okha,13939ba62a5e19d3,2025-01-11 20:02:52,20,5,False
6ae3d395-aacd-4ff4-9a02-975fe5bbd713,CUS-00609,3734.83,pos,Anambra,Nnewi North,d1e653e0daf0e6cc,2025-01-11 20:11:51,20,5,False
20440f5b-461c-4097-af03-0853b0a0ec2e,CUS-01923,274.17,pos,Kano,Gwale,19a94d961a7b33d9,2025-01-11 20:20:21,20,5,False
0b889a63-023d-4c44-bdd9-688b46fa4d7d,CUS-00685,324.3,bank_transfer,Oyo,Ogbomoso,3b90c47fa95946b7,2025-01-11 20:36:28,20,5,False
0e157d84-dd54-46c4-b9c5-539d9671360d,CUS-00758,84936.74,mobile_money,Nassarawa,Nassarawa-Central,939287cb470a4cbe,2025-01-11 20:38:29,20,5,False
775754b2-c177-4806-ae2e-efb8a7cd6410,CUS-00320,2697.39,ussd,Oyo,Oyo East,6a2a65b7ec515355,2025-01-11 20:38:53,20,5,False
c4f86b11-5de4-4cab-892f-38f58f1e7d3e,CUS-00520,4900.34,mobile_money,Kaduna,Zaria,adae2c28918ee49e,2025-01-11 20:46:45,20,5,False
0887244d-cc45-47ea-a47e-f2010f17e7dd,CUS-01262,379.97,bank_transfer,Kano,Kumbotso,1ab742983a1d648b,2025-01-11 20:51:56,20,5,False
306d7cd0-1bfd-4408-b902-233cd818f4fa,CUS-00702,59081.22,pos,Kano,Fagge,877c724724ceedbd,2025-01-11 21:14:48,21,5,False
d27b0fab-0b52-41f3-8f1b-25f28cb840e6,CUS-00888,296.33,mobile_money,Lagos,Kosofe,1a56ed5070bdfdef,2025-01-11 21:14:53,21,5,False
5699f4c7-15e8-473b-ad59-f8f1232e86c9,CUS-00202,69926.46,pos,Lagos,Oshodi-Isolo,fea8af2286c17aee,2025-01-11 21:21:44,21,5,False
9fcc612a-dfd6-482d-826a-c232ad8d35f9,CUS-00197,6197.1,ussd,Nassarawa,Nassarawa-Central,5a1a0842daf75e05,2025-01-11 21:24:57,21,5,False
511144ea-e2b7-4b08-a2a6-7b1d697a0a26,CUS-01151,49862.09,pos,Bauchi,Bauchi-Central,12846136115c5e9c,2025-01-11 21:30:07,21,5,False
d6f34418-d7ea-454b-b124-dbd05893ed01,CUS-01017,48327.23,bank_transfer,Oyo,Ibadan North,f8aac67eec4ac97e,2025-01-11 21:30:18,21,5,False
5f19e0e7-a4f4-4efb-9790-a6bc75406f68,CUS-01316,450450.8,bank_transfer,Oyo,Ibadan South-West,e293f6db0961a793,2025-01-11 21:34:47,21,5,False
f8e751c0-150d-45c8-a3fa-7cca6a673d9a,CUS-01597,44620.59,bank_transfer,Lagos,Mushin,66b0d9200f483975,2025-01-11 21:39:48,21,5,False
24c4760e-1177-4ad0-8f6f-c415b226f3e5,CUS-00785,93.96,mobile_money,Kogi,Kogi-Central,6292a14b4f110b8f,2025-01-11 21:40:11,21,5,False
742c57d7-d774-4593-9a0e-5d57c3ec7325,CUS-01357,99267.11,pos,Rivers,Obio-Akpor,cf511cec9f71a1aa,2025-01-11 21:42:55,21,5,False
d07440f3-96ec-4228-b593-b8e7d6315c7c,CUS-01622,3126.42,pos,Oyo,Ogbomoso,7963dcf2f8c7dcbc,2025-01-11 21:43:43,21,5,False
a515497d-80ab-457a-a8c4-b3411a5c7cf5,CUS-01670,3145.08,pos,Rivers,Port-Harcourt,c21817c50f2234d3,2025-01-11 21:57:41,21,5,False
e8e71c4c-2c2d-45ea-9c7d-8783d3360c14,CUS-01743,1278.49,mobile_money,Lagos,Oshodi-Isolo,d5589e4b86f19561,2025-01-11 22:10:48,22,5,False
4dfb073a-855f-4aa8-b97b-24218e6db098,CUS-01317,79413.14,mobile_money,Ondo,Ondo-Central,4177b2602ac8ffb6,2025-01-11 22:20:00,22,5,True
4cb453f9-3f8f-42da-b489-a142326ea1ab,CUS-01317,4000.92,bank_transfer,Ondo,Ondo-Central,4177b2602ac8ffb6,2025-01-11 22:50:00,22,5,True
db890f91-ad71-4847-b6bd-335d08714931,CUS-01165,14543.32,bank_transfer,Plateau,Plateau-Central,23c0878b7294dbdc,2025-01-11 23:25:02,23,5,False
a53d70da-81a5-49a6-b087-4a4d76442ef2,CUS-00980,491052.42,bank_transfer,Kano,Dala,0fbb27d86ea35239,2025-01-12 00:07:41,0,6,False
c119353b-b119-44f5-8b17-bc5ae09ea4e8,CUS-01912,274252.55,bank_transfer,Ogun,Ogun-Central,24c0dd025673a221,2025-01-12 00:23:00,0,6,True
0eb25995-6afa-4832-8b7f-1ef4239551d2,CUS-00937,100.64,bank_transfer,Taraba,Taraba-Central,db6c0c9551210daa,2025-01-12 01:07:57,1,6,False
c351ba9a-c320-481a-9bec-2653ab85c8fd,CUS-01056,848474.39,bank_transfer,Kwara,Kwara-Central,396525eee1cf71ee,2025-01-12 01:53:00,1,6,True
8072046b-2b34-4b73-93f3-36bdecf59ccc,CUS-00484,323.27,pos,Oyo,Ogbomoso,1cec9d526e5aeb91,2025-01-12 02:12:00,2,6,True
0290523a-fca2-49b5-8ff7-e8112445cc88,CUS-00615,487.29,pos,Adamawa,Adamawa-Central,70794346772b0ba7,2025-01-12 02:17:04,2,6,False
3dd8c0dc-bc99-4093-9254-5ace9d1266a7,CUS-00484,240.99,pos,Oyo,Ibadan South-West,1cec9d526e5aeb91,2025-01-12 02:25:00,2,6,True
65446fa9-2f8f-4640-b480-941c94b48a24,CUS-00484,222.42,ussd,Oyo,Oyo East,1cec9d526e5aeb91,2025-01-12 02:31:00,2,6,True
23a058c6-7c9a-453a-9dab-c284afe0990e,CUS-00484,320.43,ussd,Oyo,Ibadan North,1cec9d526e5aeb91,2025-01-12 02:38:00,2,6,True
8fa181b1-058d-4883-b066-5c5b1187c35b,CUS-00484,66.01,mobile_money,Oyo,Oyo East,1cec9d526e5aeb91,2025-01-12 02:54:00,2,6,True
63e738f5-3f9e-41ce-9c15-39d0376cde2e,CUS-00235,426305.07,bank_transfer,Ondo,Ondo-Central,a7d47ba536fd676a,2025-01-12 03:09:00,3,6,True
9c396054-3f76-4e14-941a-56a463e9768c,CUS-00571,786985.33,bank_transfer,Abia,Abia-Central,bb875fb6b33e6cde,2025-01-12 03:47:00,3,6,True
9682d093-f620-484f-8627-687cdfd68f63,CUS-01575,1705.36,pos,Lagos,Ikeja,fd0c05be28efe48d,2025-01-12 04:05:45,4,6,False
c0bac197-c288-40cd-8fbb-cd2901c14fd7,CUS-01921,425858.14,bank_transfer,Lagos,Eti-Osa,00eff35bca36a5be,2025-01-12 04:47:00,4,6,True
84436ff4-3f6f-4cbd-8c46-972c489abd28,CUS-00515,456025.83,bank_transfer,Lagos,Kosofe,599f7cd83a5b96e1,2025-01-12 06:35:00,6,6,True
e72873c0-c703-4a44-8815-9282765edf15,CUS-01778,270.17,mobile_money,Lagos,Lagos Mainland,88867b61ceb71236,2025-01-12 07:48:20,7,6,False
929567b0-ad1d-42b2-958d-96209f0cd3a6,CUS-01498,937227.13,pos,Rivers,Obio-Akpor,06084f23b47782c5,2025-01-12 07:50:57,7,6,False
431343f9-0abd-4dc5-97b0-82c3b61532b2,CUS-00217,23325.78,pos,Osun,Osun-Central,d6ffa3499dcf3318,2025-01-12 08:01:50,8,6,False
a20c7e4b-9a0f-4e67-b97f-c45a8c83d269,CUS-01183,83.51,pos,Yobe,Yobe-Central,107d30a4e2840ced,2025-01-12 08:11:59,8,6,False
d15e1f33-d77c-4021-8a32-4a881b47dcd3,CUS-00037,75398.4,pos,Lagos,Oshodi-Isolo,72ae7fb6dfe605ed,2025-01-12 08:14:31,8,6,False
6df60f75-3a33-4bf9-8e32-293df7510f51,CUS-00515,384.47,pos,Lagos,Ikorodu,599f7cd83a5b96e1,2025-01-12 08:16:00,8,6,True
81411552-24a0-43a2-93aa-93b3b5dad46a,CUS-01905,4243.6,bank_transfer,Lagos,Kosofe,63c9a98938fd6b95,2025-01-12 09:18:16,9,6,False
5659139f-d2c8-4a62-8e71-a365e15a378b,CUS-00515,1900.2,pos,Lagos,Agege,599f7cd83a5b96e1,2025-01-12 09:19:00,9,6,True
caeda480-1db7-4268-9fce-3cab8d8254fc,CUS-00515,523.93,pos,Lagos,Kosofe,599f7cd83a5b96e1,2025-01-12 09:45:00,9,6,True
fcd8d104-ec0d-41ea-901a-e3c8bffd94fa,CUS-01259,373.8,ussd,Oyo,Ogbomoso,43decebaedfb8c27,2025-01-12 09:53:32,9,6,False
9b8a6c46-7eaa-4f98-a87b-756038076e1f,CUS-01874,94.68,pos,Ondo,Ondo-Central,bd11047ea9b53cf6,2025-01-12 09:59:38,9,6,False
2aa3868c-7c15-4bf7-8014-1562a3b60e25,CUS-00904,497982.56,bank_transfer,Rivers,Oyigbo,d0e1243f2b62d140,2025-01-12 10:02:26,10,6,False
9042cca4-92b3-42a5-a7bb-3cc6cf2e406b,CUS-00427,499.8,card,Niger,Niger-Central,cc5fd57c9ca71698,2025-01-12 10:06:50,10,6,False
601d600b-015b-455c-a4be-e227829b21c0,CUS-00136,369956.25,pos,Abuja FCT,Kuje,8489629970648402,2025-01-12 10:08:26,10,6,False
79ba0886-77b9-4c6b-afcf-65c7a1a25ab3,CUS-00008,232206.91,pos,Kaduna,Zaria,0c54ccb814a42c2d,2025-01-12 10:10:10,10,6,False
d15abb9f-b0cf-41b8-a7ad-9681ef1610cd,CUS-01091,27507.11,card,Delta,Uvwie,6b596a85b2b7d24f,2025-01-12 10:11:30,10,6,False
5330a60d-bd13-41bf-b303-54431eddc75f,CUS-00050,673098.27,bank_transfer,Bayelsa,Bayelsa-Central,41aa6cad1ff50928,2025-01-12 10:12:26,10,6,False
2e0a67fd-9116-4c69-a975-a10195fdce2e,CUS-01134,86017.5,pos,Anambra,Onitsha North,ecfea7797e684c1d,2025-01-12 10:25:23,10,6,False
b3d284da-b3e1-476f-8c81-0f6f162e48ca,CUS-01037,91634.53,pos,Ondo,Ondo-Central,a88d75e7d5798857,2025-01-12 10:25:27,10,6,False
252cd2e7-2f5a-4c5f-a0f3-7bd06c0ac22c,CUS-01926,9677.1,bank_transfer,Kaduna,Kaduna North,dd29bf90630de913,2025-01-12 10:35:52,10,6,False
daadc6a6-b31e-4196-893c-15d8ed89fabe,CUS-01491,1118.45,bank_transfer,Rivers,Oyigbo,051469751774e3bd,2025-01-12 10:39:23,10,6,False
258d3c2a-b044-4ce5-ab97-5a14a3f3b67a,CUS-01492,63969.32,ussd,Lagos,Alimosho,318dab97928f4a79,2025-01-12 10:43:21,10,6,False
81f8605f-1484-44ba-9b7f-1468f637570f,CUS-00449,18642.67,pos,Lagos,Eti-Osa,cb29b45a0a9e6da2,2025-01-12 10:45:19,10,6,False
45081eaa-d0e4-4f82-923f-1307c4b98555,CUS-01792,433.99,bank_transfer,Abuja FCT,Bwari,58f65a3d58004213,2025-01-12 10:53:14,10,6,False
b94bd42e-349b-48b9-9bec-7dfb0fc73497,CUS-00883,439.42,pos,Lagos,Lagos Mainland,dfb09978915770b7,2025-01-12 10:58:36,10,6,False
27f025cf-5db6-4173-b490-3af789f5ce50,CUS-00160,117.33,mobile_money,Rivers,Obio-Akpor,41f1f5f17bc5f662,2025-01-12 10:59:14,10,6,False
2db45aa3-3855-4c0a-aca1-8ccd80423514,CUS-01825,2991.67,pos,Oyo,Ibadan North,67bd0a3396337975,2025-01-12 11:08:09,11,6,False
738c3289-dc63-4425-b8a0-dcf41710c95f,CUS-01402,4140.15,card,Lagos,Ikorodu,91a85e92e9185a19,2025-01-12 11:09:42,11,6,False
7e8f681d-d2a6-413e-af8d-9c44b46f49f8,CUS-00515,34402.28,pos,Lagos,Surulere,599f7cd83a5b96e1,2025-01-12 11:12:00,11,6,True
f4aa54e5-2ecf-432f-9da6-08e903f0dd3b,CUS-00261,119.54,bank_transfer,Ogun,Ogun-Central,c338947ed685978d,2025-01-12 11:13:41,11,6,False
828b8c1a-8ed5-4a6d-a5a4-7b49f12be21d,CUS-00140,28881.32,bank_transfer,Akwa Ibom,Akwa Ibom-Central,26931b3f53dc8f43,2025-01-12 11:15:48,11,6,False
d574c452-0af7-44c1-9a36-f2874ddd4087,CUS-01685,78241.49,pos,Sokoto,Sokoto-Central,445899ed480707b4,2025-01-12 11:15:57,11,6,False
80110601-b65c-4529-9bbc-33eab5614d67,CUS-01378,3451.86,pos,Kano,Gwale,9b8e99a87eb4e70c,2025-01-12 11:22:52,11,6,False
38da8858-048e-4b5e-8bb6-df2b4dbd21fe,CUS-01016,263.82,mobile_money,Lagos,Mushin,b37267bda873e2af,2025-01-12 11:26:24,11,6,False
9d8014cc-922c-47d9-8edf-17ba91d26d4d,CUS-01844,899801.85,pos,Jigawa,Jigawa-Central,1c72f4beb92ebf41,2025-01-12 11:36:49,11,6,False
342d5667-72b2-474b-908b-85c02fc72df4,CUS-01379,2505.78,mobile_money,Kaduna,Zaria,ada99f38e0e8f830,2025-01-12 11:47:36,11,6,False
47e487ca-640d-4243-9229-af41d11287c5,CUS-01925,49597.28,pos,Lagos,Alimosho,8723c44e85b37773,2025-01-12 11:49:10,11,6,False
c1145883-7e49-4b43-bd8b-acc7c2127884,CUS-00067,386.28,pos,Benue,Benue-Central,2ce9fcf68f9d3141,2025-01-12 11:49:41,11,6,False
e71fbd43-04ed-4da8-8b2d-50af7ca99d19,CUS-00389,397.4,mobile_money,Benue,Benue-Central,3433de2d776d5914,2025-01-12 11:58:48,11,6,False
6ef377b7-e4b9-4864-a3e9-851aaa94f937,CUS-01983,4263.3,pos,Abuja FCT,Gwagwalada,8d6ee04ebc70075d,2025-01-12 11:59:35,11,6,False
e26c2779-9a6d-4689-ac0a-c79fbc382643,CUS-00592,4392.24,bank_transfer,Lagos,Agege,739ccc5da6223c73,2025-01-12 12:01:59,12,6,False
75f53d68-0c8d-47a8-bd6d-7137b021e15f,CUS-01386,846359.55,bank_transfer,Abia,Abia-Central,a0b3c4931fa33023,2025-01-12 12:11:00,12,6,True
04d4d639-a284-41a4-b790-9f0ec8e54f0f,CUS-01145,1387.47,pos,Kebbi,Kebbi-Central,925027ad2e73f2c2,2025-01-12 12:20:12,12,6,False
4a635c13-87b9-4def-a4e5-57ae62b5511d,CUS-00723,908311.45,bank_transfer,Osun,Osun-Central,184b6168e7b760ac,2025-01-12 12:25:47,12,6,False
cbebe5b8-6f0e-455c-8000-64b617363c05,CUS-00116,51689.77,bank_transfer,Benue,Benue-Central,d7e0fd6901e8b851,2025-01-12 12:27:53,12,6,False
4e1ae643-c292-4f37-b365-2baf51b88d4d,CUS-00915,209.77,mobile_money,Rivers,Port-Harcourt,2c879017be169f9f,2025-01-12 12:29:33,12,6,False
de61b111-c76a-427d-971b-2608fd17a69e,CUS-00195,2560.59,bank_transfer,Kano,Dala,34442a744fa9c028,2025-01-12 12:39:16,12,6,False
44b63c28-35fb-4190-88ff-1df7eaa918e8,CUS-01672,149.0,mobile_money,Zamfara,Zamfara-Central,62f20bbb589f3230,2025-01-12 12:39:43,12,6,False
5beb472f-747b-402c-b8ef-dd686e0c49f1,CUS-00515,14916.99,pos,Lagos,Agege,599f7cd83a5b96e1,2025-01-12 12:51:00,12,6,True
00a8fc01-2a7f-4b9c-8d99-87fdfeb2caaf,CUS-01037,496251.57,card,Ondo,Ondo-Central,a88d75e7d5798857,2025-01-12 12:54:10,12,6,False
f1d0f1eb-27dd-482f-889b-61b03dabe4f1,CUS-00026,62224.87,mobile_money,Lagos,Oshodi-Isolo,f906aed94ac545a4,2025-01-12 12:54:28,12,6,False
421e5853-dad0-404e-83d8-93517bee2037,CUS-01532,25365.06,pos,Ondo,Ondo-Central,ef2c51163b7b1b11,2025-01-12 12:55:05,12,6,False
770ba26c-f6a6-40df-b159-2bfda9194cee,CUS-00430,39691.13,bank_transfer,Lagos,Alimosho,469b8e676144c654,2025-01-12 13:14:48,13,6,False
71976670-175a-4078-b6ce-32086798fd44,CUS-00339,316.48,bank_transfer,Lagos,Surulere,293ef86bb3ea45e4,2025-01-12 13:14:51,13,6,False
5e266d79-3f04-40a9-81fd-e86b63beb846,CUS-01007,3892.24,pos,Borno,Borno-Central,571abb9ccdcae687,2025-01-12 13:15:27,13,6,False
47ad0625-b251-4fd5-91b8-f5ca63d4a159,CUS-01839,47599.54,mobile_money,Lagos,Agege,9ec5d5657a2201e2,2025-01-12 13:19:53,13,6,False
58304291-80d3-4e24-9e0d-0ca11ef8eac0,CUS-00798,321.71,ussd,Edo,Ikpoba-Okha,02fa2266d8d33c7a,2025-01-12 13:21:00,13,6,True
f3cf98d9-0ee8-481d-8411-4098026c3f0b,CUS-01809,1842.41,pos,Lagos,Alimosho,e3c66282934feb13,2025-01-12 13:26:35,13,6,False
da6a977f-f9b8-4feb-8cdd-460cbaa614a5,CUS-00798,108.18,mobile_money,Edo,Egor,02fa2266d8d33c7a,2025-01-12 13:27:00,13,6,True
54f5d3d3-6f3a-4f67-ba89-9e6e1626f69c,CUS-00798,80.55,pos,Edo,Oredo,02fa2266d8d33c7a,2025-01-12 13:29:00,13,6,True
80b5eca3-d78f-4412-958c-f508fb6fa749,CUS-00798,65.43,mobile_money,Edo,Egor,02fa2266d8d33c7a,2025-01-12 13:29:00,13,6,True
b541c333-320a-49df-b54c-cde50577c044,CUS-01595,460.1,bank_transfer,Oyo,Ogbomoso,d49cb49cb7898db3,2025-01-12 13:36:57,13,6,False
8f95def2-2e6f-4bf8-8778-5c530551d896,CUS-00798,190.27,pos,Edo,Oredo,02fa2266d8d33c7a,2025-01-12 13:44:00,13,6,True
a0e9d3a4-f992-4c60-8fd3-dceffe41b273,CUS-01068,2493.46,pos,Kano,Kumbotso,8d576c7efcc7de85,2025-01-12 13:46:38,13,6,False
74db5ac6-b239-40e8-bf94-695d33f3ff91,CUS-01794,978.93,pos,Lagos,Ikorodu,5f6164c790949176,2025-01-12 13:49:47,13,6,False
1fe46047-dc92-4fb1-ae0d-1ce8ce4f9442,CUS-00798,213.99,ussd,Edo,Oredo,02fa2266d8d33c7a,2025-01-12 13:51:00,13,6,True
543216d1-5af9-4acb-85ae-9975f17f5113,CUS-00818,874717.58,pos,Lagos,Ikeja,a0e552c4d081ee3c,2025-01-12 13:52:16,13,6,False
24c6e832-9667-4322-9fcd-b3a62222fb03,CUS-01555,37760.39,bank_transfer,Lagos,Lagos Mainland,78defe75dc542af4,2025-01-12 14:00:07,14,6,False
8b63e1c9-3761-42f0-82b1-95bd91bbf64a,CUS-00133,3316.93,bank_transfer,Kano,Gwale,48bed95f602bfd50,2025-01-12 14:04:42,14,6,False
fd92b24b-e36d-42ef-9175-9d7856f2fe4d,CUS-00449,2806.01,pos,Lagos,Eti-Osa,cb29b45a0a9e6da2,2025-01-12 14:09:38,14,6,False
5a577cd9-7649-416a-885b-bc28eb931395,CUS-00275,293.14,pos,Abuja FCT,Kuje,83c12336ca22990b,2025-01-12 14:19:24,14,6,False
0f6bd192-7771-4048-b4f3-ec70ec76ecbb,CUS-00974,474614.42,pos,Lagos,Mushin,c996ce5477003036,2025-01-12 14:28:21,14,6,False
892931bb-6dbb-4b8f-936d-32104aad568b,CUS-00142,3114.3,mobile_money,Abuja FCT,Municipal,105188bd14032836,2025-01-12 14:33:31,14,6,False
f83b7007-2b32-42aa-b0c3-5dd879aabe52,CUS-01746,769335.55,mobile_money,Lagos,Surulere,bd68d1dee0d2a03f,2025-01-12 14:48:29,14,6,False
68e7de32-459c-4ad7-86f6-0767ff3497c2,CUS-00601,27354.65,mobile_money,Kano,Kumbotso,dc250b6d8147d297,2025-01-12 14:49:54,14,6,False
b1725f8b-7a90-49d2-a900-cf26cf932316,CUS-00069,2690.73,pos,Ogun,Ogun-Central,a3bc4367e57bfc78,2025-01-12 14:50:22,14,6,False
6c410a0c-a514-449b-8e7c-cb5e7992e99d,CUS-00805,4900.49,mobile_money,Osun,Osun-Central,1bd77958d113fdcf,2025-01-12 15:11:55,15,6,False
a4c87155-dff7-485d-806d-3ecff022d279,CUS-01672,256.78,mobile_money,Zamfara,Zamfara-Central,62f20bbb589f3230,2025-01-12 15:15:13,15,6,False
73db79bb-9c7c-4235-b688-2a7563b5e727,CUS-01416,66075.42,pos,Lagos,Lagos Mainland,ec384e46e51f1e64,2025-01-12 15:33:32,15,6,False
ef0ff5ec-498b-4dbb-be87-70e13d7b55d5,CUS-00515,65734.62,card,Lagos,Ikeja,599f7cd83a5b96e1,2025-01-12 15:35:00,15,6,True
e893c5a7-7239-422f-9db1-57477b6c6e43,CUS-00224,3726.78,pos,Kano,Dala,4dcb9c5799d8cfbf,2025-01-12 15:35:45,15,6,False
f72e3347-8d42-4744-94dc-2da425835422,CUS-00337,3453.45,pos,Edo,Oredo,5f045be513fff636,2025-01-12 15:42:12,15,6,False
a6675e73-2e5b-4f02-995f-c84fad92a9ee,CUS-00691,3716.13,bank_transfer,Rivers,Port-Harcourt,395436e8a74699ec,2025-01-12 15:45:54,15,6,False
f1e011f0-acee-46fd-8c85-6e0d22d43b08,CUS-00284,2454.65,pos,Oyo,Oyo East,2521b7e3eb4f932c,2025-01-12 15:49:10,15,6,False
8a9a14fa-2aa3-4104-b349-5dd5ab1c33a0,CUS-01849,325134.73,pos,Delta,Uvwie,18e60b69544688c6,2025-01-12 16:07:21,16,6,False
9fc6db94-2c20-416a-9302-820d0b7394a5,CUS-00748,3660.88,mobile_money,Kogi,Kogi-Central,998b89625c438d01,2025-01-12 16:20:21,16,6,False
90ef1544-020a-4b33-ad82-42a976a3e24f,CUS-00227,769162.98,bank_transfer,Rivers,Oyigbo,5520f23bfce438f4,2025-01-12 16:21:09,16,6,False
03db5539-3b96-42f4-a992-73f9e53d2135,CUS-00722,564.31,mobile_money,Lagos,Alimosho,c446e12fd8320bf5,2025-01-12 16:24:24,16,6,False
34c65018-e298-4d65-ab18-f0490c4b2243,CUS-00573,2293.93,bank_transfer,Enugu,Enugu East,20cc363a9d220ed3,2025-01-12 16:40:04,16,6,False
27d8f668-bb86-41c8-ab34-47a3c56e365c,CUS-00857,615.68,pos,Lagos,Agege,5dc9fa146e46a351,2025-01-12 17:00:00,17,6,True
8fdebb8b-38ff-4710-ac0d-0a840ddf49b5,CUS-01094,29018.47,pos,Lagos,Agege,85d7d4bf2b272403,2025-01-12 17:03:33,17,6,False
694531d5-3461-4483-a150-5c469591375b,CUS-01086,35376.1,bank_transfer,Kaduna,Kaduna South,bc03b7ced93c35fb,2025-01-12 17:06:28,17,6,False
7ee4a650-4732-4417-b70d-4022515db94a,CUS-00363,44392.75,bank_transfer,Oyo,Ibadan North,89065733662aeed2,2025-01-12 17:11:45,17,6,False
f6e2c506-c8fc-4206-8d39-23201ecf7106,CUS-00857,91324.08,bank_transfer,Yobe,Yobe-Central,5dc9fa146e46a351,2025-01-12 17:12:00,17,6,True
f02cce95-786a-4ac8-9aec-a33a6f7de6dc,CUS-01316,988578.35,pos,Oyo,Oyo East,e293f6db0961a793,2025-01-12 17:13:48,17,6,False
6fb1aa39-46b5-4b36-9222-c672b360b5a9,CUS-00089,40372.4,bank_transfer,Abuja FCT,Bwari,daa8eb1f1afb46f0,2025-01-12 17:22:39,17,6,False
c2524011-55fe-4c23-afa3-788bfd8e62f5,CUS-00812,2720.86,mobile_money,Lagos,Agege,645424aee1e81270,2025-01-12 17:34:46,17,6,False
5226ab46-216b-4692-878f-9d167fc8ffc7,CUS-01207,150.07,mobile_money,Abuja FCT,Municipal,93ede341308bf1fb,2025-01-12 17:43:37,17,6,False
77838787-3399-464f-b415-565cefe08172,CUS-00515,410.5,pos,Lagos,Eti-Osa,599f7cd83a5b96e1,2025-01-12 17:48:00,17,6,True
3efcda38-1a46-4af5-bc27-2e420aeb2cf3,CUS-00307,3525.81,bank_transfer,Kano,Nassarawa,6d0a82c927ff5ec6,2025-01-12 17:49:56,17,6,False
aaaaa37a-4c42-4ee8-8aa7-0852117966b7,CUS-01661,447.26,pos,Abuja FCT,Bwari,fdfe4ce808cc1e67,2025-01-12 17:55:28,17,6,False
e924a94f-0897-4dc8-8b0c-e63c941c91da,CUS-01111,118.88,pos,Lagos,Kosofe,e26bb45013e5e156,2025-01-12 18:01:38,18,6,False
7717e833-09da-45ea-9861-f135a7bb83f3,CUS-00110,4286.45,pos,Kano,Gwale,ec463c226c5edd40,2025-01-12 18:04:50,18,6,False
c58f46c9-0e92-4849-b24f-82a8fe0e92f0,CUS-00515,437.86,mobile_money,Lagos,Kosofe,599f7cd83a5b96e1,2025-01-12 18:05:00,18,6,True
228d80ba-b966-476b-9993-89cb1151a007,CUS-00439,673.58,pos,Lagos,Alimosho,602b25072990d14e,2025-01-12 18:07:40,18,6,False
76f8fd9c-aecc-48ff-b1ef-86c7c22f3c5a,CUS-00611,23563.92,pos,Imo,Imo-Central,4fd5ba40c68d9677,2025-01-12 18:07:58,18,6,False
c2c92313-4e7f-4745-b006-71bab75ab99c,CUS-01627,339984.57,ussd,Oyo,Ibadan North,8a68d0e2389ad1b9,2025-01-12 18:10:00,18,6,False
20b2af69-47bf-4d93-b496-3121d40a485e,CUS-01764,55856.7,bank_transfer,Lagos,Surulere,168fd9369822d366,2025-01-12 18:24:27,18,6,False
5d14bea6-d1b5-453a-b86c-ba5336478a62,CUS-00486,104.94,pos,Lagos,Ikorodu,eef581881ffc0e65,2025-01-12 18:25:15,18,6,False
4a13e8f5-8c7c-48f3-8efd-b6eaaccb2bf1,CUS-00934,609.0,mobile_money,Lagos,Oshodi-Isolo,a005e3c38e069450,2025-01-12 18:26:26,18,6,False
c5b80015-d61d-48b3-b0c8-84c96fb86699,CUS-01632,60900.97,bank_transfer,Delta,Warri South,d46257dd5672aef5,2025-01-12 18:27:52,18,6,False
bf5621df-5ed4-48fb-84f9-9761e0c95da1,CUS-00574,168.54,pos,Sokoto,Sokoto-Central,14aafd8c2d7338af,2025-01-12 18:27:54,18,6,False
81cb4160-ba85-47c5-bfaf-84bef8799381,CUS-01242,210.81,bank_transfer,Abia,Abia-Central,a2b93884ec11f5f0,2025-01-12 18:28:42,18,6,False
f09c7e2a-0fbb-4517-b1e7-becec7a70a25,CUS-00394,30628.12,ussd,Kano,Gwale,ae69715490e1d162,2025-01-12 18:32:15,18,6,False
94074672-e959-4742-9b49-e3b861aa50e3,CUS-00583,93801.21,bank_transfer,Kano,Gwale,ee1cf351161becb3,2025-01-12 18:33:05,18,6,False
f753a61d-b16f-4db0-bf14-85366d8326e8,CUS-01879,30116.65,mobile_money,Oyo,Ogbomoso,7d22f434161f7148,2025-01-12 18:51:40,18,6,False
24586224-0461-4d14-a55e-90230324e57d,CUS-00830,3792.13,bank_transfer,Lagos,Oshodi-Isolo,641b7c08ec6c7f29,2025-01-12 18:56:47,18,6,False
86064286-413b-4623-8fe1-8caab147ccf7,CUS-00515,255.02,card,Lagos,Ikorodu,599f7cd83a5b96e1,2025-01-12 18:58:00,18,6,True
f7fbb040-694d-4547-996f-95d080cc0142,CUS-01518,33351.19,mobile_money,Lagos,Alimosho,25b3afc72feb3e62,2025-01-12 19:00:31,19,6,False
5c0e40f8-5103-46e1-beb9-f4fba5d8079f,CUS-01935,4416.94,mobile_money,Benue,Benue-Central,beac29344830dd2f,2025-01-12 19:03:23,19,6,False
dbb1f99e-b6ba-45eb-b15b-d2751e49d721,CUS-01159,2072.87,ussd,Lagos,Ikorodu,334b79b74f55e4ae,2025-01-12 19:11:29,19,6,False
1a14159b-c4ab-4621-9392-47070eccb7d5,CUS-01685,282.45,bank_transfer,Sokoto,Sokoto-Central,445899ed480707b4,2025-01-12 19:12:23,19,6,False
d12832ef-e69f-4799-8883-8e8877cce340,CUS-00776,327.51,pos,Lagos,Surulere,ee819ec07e84bdd2,2025-01-12 19:17:12,19,6,False
44baa8fa-823d-4eca-92c3-78e5365285c6,CUS-01657,31395.36,bank_transfer,Kano,Kumbotso,f93628cea36d72f3,2025-01-12 19:21:33,19,6,False
270570ae-5997-4627-b4d4-6a84070c6f89,CUS-01712,23465.36,mobile_money,Abia,Abia-Central,41745fe862a83d71,2025-01-12 19:23:08,19,6,False
caecef51-779a-4829-b180-64b217e2ec5d,CUS-00611,2356.21,pos,Imo,Imo-Central,4fd5ba40c68d9677,2025-01-12 19:29:52,19,6,False
2f95bcec-8990-442c-b632-21dd442f15ed,CUS-00515,52274.19,mobile_money,Lagos,Lagos Mainland,599f7cd83a5b96e1,2025-01-12 19:30:00,19,6,True
c8224067-978c-47f4-85f7-6cb52380a857,CUS-00594,402.28,pos,Nassarawa,Nassarawa-Central,62169e9b81a796c6,2025-01-12 19:30:28,19,6,False
cafa5e75-65af-4d4e-b9a8-7a81544679d7,CUS-00547,901070.57,bank_transfer,Anambra,Nnewi North,4b6eccd02320fe46,2025-01-12 19:31:41,19,6,False
8d5fcaf6-f99e-491e-8977-999d1d621c28,CUS-01117,4121.35,pos,Kebbi,Kebbi-Central,d53cc1c3960e3eea,2025-01-12 19:31:50,19,6,False
3ac3f7bb-ab44-4b40-bbc6-41299d6d5511,CUS-00643,265.64,mobile_money,Kano,Kumbotso,1903043ff21160e0,2025-01-12 19:45:38,19,6,False
660e9d42-e52f-48b7-ae63-af2ec3f6df85,CUS-01387,957.88,bank_transfer,Lagos,Ikeja,94ead7a09cb67bfc,2025-01-12 19:57:03,19,6,False
be6092be-571c-4db5-ac9f-5999dc2ee336,CUS-01634,777.71,pos,Yobe,Yobe-Central,665b394f3b341135,2025-01-12 19:57:16,19,6,False
489288cb-8255-4d4d-8587-0c4fbbdb9765,CUS-01665,217.57,bank_transfer,Borno,Borno-Central,f822c218fdd2c293,2025-01-12 20:01:06,20,6,False
684fe06e-1ab5-4de6-9b36-c49d8ff5bc2f,CUS-00004,4097.81,pos,Lagos,Kosofe,37995ca70dfdc7f4,2025-01-12 20:19:28,20,6,False
942e8aa4-f90d-4a45-b918-5c8ca52061ce,CUS-01349,366883.82,card,Lagos,Agege,761ac665f034ac3a,2025-01-12 20:21:10,20,6,False
7d7c2fd6-fec6-4b51-953b-3a19b1016974,CUS-00354,148599.36,mobile_money,Lagos,Surulere,b36159d39ed584a2,2025-01-12 20:26:41,20,6,False
113876c8-b457-46dd-9d5f-400593ccf264,CUS-01859,2442.86,card,Ondo,Ondo-Central,69ff6246dfa76a1c,2025-01-12 20:27:04,20,6,False
c5517aa5-16b5-499d-9510-966c53bf744d,CUS-00817,489.89,pos,Rivers,Port-Harcourt,5e56d5b3a956bd3c,2025-01-12 20:28:22,20,6,False
2a43b9ec-437f-4530-b852-4a5a401015fc,CUS-00515,80064.9,card,Lagos,Ikorodu,599f7cd83a5b96e1,2025-01-12 20:36:00,20,6,True
de4b0b88-6caf-44d9-83bf-62602c33f27d,CUS-01086,446372.02,bank_transfer,Kaduna,Kaduna North,bc03b7ced93c35fb,2025-01-12 20:38:17,20,6,False
9430aa92-df47-482b-b1ad-4cae4c892213,CUS-01028,2823.42,mobile_money,Kano,Nassarawa,daa3a38fbf2b4243,2025-01-12 20:42:12,20,6,False
1917477e-6934-4866-977b-7cb90ac81b4a,CUS-00002,459.94,ussd,Ondo,Ondo-Central,f91bdce8d9b190e6,2025-01-12 20:43:01,20,6,False
5a24ce47-0b8e-471c-a686-cf1c496662a2,CUS-01484,94940.72,bank_transfer,Kano,Dala,0e62fcf1fb9ddfdc,2025-01-12 20:43:49,20,6,False
96a715fb-0148-4585-9157-96c88d69bf0a,CUS-00673,14544.04,pos,Oyo,Ibadan South-West,3ea875182d80dd9c,2025-01-12 20:47:32,20,6,False
72bcdc9b-13bb-4209-a334-d8b84eef1f35,CUS-01093,3977.4,mobile_money,Abuja FCT,Gwagwalada,3c0564b23a094400,2025-01-12 20:48:25,20,6,False
8ed6b331-ab72-4d12-93e2-0725daec8ffd,CUS-01244,3421.14,mobile_money,Kwara,Kwara-Central,2de3c5b088b4497a,2025-01-12 20:50:34,20,6,False
5c9251f6-e01e-483c-a8c7-95aa190b5398,CUS-00640,455036.17,pos,Lagos,Alimosho,163d4591d5cbbc5e,2025-01-12 21:14:45,21,6,False
57a35a71-b169-47d9-9704-9f5723cbdd92,CUS-00537,3415.27,pos,Lagos,Surulere,560b0ddbfbe0780f,2025-01-12 21:19:54,21,6,False
4fa5fdc5-33e9-4f47-ac28-c8e69c078c66,CUS-01543,3477.22,pos,Lagos,Lagos Mainland,3a0152b6fe236ef4,2025-01-12 21:20:06,21,6,False
a16c7443-958d-4b7f-8ee9-4220311c7da1,CUS-00741,311.55,pos,Kano,Gwale,1bb58da37496630e,2025-01-12 21:21:38,21,6,False
8ffe3adc-82f3-41a9-a3aa-8d20b6af0bd3,CUS-00150,223.76,pos,Kogi,Kogi-Central,d62ade57f04a8d7d,2025-01-12 21:25:32,21,6,False
a8b0f42d-e9e9-45c0-932c-da03d08717ed,CUS-01785,4318.95,pos,Nassarawa,Nassarawa-Central,47cdb07c58261ee0,2025-01-12 21:31:53,21,6,False
a3c6e126-50f3-42ca-853c-0c4f199486ba,CUS-01212,428.37,pos,Lagos,Mushin,e5e69af6a4993c4a,2025-01-12 21:34:47,21,6,False
a25dbebe-1b0f-43cb-ba55-0b6225ed1f96,CUS-00761,796.52,pos,Kano,Kumbotso,9af619d3f3e717ee,2025-01-12 21:40:40,21,6,False
45cbbfa7-2674-41af-959c-6bda40b266ec,CUS-01721,79663.74,mobile_money,Lagos,Eti-Osa,2c0eac63a6a92e4e,2025-01-12 21:41:25,21,6,False
9a05599e-8e7c-46f6-839f-d2c4922b3a4c,CUS-00743,75320.08,pos,Abuja FCT,Gwagwalada,3c89eb93ecd23ea3,2025-01-12 21:46:18,21,6,False
f79df54d-f3c4-434b-95bd-cc852dec7dcd,CUS-01940,2895.81,mobile_money,Lagos,Agege,07e3e3257383f7f3,2025-01-12 21:47:38,21,6,False
5bf0152d-1307-497d-9178-022c66617db2,CUS-01013,90921.19,pos,Lagos,Agege,85964e557da03c0d,2025-01-12 21:48:21,21,6,False
4c366962-33c3-4576-a112-5aea96268e38,CUS-00677,3009.1,pos,Rivers,Oyigbo,4e9702015e299de8,2025-01-12 21:51:22,21,6,False
85bd6aea-acc3-4470-8cf3-8d38b23e8a21,CUS-00998,90529.66,bank_transfer,Katsina,Katsina-Central,8c015b135d544e72,2025-01-12 21:51:30,21,6,False
b07a6cd2-6657-4ba4-98cc-d5a56109e0f0,CUS-00931,69530.4,mobile_money,Bauchi,Bauchi-Central,378d1c4e280df576,2025-01-12 22:59:04,22,6,False
a513b0be-5f4c-4102-a448-909aecaf5add,CUS-01324,3166.22,mobile_money,Ebonyi,Ebonyi-Central,9a86a95dc16a8c44,2025-01-12 23:54:11,23,6,False
5f1d20ed-353e-48e4-b910-df069c01ccb6,CUS-01006,264986.72,bank_transfer,Anambra,Awka South,91de6e8e293c33a0,2025-01-13 00:43:00,0,0,True
5d85e2a9-a921-4257-8936-b983e7bf884d,CUS-00174,175.59,pos,Delta,Warri South,7939dff4afa3065e,2025-01-13 00:51:32,0,0,False
a85c1f8c-ddbc-4296-8d5f-a79c81664b0f,CUS-00372,38468.72,mobile_money,Lagos,Alimosho,131ea15f92860a0b,2025-01-13 01:35:17,1,0,False
b1255d46-31ee-4354-9baf-b0c9f72ba9b8,CUS-00690,4930.36,bank_transfer,Kano,Dala,9b160c32acee1e9d,2025-01-13 01:45:19,1,0,False
061ceea8-e5eb-4655-8dd2-927dd7d48bc7,CUS-01539,303890.21,pos,Oyo,Oyo East,bea45a284a1b1e7e,2025-01-13 01:46:26,1,0,False
ae6c88ea-8dba-4cf4-ae85-3db626d61514,CUS-01495,689148.14,bank_transfer,Anambra,Awka South,336384e20cab2a52,2025-01-13 02:52:00,2,0,True
ac76fc7e-46b5-42ad-86a8-5a2575e8a210,CUS-00385,44535.29,bank_transfer,Benue,Benue-Central,fe012c67a9e98f01,2025-01-13 02:54:22,2,0,False
7c1d1a21-1f1d-41a4-b440-d23682c3dea0,CUS-00296,456.18,pos,Kwara,Kwara-Central,68d9bede91204ef9,2025-01-13 04:05:54,4,0,False
ad48eefc-a563-4a29-83ba-1c37b94ce736,CUS-00416,2928.87,pos,Kano,Nassarawa,b2132b1f6b86d86e,2025-01-13 04:15:59,4,0,False
e7d86182-f222-4bc7-ab61-3511bd2625ed,CUS-00775,488772.07,bank_transfer,Lagos,Lagos Mainland,60364fe3f48def16,2025-01-13 05:20:28,5,0,False
218a3b23-c71f-42cb-be1c-2b949bfd5a63,CUS-00059,98143.94,bank_transfer,Kano,Kumbotso,75d2af6a62a0cb52,2025-01-13 06:20:41,6,0,False
cd7904f8-c362-415a-bbd1-a1f3a803f03c,CUS-00974,428.68,pos,Lagos,Ikeja,c996ce5477003036,2025-01-13 07:03:00,7,0,True
37d68e70-c4cb-4e8e-8654-d51103061de8,CUS-00974,86.51,ussd,Lagos,Eti-Osa,c996ce5477003036,2025-01-13 07:20:00,7,0,True
27a5cc72-2486-44da-a8ef-78fbd34ab3d7,CUS-00974,234.2,mobile_money,Lagos,Ikorodu,c996ce5477003036,2025-01-13 07:20:00,7,0,True
3b2dfe7a-ed7b-4ab9-8bf2-58dce4bfdb3b,CUS-00974,498.41,pos,Lagos,Alimosho,c996ce5477003036,2025-01-13 07:22:00,7,0,True
79407645-dba1-496f-a277-140e70c22cd0,CUS-00974,292.17,mobile_money,Lagos,Agege,c996ce5477003036,2025-01-13 07:43:00,7,0,True
334b89e9-fb79-44e1-8710-de10053d690f,CUS-00974,447.13,pos,Lagos,Mushin,c996ce5477003036,2025-01-13 07:43:00,7,0,True
f72fa1e8-eb0b-4055-ab44-fe34b37a3a05,CUS-00900,195457.54,bank_transfer,Lagos,Surulere,d66a452ae977614a,2025-01-13 08:35:00,8,0,True
2668ba15-a497-4978-bd3e-a7ed84c30d40,CUS-01996,19372.14,pos,Lagos,Oshodi-Isolo,1c2e0e7a6f265ff1,2025-01-13 09:00:00,9,0,True
e23cdbdb-bfb2-4de4-a69c-edb4c1a4ca91,CUS-01822,1762.34,mobile_money,Kaduna,Kaduna North,f65aa8becffa4ce7,2025-01-13 09:15:14,9,0,False
d6fd5e99-22b3-4db7-86ec-45a28c56fa9d,CUS-01996,21954.33,mobile_money,Sokoto,Sokoto-Central,1c2e0e7a6f265ff1,2025-01-13 09:24:00,9,0,True
c94db9c8-6c74-44e6-8c2b-3a147b1e83bf,CUS-00014,607.56,bank_transfer,Lagos,Surulere,22f6bea733e5c873,2025-01-13 09:25:11,9,0,False
94dfbf5c-7afa-45aa-9c80-157ca5eecd69,CUS-01356,4160.27,mobile_money,Nassarawa,Nassarawa-Central,853907668826b986,2025-01-13 09:26:39,9,0,False
a3a56a1d-9b3e-49b5-be17-8f13abbd7be3,CUS-01173,4501.36,pos,Kano,Nassarawa,835d7ff91e1af072,2025-01-13 09:33:33,9,0,False
d8c0b2aa-1ba1-4493-917a-db4fae3cc949,CUS-00172,4961.37,pos,Abuja FCT,Gwagwalada,eb1fc4a3af643718,2025-01-13 09:40:54,9,0,False
58a8d301-ae46-48ef-b428-3d7375f3b185,CUS-00342,176.95,pos,Lagos,Ikeja,1ef61af4ad918042,2025-01-13 09:47:35,9,0,False
724797dd-7794-4e40-8691-c4c631b430fa,CUS-00131,69.82,pos,Lagos,Ikorodu,a998c56406964f82,2025-01-13 09:48:10,9,0,False
00d4c9b4-1e6e-4047-9e94-7de7bd2cf7ef,CUS-00379,1344.19,mobile_money,Kano,Dala,97ab9ee55a7e362b,2025-01-13 09:49:06,9,0,False
eb588c41-001d-42fa-84cb-42cea938e340,CUS-01574,431.37,ussd,Lagos,Mushin,63f248344992f732,2025-01-13 10:00:02,10,0,False
ac3c642b-ed67-43b7-8e33-2b18807b9f3a,CUS-01557,390119.58,bank_transfer,Rivers,Port-Harcourt,581d8d836fa71304,2025-01-13 10:10:12,10,0,False
d3790353-e690-45e1-88c5-418c195ffe6b,CUS-01888,6445.24,bank_transfer,Ondo,Ondo-Central,1ae6b13f71f999a3,2025-01-13 10:13:55,10,0,False
6e003137-fc7f-4778-ac52-2dd1d12d604b,CUS-00271,532316.18,bank_transfer,Benue,Benue-Central,1ed4881d016ff524,2025-01-13 10:14:00,10,0,True
8a67d4ab-3c22-427a-a82b-e7cf437cf533,CUS-01298,1703.33,pos,Enugu,Enugu East,8316a52fadfdb58f,2025-01-13 10:20:59,10,0,False
55d6e9e6-bd1a-49f3-a528-40fa79bc034f,CUS-01209,58175.79,bank_transfer,Ogun,Ogun-Central,0bbfc21575dc4370,2025-01-13 10:28:38,10,0,False
f8f1a7d5-ae46-477d-b167-07997923f8e3,CUS-01288,2857.35,ussd,Lagos,Eti-Osa,0af809fa686eb211,2025-01-13 10:31:29,10,0,False
2281fa4c-78f9-4923-88bc-cfbed81627de,CUS-00090,1628.51,mobile_money,Lagos,Mushin,fcd524f43913e0eb,2025-01-13 10:36:53,10,0,False
5b5cd27d-0e8c-4a0e-9d01-7562662c25e8,CUS-01767,23118.14,bank_transfer,Abuja FCT,Kuje,3e2929fc96a5c0f6,2025-01-13 10:41:02,10,0,False
9f6bcdb9-50b5-4f9a-9c3d-b314d43a3483,CUS-00138,448.97,pos,Rivers,Obio-Akpor,f79e2765a2b6dbad,2025-01-13 11:02:33,11,0,False
348131f8-c4d0-4275-863f-8d1ec38c77f2,CUS-01398,627018.57,pos,Enugu,Nsukka,38bb26e921581818,2025-01-13 11:17:09,11,0,False
46e6f455-d8c6-4f73-bc9a-8b0b7220f37e,CUS-00083,4418.15,bank_transfer,Lagos,Alimosho,d08d1bc4a38fcfc5,2025-01-13 11:22:02,11,0,False
fe36d9cb-c2d1-4bd4-a4fb-4f195c945f64,CUS-01296,367976.09,bank_transfer,Lagos,Surulere,e228e396a2ddae15,2025-01-13 11:26:25,11,0,False
137ea388-9233-4c76-9b83-4d43ca83f542,CUS-01382,397.17,pos,Bayelsa,Bayelsa-Central,e574935d513d27c9,2025-01-13 11:27:33,11,0,False
cf85b75a-dfa3-4822-a701-841c84589f4f,CUS-00402,3580.57,bank_transfer,Abuja FCT,Kuje,f2b2f87b00141bb9,2025-01-13 11:33:29,11,0,False
293fcdb4-8738-4417-9423-132f5f97d68c,CUS-01476,406.66,card,Benue,Benue-Central,034bbe47deb0873c,2025-01-13 11:44:19,11,0,False
72f27dc5-59ed-4178-afed-ac2bdedaaf4a,CUS-01459,49388.83,bank_transfer,Delta,Oshimili South,83ecf0b74091205d,2025-01-13 12:08:45,12,0,False
1c34bc3d-789c-49f9-b292-4c65546283e9,CUS-01343,2327.15,pos,Ondo,Ondo-Central,22c2fd795ceb667f,2025-01-13 12:11:47,12,0,False
bf7a96f6-cab4-4c51-9f22-bafb6e37be89,CUS-01307,36136.5,mobile_money,Benue,Benue-Central,c90d2da9eb6efbf6,2025-01-13 12:15:56,12,0,False
f0763f1e-ab74-46d9-9f8f-f6b32e94f43a,CUS-01600,433.47,pos,Lagos,Eti-Osa,1bdb95d9acf8fbb3,2025-01-13 12:22:05,12,0,False
7d072a51-6368-4c1a-9051-207fb18e4b6f,CUS-00895,271.44,ussd,Lagos,Mushin,f7e2a24175197bc0,2025-01-13 12:32:41,12,0,False
7fb57f06-64e7-4af4-a966-e8e35864abb4,CUS-00158,1389.84,bank_transfer,Lagos,Lagos Mainland,917312f18359f92b,2025-01-13 12:33:27,12,0,False
6a591d0e-9b00-432d-82a3-5d46807375fe,CUS-00703,48743.81,pos,Lagos,Alimosho,4720b0e4b3263da4,2025-01-13 12:38:30,12,0,False
38591d56-9794-4b08-a50a-fcfe8a897eb7,CUS-01273,2181.05,pos,Lagos,Ikeja,4a8421a02c35e770,2025-01-13 12:41:24,12,0,False
866cface-4b77-4af4-a459-590d0339c45e,CUS-00656,3632.57,mobile_money,Kano,Fagge,52c7f8207abbb9c3,2025-01-13 12:44:16,12,0,False
4bf81b4b-d8b9-45c2-852b-8698729b7fb1,CUS-00014,6880.36,bank_transfer,Lagos,Lagos Mainland,22f6bea733e5c873,2025-01-13 12:47:45,12,0,False
6e13269b-3a61-4398-8b5d-c9bdeac2a89e,CUS-01570,132.27,pos,Kaduna,Kaduna South,a2271304cc64d363,2025-01-13 13:02:30,13,0,False
d0e8914a-3edd-48cd-a104-47a5b993e33b,CUS-01250,7320.55,bank_transfer,Imo,Imo-Central,0731972790fd691c,2025-01-13 13:02:36,13,0,False
c62a0de9-8011-42b6-abab-8154b1e9aea6,CUS-01515,4123.45,bank_transfer,Lagos,Ikorodu,a431e97b4e692b20,2025-01-13 13:10:52,13,0,False
437600e7-3470-45f4-9126-b1c2a15b1459,CUS-00000,484.36,pos,Rivers,Obio-Akpor,071e80b4bb9b89f4,2025-01-13 13:16:42,13,0,False
27e01ea8-3389-42f7-827c-bd2a1dfadd5c,CUS-01432,3728.96,mobile_money,Abuja FCT,Bwari,93530302c2ac579f,2025-01-13 13:22:00,13,0,False
3e1bed87-2584-44d7-91cd-509313db3707,CUS-01163,1389.44,bank_transfer,Osun,Osun-Central,3c2a17d1f83b499e,2025-01-13 13:25:32,13,0,False
07b8f822-c9ef-485f-b1f2-cbfc4d630176,CUS-00400,238.89,pos,Lagos,Alimosho,5a7139589bfd1fa4,2025-01-13 13:29:38,13,0,False
da07fafc-a450-4d04-aefc-9a45d5ede09d,CUS-01122,494.24,pos,Sokoto,Sokoto-Central,10418d0df5fde257,2025-01-13 14:01:38,14,0,False
20ea41e2-7e9b-4e52-b964-cae09cdc8f87,CUS-01842,483.9,bank_transfer,Rivers,Oyigbo,c34f3404d55f887a,2025-01-13 14:02:22,14,0,False
e55dd2f1-fc58-44b4-b5db-3b93b6de7475,CUS-00466,158.46,pos,Kano,Fagge,5ed9a67b0307bf3e,2025-01-13 14:03:01,14,0,False
bfd6dc70-98bd-421d-b681-9b8706220205,CUS-01995,371752.69,pos,Delta,Uvwie,04be4355d3b8c73a,2025-01-13 14:04:06,14,0,False
f6af1f50-c497-40bd-8f7b-64d9d8209a42,CUS-00201,3254.75,pos,Lagos,Ikeja,39439305fe5c2f64,2025-01-13 14:05:32,14,0,False
566d4894-f19f-499e-9d6d-c53a08768e37,CUS-01043,260.51,bank_transfer,Enugu,Nsukka,5cb8d7aafc020524,2025-01-13 14:05:44,14,0,False
cb3787f5-9ea9-4eb4-ad9c-c2d50a532798,CUS-00769,74522.37,pos,Plateau,Plateau-Central,2bf4c4b79c399a09,2025-01-13 14:21:17,14,0,False
3e8b6934-fa59-4d56-9472-bbee5582576f,CUS-00133,1069.16,bank_transfer,Kano,Tarauni,48bed95f602bfd50,2025-01-13 14:21:27,14,0,False
cd03efca-589e-47ed-80c0-37782a5dd5e0,CUS-00026,692900.22,mobile_money,Lagos,Agege,f906aed94ac545a4,2025-01-13 14:24:05,14,0,False
9e70ca91-3f88-47f2-92a9-dd454193eb08,CUS-00502,193.4,bank_transfer,Kano,Fagge,80efa17caf89343a,2025-01-13 14:28:02,14,0,False
a734de45-605d-41a3-b3d6-7798ebf70344,CUS-01978,88976.02,pos,Kebbi,Kebbi-Central,c9c94165fe4b9e65,2025-01-13 14:32:04,14,0,False
8010a851-e729-49a5-a29c-bddbd50828d8,CUS-01058,4762.62,pos,Abuja FCT,Bwari,823adada4ab70de2,2025-01-13 14:34:22,14,0,False
4cba90db-1bfc-477a-aa19-edfd42989a81,CUS-00883,1365.04,pos,Lagos,Alimosho,dfb09978915770b7,2025-01-13 14:43:03,14,0,False
4dabc9a8-df13-47c9-88f5-25e080655268,CUS-00018,698317.29,pos,Rivers,Oyigbo,64be6769e0ecccb4,2025-01-13 14:52:34,14,0,False
9de36df0-6958-4038-8a43-96aa6d2004a3,CUS-01163,2318.86,bank_transfer,Osun,Osun-Central,3c2a17d1f83b499e,2025-01-13 15:17:42,15,0,False
acb2a35d-dcb0-45db-82d4-0a7e225e3b62,CUS-00301,49407.14,bank_transfer,Oyo,Ibadan North,4acd84f2fa7ac6df,2025-01-13 15:19:37,15,0,False
b345c460-064c-42fc-80fc-1ad85bd6ef96,CUS-01503,1676.83,pos,Kano,Gwale,f209ce9a3a87000b,2025-01-13 15:23:52,15,0,False
e5283c34-5491-4392-95d1-d9f92ff9211d,CUS-01052,2279.7,pos,Gombe,Gombe-Central,e5bd3618d278cb59,2025-01-13 15:26:53,15,0,False
fc26c198-9a8a-4e70-9d21-a8e461127178,CUS-01116,7476.33,bank_transfer,Lagos,Ikorodu,808e5a351d941f60,2025-01-13 15:31:02,15,0,False
19472f99-69fd-4169-a462-6324aa951c62,CUS-00106,57.24,ussd,Rivers,Obio-Akpor,6a04b71095cc9970,2025-01-13 15:35:42,15,0,False
50a686dc-deb5-4f35-803d-c79fc6f8bd59,CUS-00436,3294.75,ussd,Lagos,Agege,68fb798e5b124399,2025-01-13 15:38:01,15,0,False
561281b1-fae1-456d-a43c-79b00bea7329,CUS-00769,83826.47,mobile_money,Plateau,Plateau-Central,2bf4c4b79c399a09,2025-01-13 15:53:01,15,0,False
96c6c5c5-ab1e-46a1-9cca-7f6d26aad27a,CUS-01071,4664.28,card,Kano,Gwale,2c2aba826c5a47ac,2025-01-13 16:00:00,16,0,True
8cb97809-7213-40be-ba1a-2a914be24791,CUS-00010,17737.86,pos,Lagos,Alimosho,aa25619cccb967cf,2025-01-13 16:02:06,16,0,False
1ee8f6c4-ff57-4885-9a63-3d814e2fdd72,CUS-00416,3032.43,pos,Kano,Tarauni,b2132b1f6b86d86e,2025-01-13 16:12:11,16,0,False
b9ed3829-50b2-420b-b192-29e11c0df598,CUS-01071,58044.65,pos,Delta,Warri South,2c2aba826c5a47ac,2025-01-13 16:19:00,16,0,True
7a208bb9-c018-4086-afae-5b0abed5b015,CUS-00218,65974.71,bank_transfer,Delta,Uvwie,24abeb697c977db0,2025-01-13 16:31:36,16,0,False
d9b9023f-9486-47c9-b850-717c22d73bc7,CUS-01063,52384.2,ussd,Rivers,Port-Harcourt,9e1a89fd42d907c4,2025-01-13 16:39:42,16,0,False
29d1290f-00c9-4da8-b96c-6448a7f6ebfd,CUS-01119,55708.14,pos,Lagos,Ikorodu,1d9dacbb234e6142,2025-01-13 16:50:41,16,0,False
8092d5bc-b199-4faf-9336-4f8c7092b7b5,CUS-01949,57389.34,pos,Rivers,Obio-Akpor,768770528d41dc82,2025-01-13 16:55:00,16,0,False
a2c0b54e-e017-44f9-bcee-3cd53da46d80,CUS-01824,78346.23,pos,Delta,Warri South,795d3a618ee8a025,2025-01-13 17:05:50,17,0,False
53f6a277-032e-4ca7-81fa-1e0be728ebe4,CUS-01847,321.55,bank_transfer,Lagos,Alimosho,c635e7b67ef870da,2025-01-13 17:09:02,17,0,False
236bd45f-32a9-4e4d-9aae-dbd96390bab1,CUS-00520,787678.1,pos,Kaduna,Kaduna South,adae2c28918ee49e,2025-01-13 17:20:27,17,0,False
d88205d4-d172-47eb-9fb5-deebb5c594af,CUS-00398,855746.05,bank_transfer,Osun,Osun-Central,295ef15b1b3ae530,2025-01-13 17:23:02,17,0,False
3fbd43cb-f802-48de-b3fe-e41e166194d3,CUS-00704,2515.87,mobile_money,Lagos,Oshodi-Isolo,9a02fdf96a93b861,2025-01-13 17:33:38,17,0,False
607ce0ca-2f5a-4f17-81bb-8db412745476,CUS-00741,559472.85,bank_transfer,Kano,Kumbotso,1bb58da37496630e,2025-01-13 17:38:00,17,0,True
3c967a3a-718f-4573-a712-9245cefd29da,CUS-00931,248.18,pos,Bauchi,Bauchi-Central,378d1c4e280df576,2025-01-13 17:51:50,17,0,False
878080d7-644a-4ade-b1c2-793f4e1c2ac5,CUS-00632,107.14,mobile_money,Abuja FCT,Gwagwalada,76bdcde9144067f5,2025-01-13 17:52:10,17,0,False
9a870b25-ae45-4f1b-ba57-ae73f53dcebd,CUS-01963,3770.58,bank_transfer,Rivers,Obio-Akpor,555417b66f8a3e57,2025-01-13 17:53:41,17,0,False
38f405d4-41f4-4c88-9c34-7176f8fedb4d,CUS-00687,75244.7,bank_transfer,Kano,Fagge,861f932bcda67d65,2025-01-13 17:56:45,17,0,False
15303076-b762-45ce-b5d3-b3620ba790ea,CUS-01052,414483.63,bank_transfer,Gombe,Gombe-Central,e5bd3618d278cb59,2025-01-13 18:00:00,18,0,True
d82ff583-a919-4a27-9358-3ae41db8a7af,CUS-00577,431.81,bank_transfer,Yobe,Yobe-Central,df62100e4e6a9cf9,2025-01-13 18:08:47,18,0,False
365bdda6-b6d9-4675-8d26-cc899319515a,CUS-01238,284.13,bank_transfer,Akwa Ibom,Akwa Ibom-Central,4f2883e80ffbe344,2025-01-13 18:11:56,18,0,False
3cd546ea-9637-4205-b94a-a0e77504f694,CUS-00978,2577.26,mobile_money,Abuja FCT,Municipal,b1eac8f3eae27cb3,2025-01-13 18:17:28,18,0,False
e1e717ea-d8eb-4667-8df0-a965bf84d579,CUS-00846,239.5,mobile_money,Lagos,Surulere,c8efc5cd1998980e,2025-01-13 18:36:56,18,0,False
187845a6-e5bd-40db-be0c-6e6a76227e21,CUS-01187,371.27,bank_transfer,Lagos,Mushin,b3f9592ad1d5de57,2025-01-13 18:43:44,18,0,False
5f5e2fdc-e2aa-47f7-b734-f61a97e2fbb2,CUS-01719,4882.92,pos,Lagos,Mushin,3bca07c7e0c085d6,2025-01-13 18:44:47,18,0,False
3b468227-680c-491d-8a4b-d23e0c2f772b,CUS-00935,20256.4,pos,Kano,Nassarawa,b408994bb5a00c47,2025-01-13 18:51:12,18,0,False
6fc671b7-ad4b-46f2-be09-4d1023e0384e,CUS-00324,320.11,mobile_money,Cross River,Cross River-Central,eadd563a73f69909,2025-01-13 18:52:00,18,0,False
3a8c8344-4df8-4194-88c2-5a7806ad6509,CUS-00633,82349.86,pos,Oyo,Ibadan South-West,588850e3ca7f47b7,2025-01-13 19:08:39,19,0,False
d1410555-0646-4536-87dd-432ee6c30261,CUS-00488,2299.36,bank_transfer,Katsina,Katsina-Central,0aba61cb80b9bf3d,2025-01-13 19:10:20,19,0,False
e857afa7-4026-4840-8508-c2922ca71588,CUS-00993,340.33,pos,Kaduna,Kaduna North,0931b04fa7a3e5a7,2025-01-13 19:12:45,19,0,False
db3e3969-2a13-4795-a763-b3cf80f6af78,CUS-01459,471.28,bank_transfer,Delta,Oshimili South,83ecf0b74091205d,2025-01-13 19:15:50,19,0,False
e0cab5aa-468d-4520-842f-2cedb6fe7c9b,CUS-00702,409.52,pos,Kano,Nassarawa,877c724724ceedbd,2025-01-13 19:24:27,19,0,False
ece6380c-ab11-4651-9318-867811a5bac8,CUS-01601,2708.47,bank_transfer,Kano,Tarauni,9247a632e0a859b9,2025-01-13 19:37:19,19,0,False
0d4bea9c-2b00-462d-aa34-ecb7f096e126,CUS-00928,54884.0,ussd,Enugu,Nsukka,2cf7904fdac340ce,2025-01-13 19:46:07,19,0,False
46f223de-7d3a-45a6-b233-2f7808a9d79e,CUS-00556,3909.49,bank_transfer,Lagos,Lagos Mainland,3fc3a1d0ba551e2e,2025-01-13 20:08:41,20,0,False
e7aa2997-51f4-47f9-a724-1446f51278f5,CUS-00168,428.38,mobile_money,Lagos,Ikorodu,ffd3c25c7bec8d15,2025-01-13 20:13:44,20,0,False
8e99bc4c-4aea-4716-9bc7-bd9502af43fc,CUS-00845,297.31,pos,Rivers,Oyigbo,a273ddb69945855e,2025-01-13 20:15:18,20,0,False
7f9e7396-460c-4c6f-8b0c-a27745fa1803,CUS-01477,70.94,mobile_money,Kwara,Kwara-Central,0c69db5eca4b3cc2,2025-01-13 20:17:08,20,0,False
88b8d27b-fd5f-48e2-ad13-4899759e89b8,CUS-00972,94783.73,mobile_money,Ondo,Ondo-Central,b8958a1a3d1c964a,2025-01-13 20:19:35,20,0,False
03563919-605a-4cda-9138-185ed2c61f5f,CUS-00877,3071.31,pos,Delta,Uvwie,dbdece7179f3f47e,2025-01-13 20:36:27,20,0,False
9ffd1c0e-68cf-49ac-98b6-67beb4ba3e12,CUS-00327,3010.3,pos,Kaduna,Zaria,83677903174a360f,2025-01-13 20:41:52,20,0,False
8fc221b0-70b6-4b65-ba09-5bfeee000089,CUS-01908,82198.69,bank_transfer,Kano,Gwale,01f9dab905ec8c27,2025-01-13 20:50:43,20,0,False
a7b5e70d-30e9-40b1-8d5f-ed8c40618381,CUS-01156,40648.41,ussd,Lagos,Alimosho,031d6ab684c1b05f,2025-01-13 20:59:58,20,0,False
a6dc6a0e-8fe6-4bed-8dae-ffa5e0b18121,CUS-01211,14207.51,mobile_money,Abuja FCT,Kuje,17a52123552cece8,2025-01-13 21:18:16,21,0,False
aaaeebcb-6b4f-4248-82d0-793949ec0139,CUS-01122,449.72,pos,Sokoto,Sokoto-Central,10418d0df5fde257,2025-01-13 21:34:55,21,0,False
b09cbbcd-31f8-4368-8d84-d02dd1518933,CUS-01626,93681.99,pos,Lagos,Kosofe,cacac985ee6dde77,2025-01-13 21:37:19,21,0,False
6bec10ad-3835-493d-b63c-b12a33defd61,CUS-01526,4923.29,card,Kano,Gwale,9cf5f93aa4a4b335,2025-01-13 21:39:29,21,0,False
3bf193a0-6de1-42fb-b9bf-d577489b9944,CUS-00645,67908.56,mobile_money,Niger,Niger-Central,3f8102ecf21bc1db,2025-01-13 22:28:58,22,0,False
139c3d8a-fbd6-49aa-9a56-ce130c6bb913,CUS-00512,58322.3,bank_transfer,Yobe,Yobe-Central,163b2a6b6d6c7512,2025-01-13 23:04:21,23,0,False
ea08da3f-0d01-4e08-b24b-41908ba91690,CUS-00134,74414.99,mobile_money,Jigawa,Jigawa-Central,e7db1492838416b6,2025-01-13 23:14:56,23,0,False
e620550d-b2d2-425c-83d8-faa4d4439b68,CUS-00596,756969.86,bank_transfer,Anambra,Onitsha North,f7565e7c280c5847,2025-01-14 00:40:00,0,1,True
1b1d6130-2fde-4137-9e2a-189b4e25d7a2,CUS-00297,19380.05,mobile_money,Lagos,Ikorodu,71796c290ad9637f,2025-01-14 01:17:12,1,1,False
4a90b476-81c2-4c1c-8fd0-6bad341cbf88,CUS-00130,232166.22,bank_transfer,Rivers,Oyigbo,bba31a7c8dcf95ed,2025-01-14 01:34:00,1,1,True
ad5a0598-8ea6-42f1-8b08-bf9271b33323,CUS-00526,623246.41,pos,Rivers,Port-Harcourt,4b22245e0c2ece40,2025-01-14 01:34:36,1,1,False
f35808eb-8b30-44e1-9470-b76400f4e21c,CUS-00709,33202.62,pos,Anambra,Onitsha North,2af5a68de5b28240,2025-01-14 02:14:20,2,1,False
ed811d8e-11fd-44b2-8c67-e9b8ab18962e,CUS-00709,4613.0,pos,Anambra,Awka South,2af5a68de5b28240,2025-01-14 03:45:25,3,1,False
b28cb0e1-161d-4f77-a466-ba807c9901d1,CUS-01154,491281.55,bank_transfer,Enugu,Nsukka,b6010d549f54bd12,2025-01-14 03:54:00,3,1,True
77eb3325-f708-4919-a3a1-d4e43c8a28c5,CUS-01728,68.03,pos,Benue,Benue-Central,dfb22605a0322a4b,2025-01-14 04:10:00,4,1,False
73f2f165-284b-4d92-992a-06dd73f4944e,CUS-01315,3416.72,mobile_money,Delta,Oshimili South,37b697e0557bbd0e,2025-01-14 04:44:04,4,1,False
70fe7d6c-8834-4a22-ad1a-5f0e725ead7a,CUS-00526,42971.81,pos,Rivers,Obio-Akpor,4b22245e0c2ece40,2025-01-14 05:39:19,5,1,False
4a8e8681-db50-4c25-be0c-af92637acc18,CUS-01196,4926.19,ussd,Bayelsa,Bayelsa-Central,697b638cd9e27c9f,2025-01-14 06:29:49,6,1,False
c8221178-ac4a-4520-a423-02c57cf3c922,CUS-01053,719355.73,pos,Imo,Imo-Central,239fe4560cf4f0a8,2025-01-14 06:41:09,6,1,False
44bb1caf-bca5-417b-871d-33031df126e4,CUS-00997,78809.91,pos,Lagos,Oshodi-Isolo,b5b7e318eb77488f,2025-01-14 07:30:16,7,1,False
8a4c15ee-d63d-470f-84d2-9f258645e627,CUS-00195,16465.23,bank_transfer,Kano,Kumbotso,34442a744fa9c028,2025-01-14 07:41:10,7,1,False
53255b51-c81b-4f19-8435-3bfdb1750c89,CUS-00363,330.33,bank_transfer,Oyo,Ibadan North,89065733662aeed2,2025-01-14 08:04:38,8,1,False
e8e13576-93c9-4703-aaaa-868fd2978367,CUS-00078,497.73,card,Kano,Tarauni,e87b8337b2108fa0,2025-01-14 08:11:49,8,1,False
d77d597d-b7ff-4c50-830a-5d9f36536bca,CUS-00302,654.15,bank_transfer,Oyo,Ibadan South-West,b8478804cb2a0e1b,2025-01-14 08:31:03,8,1,False
b08260f2-f88e-4608-8254-500378172590,CUS-01621,4939.19,pos,Lagos,Kosofe,8647eebdaf46fec5,2025-01-14 08:37:46,8,1,False
68a30afc-1023-477c-91f1-1b87695043fe,CUS-01989,2562.49,ussd,Ondo,Ondo-Central,3f47a6596e82e14b,2025-01-14 08:58:49,8,1,False
bf3feafd-64c6-4025-9207-df94fb2eb2c0,CUS-01282,64.14,ussd,Oyo,Ogbomoso,dc18e0f8c5a69a14,2025-01-14 09:00:56,9,1,False
48d65942-4a97-4c41-9f38-5e286e790744,CUS-01450,1905.14,pos,Abuja FCT,Gwagwalada,a67e56126bd88f86,2025-01-14 09:16:38,9,1,False
08b7bf79-b97b-49c5-85bc-a99244a22df4,CUS-00805,1878.16,card,Osun,Osun-Central,1bd77958d113fdcf,2025-01-14 09:17:50,9,1,False
bf41c024-fbb5-497d-8987-651295d4a7c5,CUS-00547,94518.98,bank_transfer,Anambra,Awka South,4b6eccd02320fe46,2025-01-14 09:20:52,9,1,False
c3f3e7c8-788a-48a7-8d7c-e28d665ea083,CUS-01748,190.83,bank_transfer,Kwara,Kwara-Central,e247f88c921fa712,2025-01-14 09:27:13,9,1,False
0d32213f-1c41-490e-ada7-f70b5d092748,CUS-00561,207.92,mobile_money,Lagos,Oshodi-Isolo,6b64c305fff4b7c1,2025-01-14 09:51:11,9,1,False
54cf7963-7078-4416-8547-ccec5c8fb6d0,CUS-01299,87911.34,mobile_money,Edo,Egor,463bb7d0d1220095,2025-01-14 09:52:53,9,1,False
bb2b0d52-bcbe-43e0-90d2-3147318ecfbc,CUS-00643,3923.93,bank_transfer,Kano,Dala,1903043ff21160e0,2025-01-14 10:16:08,10,1,False
69c72b46-4b1c-419a-ab19-0e2df67b0378,CUS-00798,4237.44,card,Edo,Oredo,02fa2266d8d33c7a,2025-01-14 10:16:37,10,1,False
cc59871f-d342-42d0-99aa-b462d2e10ade,CUS-00309,179.69,pos,Kano,Dala,8db672274e891d06,2025-01-14 10:25:24,10,1,False
5b4de8d6-eb17-43e3-8476-6bb30c832269,CUS-00425,1051.79,ussd,Oyo,Ibadan South-West,ef34cae7e42e4b03,2025-01-14 10:30:10,10,1,False
d038aebe-92de-4596-9abc-aa3fe1cf2372,CUS-00682,292.38,pos,Lagos,Agege,302433bbc3220e8a,2025-01-14 10:30:16,10,1,False
d363d68e-33c5-4836-a932-8a3a46e6e943,CUS-00625,131.92,card,Rivers,Port-Harcourt,1d090ee98ebcd277,2025-01-14 10:31:07,10,1,False
0a9833f9-89e2-4ba8-99b2-4a04c2b6e482,CUS-01252,2701.57,bank_transfer,Lagos,Ikorodu,3b4cd92b99bb727d,2025-01-14 11:04:16,11,1,False
a94572ce-ebbc-4112-a128-60ba8630e265,CUS-01059,63.04,pos,Enugu,Enugu North,e4c835e0fcbbd94b,2025-01-14 11:14:59,11,1,False
d421e7b4-eaf6-4782-a73f-175c15406909,CUS-01576,4554.13,pos,Lagos,Oshodi-Isolo,7bae466cfc2d3e32,2025-01-14 11:15:06,11,1,False
e0bd9db9-566d-474e-9113-4b5eb2340d38,CUS-00174,73.03,pos,Delta,Uvwie,7939dff4afa3065e,2025-01-14 11:19:49,11,1,False
3b358b60-e68e-4614-ae8c-300159c673fe,CUS-00871,22090.15,ussd,Kano,Nassarawa,086966739eb1d2e8,2025-01-14 11:30:45,11,1,False
142fbf66-4904-45cf-8b15-9efd14ff1026,CUS-01447,104941.69,mobile_money,Bauchi,Bauchi-Central,14f7c7965d9a0426,2025-01-14 11:36:30,11,1,False
edae2712-49d1-42b1-ac52-372c71545809,CUS-01752,2269.38,pos,Lagos,Eti-Osa,1418241f25a9340c,2025-01-14 11:37:30,11,1,False
c2a18b0c-cd8c-4a03-9010-b4a86fff31b8,CUS-00034,128858.07,bank_transfer,Akwa Ibom,Akwa Ibom-Central,16d056fcd36c662b,2025-01-14 11:45:23,11,1,False
750f4fee-08ef-4024-a5ef-685408fa0ebc,CUS-01932,491.49,bank_transfer,Oyo,Ibadan South-West,1015c124c9b58be1,2025-01-14 11:51:35,11,1,False
dea5901e-eaf0-4af6-bafb-36e88eda4407,CUS-01920,66264.19,bank_transfer,Edo,Oredo,370efba7cf932d32,2025-01-14 11:54:13,11,1,False
4fae65d2-bfa6-4a98-9998-0b11c17e7a1a,CUS-01526,65381.38,card,Kano,Gwale,9cf5f93aa4a4b335,2025-01-14 11:54:38,11,1,False
0b527be5-f942-4cb4-9586-be031770e874,CUS-01732,2399.68,bank_transfer,Oyo,Ibadan North,38dcf611fcbaa213,2025-01-14 11:56:59,11,1,False
7078b0f8-a13a-4a94-956c-c6f3202b9d0b,CUS-01693,2767.27,pos,Lagos,Agege,453f90468efd2c59,2025-01-14 12:06:24,12,1,False
04659597-3aa0-435a-b6f4-a8a32c47eb99,CUS-01747,548901.32,bank_transfer,Kano,Kumbotso,cc8cc73d43d1ea71,2025-01-14 12:10:10,12,1,False
b0b4eb40-23c3-4937-8915-dac3a967a0e4,CUS-01141,88262.3,ussd,Kano,Gwale,d0913cca917fcf09,2025-01-14 12:12:36,12,1,False
2e780d6f-37bd-4fbe-9920-5a63b3766b4b,CUS-00577,4153.85,bank_transfer,Yobe,Yobe-Central,df62100e4e6a9cf9,2025-01-14 12:14:31,12,1,False
5cdd0011-fcc1-48cb-bcc4-4489989e2298,CUS-00081,883790.03,pos,Enugu,Enugu North,aa0d9f651510b9f0,2025-01-14 12:17:23,12,1,False
9daa1240-75d1-425f-91ca-818caff3009d,CUS-00221,2692.21,bank_transfer,Oyo,Oyo East,0b20f20794d35aec,2025-01-14 12:19:32,12,1,False
c5150cef-fc49-4ba2-a47e-4fea6e51cfef,CUS-01119,1320.42,pos,Lagos,Mushin,1d9dacbb234e6142,2025-01-14 12:24:26,12,1,False
0fd947a6-587f-4c53-9cb8-1ee1e2bb920a,CUS-01429,32449.62,pos,Zamfara,Zamfara-Central,0844d2ec77bed896,2025-01-14 12:40:02,12,1,False
68d23d46-a508-4a93-9e7d-c27e66951afc,CUS-00740,25456.08,bank_transfer,Abuja FCT,Bwari,3c0b1d114141c593,2025-01-14 12:42:33,12,1,False
d9c3c70f-e01d-4847-8c7e-15189d42c889,CUS-01365,413813.16,mobile_money,Lagos,Alimosho,75e449b0c77e704e,2025-01-14 12:46:39,12,1,False
bf0ac42e-50dc-4d84-9763-828f08835d3a,CUS-00576,2929.63,card,Lagos,Kosofe,889483354ede0f98,2025-01-14 12:53:31,12,1,False
0d07b67c-57c2-4a52-acad-2bfd5841f122,CUS-01351,57153.67,bank_transfer,Oyo,Ibadan South-West,89e967ca6849bd9f,2025-01-14 12:55:56,12,1,False
6971b0cf-6cd0-4b00-937d-a52d489d64da,CUS-01269,30733.04,bank_transfer,Kano,Fagge,d063004795dfbee2,2025-01-14 12:56:39,12,1,False
3f0e5bc7-abba-4602-8400-00da997f709d,CUS-01930,80.03,ussd,Oyo,Ibadan South-West,df56dbbbb4f7abf5,2025-01-14 13:08:58,13,1,False
3d004749-fc93-4dd9-889c-41125b5eec6f,CUS-01828,91046.9,mobile_money,Imo,Imo-Central,d5abe3c4211b70f8,2025-01-14 13:14:07,13,1,False
6e2c5578-0068-4435-828d-6f677b549cd4,CUS-01284,71753.07,pos,Kano,Gwale,4d0479c087c40dab,2025-01-14 13:28:38,13,1,False
d1b0930f-3903-4847-9aa4-b67662453719,CUS-01797,2974.9,pos,Lagos,Alimosho,e2fc293fbae9deba,2025-01-14 13:31:30,13,1,False
45c45b74-ca75-4ebd-a5ca-effbff7b441c,CUS-00997,227.43,pos,Lagos,Surulere,b5b7e318eb77488f,2025-01-14 13:43:19,13,1,False
cc49617a-203b-4bd1-b441-59f7f12e72a7,CUS-01350,204.75,pos,Zamfara,Zamfara-Central,7a1763d6a096d54e,2025-01-14 13:46:32,13,1,False
c5d99425-d6fc-4fc7-8901-356b9dcb7dea,CUS-00188,4607.7,mobile_money,Oyo,Ibadan South-West,ae06fb90c1244c4b,2025-01-14 13:57:09,13,1,False
08211999-45a6-4203-a52e-f327ebfb581d,CUS-01767,66679.02,pos,Abuja FCT,Municipal,3e2929fc96a5c0f6,2025-01-14 14:05:45,14,1,False
fe302181-c9a1-435f-8646-f87cbde91807,CUS-00723,2211.41,bank_transfer,Osun,Osun-Central,184b6168e7b760ac,2025-01-14 14:18:10,14,1,False
0484e033-e8d4-4aa3-af47-590c683c107a,CUS-01315,2589.2,mobile_money,Delta,Oshimili South,37b697e0557bbd0e,2025-01-14 14:27:42,14,1,False
9c56a36e-c563-4061-981e-64eb8149221d,CUS-01740,28418.11,ussd,Plateau,Plateau-Central,396e7932f52475ca,2025-01-14 14:32:11,14,1,False
1d9824b7-bd79-414a-9ebc-1d9a31860d8b,CUS-01387,78285.4,bank_transfer,Lagos,Ikorodu,94ead7a09cb67bfc,2025-01-14 14:44:42,14,1,False
c549dc2a-faf6-4c2c-9165-6ca133e44e48,CUS-01952,28137.04,card,Kaduna,Zaria,0f7239a8ceb8ebdc,2025-01-14 14:45:00,14,1,False
63528e07-d09d-4e89-93d6-4cc5f5b1ea25,CUS-00231,98418.61,pos,Abuja FCT,Kuje,4e6b4b041a5e1044,2025-01-14 14:58:20,14,1,False
de6a70ea-63a9-48fc-9432-00440785d064,CUS-01895,741787.03,mobile_money,Ondo,Ondo-Central,12f72a7a0931c2d6,2025-01-14 15:21:25,15,1,False
612f5211-a222-46f4-8a9b-f0aae50ea578,CUS-00146,4953.6,bank_transfer,Kaduna,Kaduna North,ffbadfb973b5ec03,2025-01-14 15:24:03,15,1,False
5930554b-41ea-4a24-be23-b155b75fcb17,CUS-00983,4593.83,mobile_money,Lagos,Kosofe,df0d0800377121f5,2025-01-14 15:27:24,15,1,False
2ddf3d2f-ea34-430b-92c5-97740090e8cf,CUS-01951,95142.23,mobile_money,Lagos,Agege,ff96fe42ef3de0ae,2025-01-14 15:31:14,15,1,False
ccbc686d-020d-4320-9e8a-18a9c8cf483e,CUS-01980,53670.33,mobile_money,Lagos,Agege,a42dd9da04c1821e,2025-01-14 15:48:39,15,1,False
2e7ae8c0-62b4-40e5-a456-165b1ce221ba,CUS-01880,19588.65,bank_transfer,Anambra,Onitsha North,6152af8ce136007f,2025-01-14 15:50:50,15,1,False
0bc83880-8432-45c0-be36-cabd0cb8c8ea,CUS-01596,465.32,mobile_money,Kano,Kumbotso,c8c331c571be68fb,2025-01-14 16:02:00,16,1,True
f07a4b9b-8c52-45a1-a7d0-1f5b1bad6a2e,CUS-01596,209.08,pos,Kano,Kumbotso,c8c331c571be68fb,2025-01-14 16:04:00,16,1,True
9620d335-6861-4ac8-a921-f1b3a1e86f17,CUS-00435,2383.76,ussd,Edo,Egor,ebea5f049d6ce18a,2025-01-14 16:09:52,16,1,False
f3ea0c1f-513d-4246-9ba7-62699e387789,CUS-01596,51.32,pos,Kano,Fagge,c8c331c571be68fb,2025-01-14 16:10:00,16,1,True
98501ddc-186d-4e45-8df1-a0a6851df9b9,CUS-01871,140.64,pos,Lagos,Agege,ea23fad9d6052bfe,2025-01-14 16:13:52,16,1,False
8ccea2f8-80bc-4d36-9063-c7c488a708d0,CUS-01596,424.23,mobile_money,Kano,Fagge,c8c331c571be68fb,2025-01-14 16:16:00,16,1,True
4061966e-6d7c-43b0-b708-847864d42c83,CUS-01596,89.64,ussd,Kano,Gwale,c8c331c571be68fb,2025-01-14 16:25:00,16,1,True
2647cf39-e444-4a7d-b827-fdfa6827f521,CUS-01596,237.68,ussd,Kano,Tarauni,c8c331c571be68fb,2025-01-14 16:29:00,16,1,True
a477bfb8-19f3-4196-a603-0625c83527ea,CUS-00311,465.73,ussd,Lagos,Ikeja,7642663954311669,2025-01-14 16:30:45,16,1,False
0a4ce7e8-f1e0-4023-a20d-00bd7ec7c7ba,CUS-00680,551376.79,pos,Plateau,Plateau-Central,eed8abc82abd7d4d,2025-01-14 16:41:12,16,1,False
7bad682d-c965-45ad-bf85-78409244d92e,CUS-01596,416.59,ussd,Kano,Gwale,c8c331c571be68fb,2025-01-14 16:42:00,16,1,True
213550de-f1e1-4e3f-a01c-9fcfd03a435f,CUS-00155,360.86,bank_transfer,Lagos,Ikeja,aa41351d7606065f,2025-01-14 16:42:05,16,1,False
dd180d85-d08a-4c80-abbc-7de899963d43,CUS-01250,68408.6,bank_transfer,Imo,Imo-Central,0731972790fd691c,2025-01-14 16:44:50,16,1,False
f6ba9e0e-eb4a-40fb-a1ca-edd0848f9a60,CUS-00776,111.79,pos,Lagos,Surulere,ee819ec07e84bdd2,2025-01-14 17:04:11,17,1,False
7cbf339e-46ec-4877-b1bb-4314919c7e0c,CUS-00144,44159.61,mobile_money,Kano,Fagge,aa29af6cbfa3f2fb,2025-01-14 17:06:45,17,1,False
fd466a5e-8e73-4a92-ae9b-0498977ded4a,CUS-00131,1924.7,pos,Lagos,Ikeja,a998c56406964f82,2025-01-14 17:13:38,17,1,False
16f17f2f-16cf-4a22-bbe3-be16a29a61b3,CUS-01466,368518.27,bank_transfer,Ebonyi,Ebonyi-Central,5c45576706ada9e2,2025-01-14 17:17:15,17,1,False
1ade9dca-51d3-448d-b846-53ddbba4877b,CUS-00562,70698.89,pos,Lagos,Lagos Mainland,5638a1f9b6523012,2025-01-14 17:21:44,17,1,False
5e72202d-60c1-4b37-8322-ea49db3ae3e0,CUS-01803,83102.49,card,Kano,Gwale,c059c9c5a59923b7,2025-01-14 17:22:58,17,1,False
a8f05a90-f232-46b6-b050-1de287391a80,CUS-00931,18959.11,mobile_money,Bauchi,Bauchi-Central,378d1c4e280df576,2025-01-14 17:26:34,17,1,False
2e6b2756-bc9e-4a5c-9ada-7465c0b2bef5,CUS-01767,48170.03,bank_transfer,Abuja FCT,Kuje,3e2929fc96a5c0f6,2025-01-14 17:28:59,17,1,False
385d2290-6e12-45ef-af8f-a32a6fe82f99,CUS-01087,977704.78,pos,Lagos,Mushin,24a0342350f1093d,2025-01-14 17:31:54,17,1,False
aae5c191-eef1-4535-947a-338bee7f7211,CUS-00895,4217.14,ussd,Lagos,Mushin,f7e2a24175197bc0,2025-01-14 17:34:28,17,1,False
24be889a-e8fd-400a-a02b-2cffe1138c83,CUS-01947,130.17,bank_transfer,Lagos,Ikeja,4c7b689cb13b4c58,2025-01-14 17:39:33,17,1,False
7a2d14cf-7d7c-4394-b580-f117be265383,CUS-00186,149128.55,ussd,Plateau,Plateau-Central,bbae4f6f0188787d,2025-01-14 17:48:57,17,1,False
dea12b1f-a18f-421b-af61-5f3626301d68,CUS-01028,860.79,mobile_money,Kano,Tarauni,daa3a38fbf2b4243,2025-01-14 17:51:26,17,1,False
2188f211-6769-49d7-9518-d7352ff1cfc2,CUS-00041,851521.23,bank_transfer,Abuja FCT,Municipal,11d829854838dbdb,2025-01-14 17:56:36,17,1,False
16da7662-40d0-4ceb-9c10-17f64c2bc366,CUS-00789,83375.25,card,Jigawa,Jigawa-Central,7fe492226e84ff2c,2025-01-14 17:57:26,17,1,False
752e5550-8b0f-48c2-bb75-a0876f8fc0cf,CUS-01195,330.04,bank_transfer,Zamfara,Zamfara-Central,6491ebee069e0ad3,2025-01-14 18:01:10,18,1,False
b0647e27-5a02-4817-8e19-ad77a2815400,CUS-00953,3175.17,pos,Taraba,Taraba-Central,9edc2ab58fdb1c78,2025-01-14 18:05:26,18,1,False
31e6f223-ba38-45ce-a546-161d37addc6d,CUS-00014,420.73,bank_transfer,Lagos,Lagos Mainland,22f6bea733e5c873,2025-01-14 18:12:38,18,1,False
d718a316-71aa-4424-bd2b-fa35852067f5,CUS-00546,273.22,pos,Lagos,Ikorodu,b08815097e266c74,2025-01-14 18:14:39,18,1,False
efc684e8-2803-4f94-a9fa-deee3c467075,CUS-00154,286.66,pos,Ogun,Ogun-Central,bec8cb887466247e,2025-01-14 18:27:45,18,1,False
94716785-9e54-4287-9d2c-f33a0edf2776,CUS-00222,96684.5,pos,Lagos,Mushin,03d53dcc4ef59e8b,2025-01-14 18:29:03,18,1,False
60041a78-46d4-4685-9baf-6f59f5bea71d,CUS-01794,2145.44,pos,Lagos,Surulere,5f6164c790949176,2025-01-14 18:34:48,18,1,False
45c02db0-b8de-4cbd-beec-575c9d68f815,CUS-01155,66288.03,pos,Osun,Osun-Central,4206908d01944652,2025-01-14 18:48:07,18,1,False
4fe1ee62-5525-43b0-97f7-8ab47edb0dc1,CUS-01471,347.69,mobile_money,Osun,Osun-Central,9d63300a6714af82,2025-01-14 18:48:46,18,1,False
a1df0d31-ceb0-4ef9-a0e5-f82d83b60e69,CUS-00520,411.2,mobile_money,Kaduna,Zaria,adae2c28918ee49e,2025-01-14 18:57:24,18,1,False
97326680-8617-4676-87a9-8a3423b3bd5a,CUS-00526,3148.84,card,Lagos,Eti-Osa,4b22245e0c2ece40,2025-01-14 19:00:00,19,1,True
855cb76e-763b-44c2-a70d-88adde665542,CUS-00312,401.86,pos,Lagos,Eti-Osa,3494ed058a6d99ad,2025-01-14 19:06:00,19,1,True
372045a5-080a-48c1-b56d-f75f7fa6f4fe,CUS-01648,73739.29,ussd,Abia,Abia-Central,fed032d7d6ce8d9b,2025-01-14 19:08:59,19,1,False
3cde8d6f-50e4-44e7-a723-b59c9674f87e,CUS-01489,438.19,bank_transfer,Abuja FCT,Municipal,b730deac81a141a4,2025-01-14 19:09:16,19,1,False
2bcd99cb-f90f-442c-8cce-38f192f18616,CUS-00312,149.01,ussd,Lagos,Kosofe,3494ed058a6d99ad,2025-01-14 19:14:00,19,1,True
1562c9c6-b1ea-4f1a-91df-a70c3a0335ee,CUS-00312,81.32,pos,Lagos,Agege,3494ed058a6d99ad,2025-01-14 19:15:00,19,1,True
e5516340-139f-4961-aa92-6e90be41485a,CUS-00526,93346.12,pos,Sokoto,Sokoto-Central,4b22245e0c2ece40,2025-01-14 19:16:00,19,1,True
698069bc-4e47-4eb9-8ab5-d14832ebf9bd,CUS-00312,379.88,pos,Lagos,Agege,3494ed058a6d99ad,2025-01-14 19:20:00,19,1,True
7627b49f-1376-476c-88a1-3e7cb538b4ec,CUS-01496,16575.59,ussd,Enugu,Nsukka,3ac019d4fb43e753,2025-01-14 19:21:37,19,1,False
60fa716e-f8ae-4545-95de-5a7917dda5ed,CUS-00312,443.84,mobile_money,Lagos,Agege,3494ed058a6d99ad,2025-01-14 19:26:00,19,1,True
69bc6be7-d500-4b96-85d3-34c843b0fe56,CUS-00312,423.46,mobile_money,Lagos,Ikeja,3494ed058a6d99ad,2025-01-14 19:28:00,19,1,True
9af7cd09-73fe-4a6b-a111-33853cc01eba,CUS-00312,422.03,mobile_money,Lagos,Ikorodu,3494ed058a6d99ad,2025-01-14 19:36:00,19,1,True
fee49e87-114e-4416-99d5-1e15f5d743db,CUS-01601,2515.34,bank_transfer,Kano,Fagge,9247a632e0a859b9,2025-01-14 19:42:02,19,1,False
dff41cd0-f33f-4837-aca7-f7ec15ad9881,CUS-01819,66297.26,bank_transfer,Rivers,Oyigbo,1efef02c81cb87a7,2025-01-14 19:43:49,19,1,False
9b979914-9f3b-46a6-8be9-c83b997ae04c,CUS-00995,70382.41,ussd,Lagos,Oshodi-Isolo,5fae574986916801,2025-01-14 19:52:34,19,1,False
0858c25b-d7c4-4e12-bd0d-cdaa2229c2c8,CUS-00129,331.23,bank_transfer,Abuja FCT,Gwagwalada,4a1eb4a9e1afdf10,2025-01-14 19:57:25,19,1,False
eb7cb8dc-464f-4ce3-9240-252d2828dd06,CUS-01845,390.6,pos,Lagos,Oshodi-Isolo,c2c002b16c321510,2025-01-14 20:01:00,20,1,True
818b3aef-7559-446c-8e98-ebbadc68a2d0,CUS-01845,376.08,mobile_money,Lagos,Lagos Mainland,c2c002b16c321510,2025-01-14 20:02:00,20,1,True
38b88bc5-de2f-4321-82c3-2a607473ff41,CUS-00650,781094.76,pos,Lagos,Ikeja,a7107ef719a58b4f,2025-01-14 20:02:39,20,1,False
e675f95c-4535-4225-b852-1d4f95bc240e,CUS-00524,4214.99,bank_transfer,Bauchi,Bauchi-Central,426c573269cc321a,2025-01-14 20:05:34,20,1,False
9467ce1e-b239-4c4d-8136-26d43ba9c97e,CUS-01845,127.85,pos,Lagos,Eti-Osa,c2c002b16c321510,2025-01-14 20:07:00,20,1,True
9b4b48ed-ee63-46e2-8612-3f54f4815be5,CUS-00478,33910.5,ussd,Bayelsa,Bayelsa-Central,a01da1f680707d34,2025-01-14 20:08:50,20,1,False
af58e811-5a2b-4d3b-87f5-8d32159f7dfd,CUS-00111,25609.64,pos,Lagos,Surulere,b4139af7343c44e3,2025-01-14 20:16:50,20,1,False
d6b2c3af-a377-4236-bc44-6b6f206ff950,CUS-01845,200.21,mobile_money,Lagos,Alimosho,c2c002b16c321510,2025-01-14 20:18:00,20,1,True
708f09f5-a904-435a-849b-bdd7fe0536ec,CUS-01318,92.38,bank_transfer,Lagos,Kosofe,0d53a7e44c1ebaa4,2025-01-14 20:19:43,20,1,False
5cabb97e-bdea-4129-9fe6-2c4bd28a3276,CUS-01187,581691.7,pos,Lagos,Surulere,b3f9592ad1d5de57,2025-01-14 20:20:44,20,1,False
5ea5c2fb-e770-4172-8cd1-4702480f8256,CUS-01845,203.12,mobile_money,Lagos,Agege,c2c002b16c321510,2025-01-14 20:22:00,20,1,True
da410b3e-55e3-4249-8141-dfed691eebfc,CUS-01845,371.56,pos,Lagos,Ikeja,c2c002b16c321510,2025-01-14 20:25:00,20,1,True
44ca2c4c-0d71-4196-9a79-2460b3a89001,CUS-00857,4176.18,pos,Abuja FCT,Gwagwalada,5dc9fa146e46a351,2025-01-14 20:29:58,20,1,False
d23a0986-19ce-4319-8930-55aaf37c0750,CUS-01217,1312.47,pos,Anambra,Onitsha North,ea197a474c256325,2025-01-14 20:42:00,20,1,False
93861dd0-3469-434f-a0c9-5de3510dd003,CUS-01845,218.23,mobile_money,Lagos,Agege,c2c002b16c321510,2025-01-14 20:43:00,20,1,True
0c9caaa1-adb4-40ad-a646-4038e3f08165,CUS-01972,13016.97,pos,Kano,Kumbotso,148853bb0db7c749,2025-01-14 20:48:11,20,1,False
768a667c-67f9-46d1-a04f-ce3acb7734a8,CUS-01414,81005.17,mobile_money,Oyo,Ibadan South-West,d4d3c0f8c47d790d,2025-01-14 20:48:45,20,1,False
2de7cf92-d183-4658-aa78-9c206e65cb8e,CUS-01845,84.84,mobile_money,Lagos,Ikorodu,c2c002b16c321510,2025-01-14 20:53:00,20,1,True
892fe606-f147-4f1c-aea1-a7faa71c3cac,CUS-00419,2705.17,pos,Osun,Osun-Central,4eebee10696d2ff4,2025-01-14 20:54:35,20,1,False
4db84202-81a0-40ab-a208-207139f5c12b,CUS-00514,1573.73,bank_transfer,Lagos,Mushin,f596f20231d78a05,2025-01-14 21:02:06,21,1,False
ee399cfc-ce77-4a6e-bbfc-453686cb93df,CUS-01652,75771.69,mobile_money,Kano,Kumbotso,3191c2c1227ba3cb,2025-01-14 21:15:29,21,1,False
cb2ffd1b-233a-4537-b904-f12879242cab,CUS-00411,160.48,pos,Katsina,Katsina-Central,a3aa5c70552aaa99,2025-01-14 21:17:25,21,1,False
a2669ae4-3508-44ad-becc-559ff573340d,CUS-00247,99620.72,mobile_money,Akwa Ibom,Akwa Ibom-Central,24e158ba75483b7c,2025-01-14 21:39:46,21,1,False
150772c6-ec27-4df9-9967-af6d0a6768bf,CUS-01981,4630.91,mobile_money,Benue,Benue-Central,2e3ca59fe7d431e5,2025-01-14 21:50:21,21,1,False
014be146-c943-490d-8626-3b094e4212ee,CUS-01932,217248.77,bank_transfer,Oyo,Ibadan North,1015c124c9b58be1,2025-01-14 21:52:35,21,1,False
5662f42e-ce32-4ea7-bf1e-eeae693723a0,CUS-00372,872.38,mobile_money,Lagos,Ikeja,131ea15f92860a0b,2025-01-14 21:56:56,21,1,False
80ecbbf0-b0c7-46d1-acdb-bff5151bfe52,CUS-00160,769691.04,bank_transfer,Rivers,Oyigbo,41f1f5f17bc5f662,2025-01-15 00:51:00,0,2,True
8dd16ba4-2265-40d6-8f15-0ef4192abf9f,CUS-01836,4025.46,ussd,Lagos,Kosofe,d0967b5b666bff98,2025-01-15 02:14:58,2,2,False
1f4ac55c-7954-477e-a74e-b700c1a9f084,CUS-00341,755617.21,pos,Abuja FCT,Municipal,d0cecef6fd05a4d9,2025-01-15 03:39:31,3,2,False
cce375af-21ff-457d-8727-2ce001803494,CUS-00296,37007.94,pos,Kwara,Kwara-Central,68d9bede91204ef9,2025-01-15 03:46:17,3,2,False
11f863c5-aa5c-4921-a7e5-d0df80391729,CUS-01733,2251.22,bank_transfer,Rivers,Eleme,95599289dfc0bb5d,2025-01-15 04:27:32,4,2,False
2ad50ea2-1d9d-43b7-b990-af40979d0af8,CUS-01034,401.98,ussd,Lagos,Agege,4b0acf007c963eb1,2025-01-15 06:06:00,6,2,True
6807c1a4-28a8-4e0e-bede-18b797d75a13,CUS-01034,492.41,ussd,Lagos,Ikorodu,4b0acf007c963eb1,2025-01-15 06:07:00,6,2,True
87c01f7b-911e-47fc-ad28-e2f5e47b51b1,CUS-01034,90.56,mobile_money,Lagos,Lagos Mainland,4b0acf007c963eb1,2025-01-15 06:16:00,6,2,True
3703d746-5a9d-491b-82a8-c8fa65dd39a5,CUS-01034,352.0,ussd,Lagos,Eti-Osa,4b0acf007c963eb1,2025-01-15 06:24:00,6,2,True
24d818cb-c92a-467e-94c2-3564c3c0912a,CUS-01045,426858.85,mobile_money,Kaduna,Kaduna North,514113e6f764629e,2025-01-15 06:26:20,6,2,False
abb78969-b88f-4616-957f-dab6ffe6677a,CUS-00721,2490.46,ussd,Lagos,Eti-Osa,d0dc71258440f880,2025-01-15 06:38:00,6,2,True
207237bb-a861-4d2c-8658-b6338862989e,CUS-01034,112.05,ussd,Lagos,Kosofe,4b0acf007c963eb1,2025-01-15 06:46:00,6,2,True
d1ec76f1-510b-4cb6-bab6-c254c04e91d4,CUS-01034,420.87,mobile_money,Lagos,Oshodi-Isolo,4b0acf007c963eb1,2025-01-15 06:52:00,6,2,True
caafa0a0-0f11-4d80-ac16-521fa3818bf1,CUS-00721,74129.05,mobile_money,Lagos,Alimosho,d0dc71258440f880,2025-01-15 07:01:00,7,2,True
cc8d0fda-383b-4baf-917a-9f5e1b84033f,CUS-00721,81.11,pos,Lagos,Alimosho,d0dc71258440f880,2025-01-15 07:14:00,7,2,True
8798bf46-3e5a-4ff4-b585-a90180d4d79d,CUS-01428,54256.76,pos,Enugu,Enugu East,732a634fefcbc5b8,2025-01-15 07:49:00,7,2,True
9f4a6676-7703-4eb1-a018-7a924674fdcb,CUS-00923,864272.65,bank_transfer,Imo,Imo-Central,ebacbea70d530fdc,2025-01-15 07:56:00,7,2,True
a0694ca8-ff90-405b-964a-08bd62400bb8,CUS-01443,116.77,ussd,Abuja FCT,Kuje,99626b470ed79cda,2025-01-15 08:02:00,8,2,True
0c8571f5-42e2-4142-a077-11f0b0f07432,CUS-01443,188.05,ussd,Abuja FCT,Bwari,99626b470ed79cda,2025-01-15 08:07:00,8,2,True
9c0ba048-a75f-4aaa-8d73-55d69d959ecc,CUS-01443,394.1,pos,Abuja FCT,Gwagwalada,99626b470ed79cda,2025-01-15 08:08:00,8,2,True
b01554a1-dd1b-48a2-84ee-62fe150e6340,CUS-01443,250.5,ussd,Abuja FCT,Kuje,99626b470ed79cda,2025-01-15 08:10:00,8,2,True
ab64956f-4b84-413e-9bd6-a392c9d01a96,CUS-01443,322.33,mobile_money,Abuja FCT,Municipal,99626b470ed79cda,2025-01-15 08:24:00,8,2,True
9a15d260-002d-41bc-b824-1e52dfa867df,CUS-01428,1698.18,pos,Enugu,Nsukka,732a634fefcbc5b8,2025-01-15 08:33:00,8,2,True
68b6e621-c478-41a7-abe3-dbd1ad3c6c8d,CUS-00721,263.24,pos,Lagos,Alimosho,d0dc71258440f880,2025-01-15 08:38:00,8,2,True
6ec1e936-3a73-4c44-a83e-e1478a7b75f6,CUS-01443,150.6,ussd,Abuja FCT,Municipal,99626b470ed79cda,2025-01-15 08:49:00,8,2,True
5093d3f7-5c65-484a-8473-5810e725e88c,CUS-01443,131.81,ussd,Abuja FCT,Bwari,99626b470ed79cda,2025-01-15 08:54:00,8,2,True
6549fe8b-4da4-4427-b962-512d65bd649c,CUS-01778,25680.9,pos,Lagos,Ikeja,88867b61ceb71236,2025-01-15 09:00:00,9,2,True
94446ed5-47bc-4943-858c-eff78b22e868,CUS-00083,82175.04,ussd,Lagos,Alimosho,d08d1bc4a38fcfc5,2025-01-15 09:07:18,9,2,False
dacc8f14-b65c-47a3-aa5c-25760aa427cb,CUS-01834,791307.41,bank_transfer,Benue,Benue-Central,af74a768871921fd,2025-01-15 09:07:56,9,2,False
8f0c711b-8650-4ae8-8cf2-a34aaa5825ed,CUS-00207,524.06,ussd,Delta,Oshimili South,4fe56fe2feb81f6a,2025-01-15 09:08:56,9,2,False
396745e9-d7d8-4ff8-9943-576c86729760,CUS-01446,74189.49,mobile_money,Anambra,Awka South,c023430f2ccbb3be,2025-01-15 09:09:46,9,2,False
4011bf95-d738-41b4-b6b8-582d9107b18e,CUS-00472,458196.58,ussd,Lagos,Ikorodu,56988587362d6b60,2025-01-15 09:09:54,9,2,False
3cfb13f7-27bf-4ae1-8718-2cb63719203f,CUS-00362,33732.42,pos,Abuja FCT,Kuje,945a52114414000f,2025-01-15 09:11:24,9,2,False
07fd0244-e96e-45d8-9f86-4707203282ae,CUS-01778,4794.69,mobile_money,Yobe,Yobe-Central,88867b61ceb71236,2025-01-15 09:22:00,9,2,True
b745719d-2f3b-4ad9-85ee-8a9efc8ebd99,CUS-01428,417928.78,bank_transfer,Enugu,Enugu North,732a634fefcbc5b8,2025-01-15 09:24:00,9,2,True
889a0069-23b1-4684-ad90-640020f17977,CUS-00098,351809.12,mobile_money,Lagos,Oshodi-Isolo,2a59164cbbab5589,2025-01-15 09:29:20,9,2,False
6410ec71-d6de-47f1-b61f-8a85d027d780,CUS-00066,1992.46,pos,Lagos,Ikeja,d59b6fcd5f147bb2,2025-01-15 09:31:06,9,2,False
4ae3f603-b346-4d12-bf1c-f888d88b1f71,CUS-00716,250.25,bank_transfer,Plateau,Plateau-Central,5f81a29fff091a69,2025-01-15 09:33:54,9,2,False
ca43d6ca-8618-4ef3-a252-9364f59859b9,CUS-00901,37229.35,pos,Lagos,Agege,8cc6b102f1e0b742,2025-01-15 09:40:56,9,2,False
bbfb87cc-e65c-47be-923b-588474ce80d8,CUS-01382,59090.62,pos,Bayelsa,Bayelsa-Central,e574935d513d27c9,2025-01-15 10:04:29,10,2,False
f6128713-b7fc-4ef6-afb4-74ada9fc47f9,CUS-00297,2883.78,pos,Lagos,Surulere,71796c290ad9637f,2025-01-15 10:07:40,10,2,False
8995df4c-2fd1-4a31-8e59-1ff1ca3b739a,CUS-01320,318.25,card,Lagos,Agege,1cea17001a33563e,2025-01-15 10:09:48,10,2,False
55c25992-12e4-484f-8fd3-d4b86a9a736b,CUS-01278,839.4,pos,Lagos,Agege,8f89b849a3239d26,2025-01-15 10:13:01,10,2,False
3eed8c80-3548-47da-a8ca-cd557d4b15c5,CUS-01484,21687.12,bank_transfer,Kano,Nassarawa,0e62fcf1fb9ddfdc,2025-01-15 10:15:12,10,2,False
e943b139-90dc-4a30-89d4-c41f27a55830,CUS-00458,8909.79,bank_transfer,Lagos,Kosofe,a9c04aa00827864e,2025-01-15 10:27:01,10,2,False
61da69d6-f452-42e8-897e-48db3b088796,CUS-00721,138.22,bank_transfer,Lagos,Ikeja,d0dc71258440f880,2025-01-15 10:31:00,10,2,True
484a2deb-0c7a-4432-895c-173ba62b80b9,CUS-01877,4995.15,ussd,Abuja FCT,Municipal,fcd99e89f421daa0,2025-01-15 10:33:29,10,2,False
f0aa1c0b-9b5b-4e94-a9f4-7e8e6fd99e71,CUS-01526,754771.44,card,Kano,Nassarawa,9cf5f93aa4a4b335,2025-01-15 10:37:43,10,2,False
860f43ca-bfcc-449e-8a00-a3812fc52f3b,CUS-01816,194.09,pos,Kano,Dala,a691cf3791648d00,2025-01-15 10:41:12,10,2,False
b0c763ae-2605-41c6-b48c-19b8b8665ae3,CUS-01623,2542.54,ussd,Cross River,Cross River-Central,7920e42ca329656c,2025-01-15 10:56:47,10,2,False
4dba89a0-cead-4989-bcd3-e2017b90559f,CUS-01558,466.51,ussd,Bauchi,Bauchi-Central,7f04b0f4ed5414f4,2025-01-15 10:59:21,10,2,False
d32443aa-d186-46bf-8be3-4fbd39c2b209,CUS-01499,69957.05,mobile_money,Zamfara,Zamfara-Central,ad409298faa385ec,2025-01-15 11:00:23,11,2,False
280c581a-a722-478b-8d20-543650bf5f54,CUS-01336,351.78,mobile_money,Lagos,Ikeja,c6ca128a241675c1,2025-01-15 11:01:00,11,2,True
abd6f004-f9ed-4950-b0cf-c40bb828553b,CUS-00113,831823.39,bank_transfer,Benue,Benue-Central,7424f512c08e218e,2025-01-15 11:02:21,11,2,False
8c9a2310-2a82-4da0-a4c8-5ff8bc3ee6bc,CUS-00192,2661.3,mobile_money,Nassarawa,Nassarawa-Central,3be92bc242be1da2,2025-01-15 11:03:23,11,2,False
9de99b5b-cd3b-4446-ab09-10c8703aac25,CUS-01210,649338.45,pos,Rivers,Obio-Akpor,0e27aca8e7040c91,2025-01-15 11:08:28,11,2,False
0dbdb3f1-6936-42bf-9ed1-da69becc74f8,CUS-00878,2998.84,bank_transfer,Lagos,Lagos Mainland,fe7bc21e8a9162fe,2025-01-15 11:19:57,11,2,False
06fb4e6f-d550-45be-8326-fe7d0d3c4228,CUS-00130,1625.6,pos,Rivers,Oyigbo,bba31a7c8dcf95ed,2025-01-15 11:23:51,11,2,False
d0669b04-9c8c-4013-b76f-efb0792cd70e,CUS-00809,1789.94,mobile_money,Lagos,Kosofe,db69bf71f5a9ddc6,2025-01-15 11:25:11,11,2,False
b19b67ff-2cbc-4245-9310-5e902f93cc80,CUS-01336,236.84,ussd,Lagos,Surulere,c6ca128a241675c1,2025-01-15 11:27:00,11,2,True
dedb0f0d-3def-44d6-894c-730fb1e32d5a,CUS-00721,4957.44,mobile_money,Lagos,Kosofe,d0dc71258440f880,2025-01-15 11:30:00,11,2,True
a7284e68-d817-4df2-b8ba-34ab6562543f,CUS-00685,507358.51,pos,Oyo,Ibadan North,3b90c47fa95946b7,2025-01-15 11:31:58,11,2,False
7ec7bc4d-a6d6-4858-8efe-796de98447e4,CUS-01552,110.9,bank_transfer,Plateau,Plateau-Central,e549c97f10bbeafe,2025-01-15 11:32:39,11,2,False
399f54e0-ff37-4e4e-9fa8-987546dc69f1,CUS-01234,46413.82,pos,Delta,Oshimili South,8319fe633d556a40,2025-01-15 11:33:41,11,2,False
4ccd89ad-8fcd-4789-843c-9a957b62f80d,CUS-00048,2032.98,bank_transfer,Oyo,Ogbomoso,2bed16a79efed2dd,2025-01-15 11:40:44,11,2,False
c22c6a68-6584-4726-bef2-2e4245b78d05,CUS-01336,232.52,ussd,Lagos,Ikeja,c6ca128a241675c1,2025-01-15 11:42:00,11,2,True
512e2d69-a686-4ed9-ac14-d0ab91bf4789,CUS-01336,493.2,ussd,Lagos,Lagos Mainland,c6ca128a241675c1,2025-01-15 11:43:00,11,2,True
38aff7e7-9843-447c-b73f-30758fa0f977,CUS-01336,253.19,mobile_money,Lagos,Agege,c6ca128a241675c1,2025-01-15 11:43:00,11,2,True
000b5bb6-e823-417b-b626-b7fa42c1ec6b,CUS-00896,14054.3,bank_transfer,Kano,Fagge,05624b725ce601e5,2025-01-15 11:43:54,11,2,False
f3f248e8-1380-4cd4-bd85-a82bc4afb1f8,CUS-01336,215.91,pos,Lagos,Surulere,c6ca128a241675c1,2025-01-15 11:44:00,11,2,True
742958d5-b61d-4c46-b110-d0c746fe88fe,CUS-00903,837.52,pos,Oyo,Ogbomoso,e707cda42c6fc450,2025-01-15 11:44:49,11,2,False
f90f4b91-2c4b-48c6-b7e5-5fc2d77062d9,CUS-01708,123.35,pos,Enugu,Enugu East,4211ce21fda32873,2025-01-15 11:47:44,11,2,False
97d577cd-5372-4371-9706-80e57a2f3e25,CUS-00621,3860.97,ussd,Lagos,Oshodi-Isolo,1de5393a19cb127d,2025-01-15 11:50:12,11,2,False
f1797dd2-db9c-488d-b573-22e380f6b8a5,CUS-01208,390.06,bank_transfer,Kano,Gwale,e98a5e1c5dd09287,2025-01-15 11:52:33,11,2,False
aadde708-1902-46dc-8960-6a9134ccd5e5,CUS-00227,4993.35,bank_transfer,Rivers,Eleme,5520f23bfce438f4,2025-01-15 11:59:07,11,2,False
31b8ae50-0e3b-4c7e-b3dd-fee4a463bb00,CUS-00996,769.14,bank_transfer,Taraba,Taraba-Central,7a9b7dbe88f4f124,2025-01-15 12:03:33,12,2,False
d81d627d-6e70-410b-a77a-e1ce38fafa5a,CUS-01937,199.52,mobile_money,Plateau,Plateau-Central,a96cc0e9e7bb5bfa,2025-01-15 12:03:54,12,2,False
1d73ca04-cff6-4819-b6fa-b7ba8d8a3843,CUS-01428,469517.11,ussd,Enugu,Nsukka,732a634fefcbc5b8,2025-01-15 12:04:00,12,2,True
bd1c613a-4ed0-49ae-a3b5-e3bf46c47479,CUS-01440,221.95,pos,Bayelsa,Bayelsa-Central,497e2d0a46fe1877,2025-01-15 12:16:25,12,2,False
d37bf988-4cf8-4a4c-84fe-4cd5cef16cd6,CUS-01402,4495.77,mobile_money,Lagos,Oshodi-Isolo,91a85e92e9185a19,2025-01-15 12:21:12,12,2,False
bd59d1c3-d25a-492a-9ec4-0dd27e5397d5,CUS-00721,381.96,pos,Lagos,Ikeja,d0dc71258440f880,2025-01-15 12:26:00,12,2,True
ce254c68-e8ae-4303-a536-cd17eb2cc887,CUS-01169,728949.75,bank_transfer,Kano,Fagge,adb47e70e5622cfe,2025-01-15 12:28:32,12,2,False
d007e48e-ac4c-49f4-bf7c-c0fb88486e99,CUS-01307,341.81,pos,Benue,Benue-Central,c90d2da9eb6efbf6,2025-01-15 12:32:55,12,2,False
d5bd067e-c999-4172-ac5e-ff1de6dfc050,CUS-01142,4195.37,bank_transfer,Anambra,Onitsha North,b4f03bc7e8cf05c0,2025-01-15 12:37:04,12,2,False
82ab3816-2e33-4db5-be14-4810dc6b6ec6,CUS-00397,2282.89,ussd,Rivers,Eleme,226e1605023f9821,2025-01-15 12:53:50,12,2,False
df052936-1aa0-42fb-a755-52e956c795d2,CUS-00049,44014.24,pos,Lagos,Ikorodu,45d1a59f5d7f63e7,2025-01-15 12:54:00,12,2,False
756c8077-87a6-4149-bfc4-21a498f2a97e,CUS-00568,516616.92,mobile_money,Kogi,Kogi-Central,dcc0efb50bd6ca59,2025-01-15 12:57:38,12,2,False
d06b8aeb-4c9f-48f6-a394-f23f5c518ba1,CUS-01435,154.33,pos,Lagos,Lagos Mainland,094a78f31d5a2bb7,2025-01-15 13:00:12,13,2,False
6dba8d6d-0563-4d82-bcdd-dadf98947804,CUS-00152,1361.03,mobile_money,Lagos,Surulere,d17fff6c596c08d0,2025-01-15 13:13:26,13,2,False
78e6dd85-0ad7-421f-8dbe-e92a4aef1eb1,CUS-00154,689506.68,bank_transfer,Ogun,Ogun-Central,bec8cb887466247e,2025-01-15 13:18:00,13,2,True
bbdc81c2-8142-4492-be2a-6c34507b0fbb,CUS-01197,4509.21,ussd,Akwa Ibom,Akwa Ibom-Central,5efac0a27f8fb3df,2025-01-15 13:24:16,13,2,False
6649ce47-e6ef-421f-8725-83dffc238fbd,CUS-01428,579923.17,pos,Enugu,Enugu East,732a634fefcbc5b8,2025-01-15 13:38:00,13,2,True
4d8dbdb3-90cb-405d-b4a6-5db1999272ff,CUS-01806,2068.42,bank_transfer,Delta,Uvwie,03e3cce37197c2f4,2025-01-15 13:40:58,13,2,False
781956f9-8626-437b-8aec-7ee110d1b6cd,CUS-00019,54.56,mobile_money,Kano,Gwale,c2b7b5602cd271f8,2025-01-15 13:43:14,13,2,False
b1fdad29-7c45-4a19-a59e-697d494964f2,CUS-00866,50.65,bank_transfer,Lagos,Mushin,e2829db4416371b8,2025-01-15 13:49:23,13,2,False
bcaec398-91e6-488f-8bba-d7a677d57ceb,CUS-01566,359.52,pos,Anambra,Awka South,5c458226cf44cc07,2025-01-15 13:51:29,13,2,False
7aff223e-38e4-4be4-beb9-2afbbc7c2c78,CUS-00325,4733.08,card,Osun,Osun-Central,8c6d91935dee1218,2025-01-15 13:52:22,13,2,False
41334092-3485-450e-b471-9482752003f5,CUS-01294,56.0,card,Imo,Imo-Central,483e21c5ddaeee0f,2025-01-15 13:52:35,13,2,False
88453773-6861-4d37-8c04-9a5e7fc7c8cc,CUS-00794,3605.12,bank_transfer,Lagos,Lagos Mainland,61ad41bfc30e5cd7,2025-01-15 13:54:11,13,2,False
b6a1c3d5-0190-4f0e-892b-ffc0c9530829,CUS-00721,105.31,ussd,Lagos,Ikorodu,d0dc71258440f880,2025-01-15 14:19:00,14,2,True
95523fa4-16cb-4432-886a-99f2198399de,CUS-01736,246.44,mobile_money,Abuja FCT,Gwagwalada,dc75516563b80dbc,2025-01-15 14:22:49,14,2,False
aea8ae06-f176-4cca-b24d-7c2de507de40,CUS-00721,37957.71,ussd,Lagos,Ikorodu,d0dc71258440f880,2025-01-15 14:23:00,14,2,True
56a2cf51-ee28-4f88-b245-f4d2be679463,CUS-00154,479772.44,pos,Ogun,Ogun-Central,bec8cb887466247e,2025-01-15 14:31:39,14,2,False
59f50222-360d-40a6-8f76-d988280271b6,CUS-01469,159.57,pos,Abia,Abia-Central,b7d959007e88c959,2025-01-15 14:33:34,14,2,False
18e770e9-d6fb-4d10-b0f8-a9e37c517914,CUS-01739,58106.92,mobile_money,Rivers,Oyigbo,e0adb1db04a2c04e,2025-01-15 14:37:46,14,2,False
235b89b1-1a0a-45b3-9d17-2a0f97c2e57f,CUS-00144,68011.7,bank_transfer,Kano,Tarauni,aa29af6cbfa3f2fb,2025-01-15 14:38:23,14,2,False
94d3a7fc-b02f-46b4-9dad-f164ce28cd6e,CUS-01497,274.29,bank_transfer,Abuja FCT,Municipal,978bcb84cb24d195,2025-01-15 14:45:03,14,2,False
0b2d3f07-3345-4177-b8d8-604ca731fd31,CUS-01407,59519.4,card,Benue,Benue-Central,7cec58c867ee345b,2025-01-15 14:53:57,14,2,False
8eaf16f2-a548-472c-bff1-3e07e4401113,CUS-00494,4967.52,bank_transfer,Abuja FCT,Municipal,c752a0e1de6af1b4,2025-01-15 14:55:17,14,2,False
1913841f-a535-4e1c-9acd-fc59d6a5a1b4,CUS-00368,241.77,pos,Lagos,Mushin,fbea58cfa25efa40,2025-01-15 15:02:44,15,2,False
56940c0b-b1a0-4b0b-abb8-e1ea7a6b9143,CUS-00431,62.9,mobile_money,Kwara,Kwara-Central,7404af40d9127562,2025-01-15 15:14:24,15,2,False
d06336f1-15ee-4003-a519-7f31d0c8ff94,CUS-00486,3979.22,bank_transfer,Lagos,Ikeja,eef581881ffc0e65,2025-01-15 15:14:24,15,2,False
ab8d30ac-bf14-462a-8122-619057e5cc57,CUS-00650,3658.43,pos,Lagos,Ikorodu,a7107ef719a58b4f,2025-01-15 15:23:07,15,2,False
66b0e37d-68e4-4653-b00c-7ed0b7996342,CUS-01428,1475.33,bank_transfer,Enugu,Enugu East,732a634fefcbc5b8,2025-01-15 15:25:00,15,2,True
d3175809-2659-4936-bede-37df909eda5f,CUS-00850,123.02,mobile_money,Lagos,Lagos Mainland,e9094fbd4615343d,2025-01-15 15:31:48,15,2,False
570b850d-5a8d-4322-b1f4-79a2c19405af,CUS-01194,48960.98,pos,Lagos,Surulere,92f97f031c21451e,2025-01-15 15:32:54,15,2,False
c553c5a7-ffb7-4c63-b345-d7ac6eafa291,CUS-00721,415.66,pos,Lagos,Ikorodu,d0dc71258440f880,2025-01-15 15:38:00,15,2,True
56f15538-eaa0-4de9-a182-5dbeafe9087f,CUS-01275,49536.07,mobile_money,Lagos,Surulere,9b96ba82f57290ea,2025-01-15 15:49:26,15,2,False
ae8593a7-b0c9-406a-b9f2-12c234c3044e,CUS-01576,1456.8,pos,Lagos,Eti-Osa,7bae466cfc2d3e32,2025-01-15 16:14:14,16,2,False
cfbbac09-a4fd-460d-952e-55e719030791,CUS-01354,420.45,bank_transfer,Abuja FCT,Municipal,dde7c40b36da5fbe,2025-01-15 16:23:34,16,2,False
8d4821af-c26b-4905-aa83-a4c9e58c40e5,CUS-00721,427.25,mobile_money,Lagos,Lagos Mainland,d0dc71258440f880,2025-01-15 16:43:09,16,2,False
10aeb889-2c1a-4f86-ae66-c0168daf0aa7,CUS-01428,60.14,pos,Enugu,Nsukka,732a634fefcbc5b8,2025-01-15 16:45:00,16,2,True
3111b65a-3c12-447a-968f-e4248947b0f0,CUS-00408,3049.4,card,Kogi,Kogi-Central,113ca9141230a8f2,2025-01-15 16:46:44,16,2,False
5db10483-46f2-4c26-83d8-06f14860bd42,CUS-01428,100.84,mobile_money,Enugu,Enugu North,732a634fefcbc5b8,2025-01-15 16:48:00,16,2,True
62bd89e5-5b45-4731-ab9c-e23ef2fd90a9,CUS-01428,134.15,pos,Enugu,Enugu North,732a634fefcbc5b8,2025-01-15 16:49:00,16,2,True
a2ab23c6-2eba-43e3-bd4c-9a68f86d5aaa,CUS-00721,400.04,bank_transfer,Lagos,Ikorodu,d0dc71258440f880,2025-01-15 16:52:00,16,2,True
c45f5905-326e-4dc8-912a-31cecb6376e5,CUS-01560,182.04,pos,Kano,Dala,65fa79b574411b2d,2025-01-15 16:54:20,16,2,False
d6a0ba2f-85c3-4160-9148-265c90e6fa56,CUS-00825,78845.17,mobile_money,Adamawa,Adamawa-Central,3dfac513d348b765,2025-01-15 16:56:04,16,2,False
6bdbf364-6396-4a18-8d97-69b9b50b2ea9,CUS-01290,43012.94,pos,Rivers,Oyigbo,cd99b4bdf6d249d0,2025-01-15 17:00:18,17,2,False
3b154b84-1fcc-43fb-92c0-2a8ff7efbf27,CUS-00721,4562.41,pos,Lagos,Surulere,d0dc71258440f880,2025-01-15 17:05:00,17,2,True
0a0b0248-1604-4dc6-9235-75f151666d33,CUS-01428,2987.99,pos,Enugu,Nsukka,732a634fefcbc5b8,2025-01-15 17:06:00,17,2,True
1bf7dcbf-5d35-46db-a6fd-c954bae2015c,CUS-01324,59.14,mobile_money,Ebonyi,Ebonyi-Central,9a86a95dc16a8c44,2025-01-15 17:16:55,17,2,False
35371da5-6f96-4c29-a8fb-4eee8ae25d2a,CUS-01227,93565.44,mobile_money,Kano,Nassarawa,1be01da98bccedd1,2025-01-15 17:29:52,17,2,False
f77aa5fa-3bdb-415e-9cc4-fb45a4a8134c,CUS-01651,3292.09,pos,Kano,Dala,396043149ea8b2e6,2025-01-15 17:30:33,17,2,False
156d35be-08d3-40c9-8ab7-e19d6b2b3ce1,CUS-01428,434.45,pos,Enugu,Enugu East,732a634fefcbc5b8,2025-01-15 17:32:00,17,2,True
81c0d601-1ca6-4cbb-88b8-18f9bd9e7a21,CUS-00532,3132.97,pos,Ogun,Ogun-Central,76d5d2e4a57db02d,2025-01-15 17:34:31,17,2,False
8c10d16b-fe22-424c-8ba7-03f106b3de62,CUS-00206,3981.4,pos,Lagos,Ikorodu,3611e978f2cf6d25,2025-01-15 17:38:32,17,2,False
8ec1eb8f-fb59-45e7-9fbb-f31c0c4c0245,CUS-00503,21098.49,card,Benue,Benue-Central,690632b566955a71,2025-01-15 17:39:07,17,2,False
a322ad6f-ef48-4d76-820f-eac16ac3c1ac,CUS-01733,3834.83,pos,Rivers,Eleme,95599289dfc0bb5d,2025-01-15 17:43:34,17,2,False
f809c8c4-a71e-4947-8f0d-e658e9e01f0b,CUS-00576,4199.42,pos,Lagos,Ikorodu,889483354ede0f98,2025-01-15 17:49:34,17,2,False
a0e968cf-c28b-48a2-9f92-4789376ba2c3,CUS-01198,447.22,pos,Osun,Osun-Central,01873dcabd0cc646,2025-01-15 17:50:44,17,2,False
a123c90c-c5ff-4950-a7fb-10d7914f1627,CUS-01386,274.48,pos,Abia,Abia-Central,a0b3c4931fa33023,2025-01-15 17:52:19,17,2,False
30f25a70-acfa-4e3d-a9ba-1ac4b2569d11,CUS-01436,819190.52,pos,Kano,Nassarawa,407a3276e36403ea,2025-01-15 18:01:46,18,2,False
b732cd11-24fc-472f-aac4-460d6eb8d6c0,CUS-00755,92465.4,pos,Imo,Imo-Central,868dd195080acd9b,2025-01-15 18:13:29,18,2,False
825a91a9-3c79-4675-80cf-02a5a7f6fd3b,CUS-00182,21432.1,pos,Adamawa,Adamawa-Central,1ec1fbe050eb7edd,2025-01-15 18:14:48,18,2,False
0aa50ed4-901b-4347-a154-8bc1548134a0,CUS-01755,2353.21,pos,Benue,Benue-Central,48d4189ce2a6536b,2025-01-15 18:16:08,18,2,False
2713af0a-a7bc-437a-9a55-da57e170e3a1,CUS-00342,674.11,pos,Lagos,Kosofe,1ef61af4ad918042,2025-01-15 18:27:35,18,2,False
b565db35-26c8-419d-89fd-700c34161dec,CUS-01597,73500.19,bank_transfer,Lagos,Lagos Mainland,66b0d9200f483975,2025-01-15 18:28:14,18,2,False
30dd40e2-e8ab-4b0d-90bb-bf4061f64f58,CUS-00891,350.09,mobile_money,Sokoto,Sokoto-Central,50eb9194ca6b0f1e,2025-01-15 19:01:51,19,2,False
0e3a0806-e3dd-4de2-a14d-05b681096ba8,CUS-00770,20711.7,pos,Lagos,Mushin,07ebcbdbcca5ed04,2025-01-15 19:17:06,19,2,False
d4ddd5db-df18-4ef5-b235-de30e3d15572,CUS-01674,337.45,bank_transfer,Imo,Imo-Central,7cf45476250f1cf9,2025-01-15 19:22:48,19,2,False
dc9c2184-6c7d-4870-8d6e-876f212845aa,CUS-00190,309784.66,mobile_money,Lagos,Mushin,2929f682d21c8189,2025-01-15 19:30:27,19,2,False
fa83425e-7800-4d1e-8558-ebdf3053bb17,CUS-01308,449.4,pos,Kano,Fagge,c99975fc77f75453,2025-01-15 19:36:56,19,2,False
e9df6460-624a-4532-9017-0f87b2ee4310,CUS-01436,3168.43,ussd,Kano,Dala,407a3276e36403ea,2025-01-15 19:50:44,19,2,False
82de6c51-e231-4d0a-8c96-32f0b08e365b,CUS-01585,485.09,pos,Lagos,Kosofe,9d4d8197c0ce1b15,2025-01-15 19:54:19,19,2,False
876a244a-dbaa-47e1-a99c-bf524086919a,CUS-00192,113.03,mobile_money,Nassarawa,Nassarawa-Central,3be92bc242be1da2,2025-01-15 19:59:55,19,2,False
8a62743d-b5cb-4536-8d2a-146a459ca103,CUS-01469,1484.9,mobile_money,Kaduna,Kaduna South,b7d959007e88c959,2025-01-15 20:00:00,20,2,True
17c661c0-493d-4146-90da-a19f1948f079,CUS-01167,14750.01,pos,Abuja FCT,Municipal,281007905cca8b73,2025-01-15 20:08:27,20,2,False
de700ba7-1eb1-439f-bc7a-5238693d2604,CUS-01469,23340.09,bank_transfer,Cross River,Cross River-Central,b7d959007e88c959,2025-01-15 20:13:00,20,2,True
0677ad14-b38a-47b1-89d9-57992193d75d,CUS-00721,84291.83,pos,Lagos,Oshodi-Isolo,d0dc71258440f880,2025-01-15 20:25:00,20,2,True
e12e694d-f1ac-4098-9df4-1d5d36111f85,CUS-01428,37866.52,pos,Enugu,Enugu East,732a634fefcbc5b8,2025-01-15 20:34:00,20,2,True
6f70e8d3-b0fd-41c9-ba6e-adbb25e2e16e,CUS-01032,14151.07,mobile_money,Lagos,Ikorodu,3465e7c29e8ade80,2025-01-15 20:41:02,20,2,False
233d1f03-2871-489f-a494-13cf515a5c0f,CUS-01762,2453.9,bank_transfer,Lagos,Ikeja,a30f47b1c41a7839,2025-01-15 20:55:39,20,2,False
5413b668-3225-4272-abe6-4c50a429aee3,CUS-00721,76.84,mobile_money,Lagos,Oshodi-Isolo,d0dc71258440f880,2025-01-15 21:04:00,21,2,True
90b838ce-9082-4f4f-b2c8-597b1348af34,CUS-00909,835642.36,pos,Rivers,Eleme,256c588e94dcbb7b,2025-01-15 21:11:41,21,2,False
e0e26909-25a2-48cf-bfa0-eb4051e06748,CUS-01468,1439.75,mobile_money,Zamfara,Zamfara-Central,3267f29956f279f7,2025-01-15 21:12:44,21,2,False
aae95179-3d04-4270-bdf1-161522ae9a1c,CUS-01366,1834.35,pos,Ondo,Ondo-Central,bb1761bfcb6e4105,2025-01-15 21:17:39,21,2,False
b0a34b12-af4f-47da-8f10-2983b17eb578,CUS-00850,184.67,mobile_money,Lagos,Mushin,e9094fbd4615343d,2025-01-15 21:18:52,21,2,False
f04e7671-bc2d-4d6b-b60f-ca121ea55073,CUS-01451,1311.71,mobile_money,Enugu,Enugu North,98ecba8511085cb7,2025-01-15 21:22:59,21,2,False
2594ac85-ceea-4dea-86ae-748ad760835a,CUS-01951,75486.84,mobile_money,Lagos,Oshodi-Isolo,ff96fe42ef3de0ae,2025-01-15 21:25:04,21,2,False
6801ec71-4157-4800-8a6b-7b8a0942116a,CUS-00721,467.16,pos,Lagos,Eti-Osa,d0dc71258440f880,2025-01-15 21:26:00,21,2,True
9fc3a476-ceea-47a8-b56d-f15a907c97d5,CUS-01428,12781.65,pos,Enugu,Enugu North,732a634fefcbc5b8,2025-01-15 21:31:00,21,2,True
346791d2-187a-4885-a4c7-471e3aa772a4,CUS-01720,87864.37,pos,Lagos,Surulere,d367b754b9943828,2025-01-15 21:41:01,21,2,False
5ef7d3f7-2cb5-4773-9437-0d90481cf627,CUS-01927,801604.51,mobile_money,Abuja FCT,Municipal,f2eeaed31f982ebf,2025-01-15 21:53:34,21,2,False
b8dd0ab3-2792-45f2-99ff-f74e5047ed6d,CUS-01351,3138.07,pos,Oyo,Oyo East,89e967ca6849bd9f,2025-01-15 21:57:17,21,2,False
8ade5fb4-c180-4ca5-9efa-157372dc5679,CUS-00103,3482.85,mobile_money,Abuja FCT,Bwari,f6171ccce20fcaeb,2025-01-15 21:59:09,21,2,False
be710e2d-0a02-4000-ab3b-0f7c47de057e,CUS-00228,309093.79,bank_transfer,Niger,Niger-Central,beaef1b0d933b705,2025-01-15 22:33:00,22,2,True
a79afd22-6150-45ee-a888-e204c6619c0c,CUS-01428,446146.58,card,Enugu,Enugu North,732a634fefcbc5b8,2025-01-15 22:36:00,22,2,True
75b7a3ce-afef-4923-a433-9d27d2455006,CUS-00034,296.16,bank_transfer,Akwa Ibom,Akwa Ibom-Central,16d056fcd36c662b,2025-01-15 22:36:22,22,2,False
ef913713-de90-403d-8ff5-0fa65ba3681a,CUS-01483,82786.31,ussd,Lagos,Ikorodu,097af9ba3a53d85c,2025-01-15 22:41:40,22,2,False
b51e2405-d6c0-41c8-9fdd-9653b634cb04,CUS-00298,342.47,pos,Enugu,Enugu East,2a174906e6fcc26b,2025-01-15 22:57:33,22,2,False
0efd3d53-d6a3-4530-a38c-dee95ab90b76,CUS-00145,46495.93,pos,Lagos,Agege,9e508b130921c688,2025-01-15 23:07:45,23,2,False
065b8b72-cc04-4296-98df-eb2c84680146,CUS-00590,42747.85,mobile_money,Lagos,Mushin,6f8c6cb8a638714d,2025-01-16 00:10:33,0,3,False
0e4a691f-825d-4488-83ae-4cb3885a9370,CUS-00917,6364.39,mobile_money,Katsina,Katsina-Central,d31247c5f3e24d3c,2025-01-16 02:11:35,2,3,False
ce7aac4e-2600-43ed-985c-7d8950579107,CUS-00705,400455.13,bank_transfer,Ogun,Ogun-Central,0635d7b00630607a,2025-01-16 02:48:00,2,3,True
30b80df5-605e-4a79-b22b-73830869e9bf,CUS-01822,399945.07,bank_transfer,Kaduna,Zaria,f65aa8becffa4ce7,2025-01-16 03:00:00,3,3,True
6720fd9d-2d30-4bb8-b180-e301c9bcd8ad,CUS-01420,410.92,pos,Kano,Kumbotso,eff694d3bbf74ab9,2025-01-16 03:00:00,3,3,True
132fbaff-854f-4d41-8d19-0344e6afa72d,CUS-01118,93.66,ussd,Kano,Fagge,9906c287df3d4b3d,2025-01-16 03:03:00,3,3,True
5e49730d-d8f3-4b1c-8c36-f4f894c8afe3,CUS-01118,108.3,pos,Kano,Gwale,9906c287df3d4b3d,2025-01-16 03:03:00,3,3,True
78f94402-290f-471d-88df-fa5429a7ebeb,CUS-01118,269.51,mobile_money,Kano,Gwale,9906c287df3d4b3d,2025-01-16 03:06:00,3,3,True
8026d88b-e186-4da4-b97a-fa16c1313ce9,CUS-01118,203.86,mobile_money,Kano,Fagge,9906c287df3d4b3d,2025-01-16 03:09:00,3,3,True
9d41cb59-7587-4b1e-9671-846e7efcca82,CUS-01118,239.62,ussd,Kano,Dala,9906c287df3d4b3d,2025-01-16 03:12:00,3,3,True
6b58ad77-2cd8-4205-ab83-48727b19ba30,CUS-01118,194.45,mobile_money,Kano,Gwale,9906c287df3d4b3d,2025-01-16 03:19:00,3,3,True
371d72a5-e903-4041-b5b3-820b7fd1692b,CUS-01420,379.33,pos,Kano,Nassarawa,eff694d3bbf74ab9,2025-01-16 03:22:00,3,3,True
45009d76-7976-4d91-ad06-cc122e27850e,CUS-01420,438.25,pos,Kano,Kumbotso,eff694d3bbf74ab9,2025-01-16 03:24:00,3,3,True
4aeadc15-1a11-435f-9ad1-d4b2b1326550,CUS-01118,348.91,pos,Kano,Tarauni,9906c287df3d4b3d,2025-01-16 03:41:00,3,3,True
f8005121-7c7d-449a-a4f8-d0f4dbdb3345,CUS-01420,226.95,mobile_money,Kano,Kumbotso,eff694d3bbf74ab9,2025-01-16 03:42:00,3,3,True
13224efb-c04e-4c79-83b2-e36a723a5aae,CUS-01420,398.25,pos,Kano,Fagge,eff694d3bbf74ab9,2025-01-16 03:47:00,3,3,True
e5392283-bdf2-4f87-8ca7-6a9637156a97,CUS-01812,935659.53,bank_transfer,Kano,Nassarawa,3673738ad941e114,2025-01-16 04:10:00,4,3,True
199fb5e0-9366-4eb7-bcfc-7585d1173979,CUS-01800,4669.91,mobile_money,Cross River,Cross River-Central,495085d7be707495,2025-01-16 04:22:36,4,3,False
6ef19241-b210-4dd9-aa47-075de018638c,CUS-00738,22724.96,ussd,Rivers,Port-Harcourt,130806cccf311571,2025-01-16 04:40:41,4,3,False
6e53d02d-cfb6-4b8c-a653-115b027db702,CUS-00883,117.44,bank_transfer,Lagos,Ikeja,dfb09978915770b7,2025-01-16 05:07:00,5,3,False
85113f4a-62a6-4a25-9bbe-ec2097dceb7e,CUS-00516,3150.76,pos,Rivers,Obio-Akpor,a9e4532a82bbee62,2025-01-16 05:56:47,5,3,False
50414d96-68d1-44c8-aa23-2346c7b148a1,CUS-00200,76.8,pos,Delta,Oshimili South,e5089c203eaf3bcc,2025-01-16 06:05:00,6,3,True
2ef17d7f-b8c4-4f14-ab74-e21dff787746,CUS-00410,97970.02,mobile_money,Kano,Nassarawa,9f4f4dd35dc18f7d,2025-01-16 06:13:02,6,3,False
08bd1efb-3aa2-48de-8f82-ccac09c85a8b,CUS-01398,880553.74,pos,Enugu,Enugu North,38bb26e921581818,2025-01-16 06:41:25,6,3,False
798168da-41bf-4d91-8170-e82c653316f2,CUS-00636,39197.63,card,Oyo,Oyo East,0e03d5f724baf012,2025-01-16 07:05:32,7,3,False
951319a7-d71f-4bd4-86e2-b3aaafef00b9,CUS-00176,3681.18,mobile_money,Anambra,Nnewi North,99959f39f4739903,2025-01-16 07:37:00,7,3,True
78319cb3-70bd-4a8f-a0b1-0da7fb22175a,CUS-00200,64079.29,bank_transfer,Delta,Uvwie,e5089c203eaf3bcc,2025-01-16 07:41:00,7,3,True
53e63356-00ee-4071-9cc7-443e6ad171c0,CUS-00714,1869.11,pos,Kano,Gwale,223a8e3d7a6f6005,2025-01-16 09:10:05,9,3,False
657217b3-6349-43cf-9e48-26c7b4fd4491,CUS-00550,3691.74,pos,Abuja FCT,Municipal,2a98951d2a24f072,2025-01-16 09:24:38,9,3,False
8caf9aff-8e67-4606-b721-443afe852bf1,CUS-00200,2144.65,pos,Delta,Uvwie,e5089c203eaf3bcc,2025-01-16 09:36:00,9,3,True
8fde9430-b83c-420e-b9f8-021b702dc8d5,CUS-01730,15978.47,pos,Kano,Tarauni,ccdd451e2764643f,2025-01-16 09:48:27,9,3,False
e04d4469-28e3-4a68-b40d-ad98cde6090a,CUS-01406,87540.27,ussd,Borno,Borno-Central,b14f58c7a95ce377,2025-01-16 10:03:12,10,3,False
57dc5eff-5261-48b6-945a-e33eb30ebff7,CUS-01501,2842.61,mobile_money,Abuja FCT,Gwagwalada,124a718d146d7993,2025-01-16 10:13:31,10,3,False
db2f58d3-8390-4a27-9c53-693ec88e3ca8,CUS-00366,4383.8,mobile_money,Cross River,Cross River-Central,59e78c8c78566e9a,2025-01-16 10:15:28,10,3,False
54b0dfe3-1784-4fe4-8c60-5cecfa07101d,CUS-00835,28007.43,ussd,Rivers,Port-Harcourt,95de52b480063a6d,2025-01-16 10:22:52,10,3,False
27875e2a-ee97-4ef1-b7fa-a28586bde6db,CUS-01093,99958.26,mobile_money,Abuja FCT,Kuje,3c0564b23a094400,2025-01-16 10:44:25,10,3,False
991bc93e-073c-4301-b4f0-2318d086b972,CUS-00666,173.27,pos,Lagos,Lagos Mainland,f78ca29f187b0030,2025-01-16 11:05:28,11,3,False
9f0daf6e-5d7f-4624-92d7-c53d3cb11aec,CUS-00959,160.24,mobile_money,Osun,Osun-Central,4636c0b345f47cd9,2025-01-16 11:12:45,11,3,False
3ecb2947-fb12-4a16-b242-c72c65c55c40,CUS-01728,33569.41,pos,Benue,Benue-Central,dfb22605a0322a4b,2025-01-16 11:14:58,11,3,False
117ba157-8438-47d9-a7bc-1ba608162be2,CUS-00805,2924.48,card,Osun,Osun-Central,1bd77958d113fdcf,2025-01-16 11:16:08,11,3,False
4bed4a9a-6ca2-4f70-b7db-6d265aadb025,CUS-01332,86434.03,mobile_money,Lagos,Alimosho,4ca97245da0a0e27,2025-01-16 11:22:09,11,3,False
13f177b2-66b7-4f73-a933-169eeb15138b,CUS-01812,4070.8,pos,Kano,Nassarawa,3673738ad941e114,2025-01-16 11:25:43,11,3,False
4210c24c-2865-4bf0-b98c-07fde004d7c6,CUS-00690,2310.33,mobile_money,Kano,Nassarawa,9b160c32acee1e9d,2025-01-16 11:33:24,11,3,False
f2b3d9a6-8c97-485b-b5d4-1f34d05831e4,CUS-01565,86273.76,bank_transfer,Rivers,Oyigbo,0246d732e3d4e8a6,2025-01-16 11:37:57,11,3,False
41dc86b9-27bc-4dad-b45f-8ab7e93ac79a,CUS-00514,1414.64,bank_transfer,Lagos,Lagos Mainland,f596f20231d78a05,2025-01-16 11:39:45,11,3,False
c7549659-9fc2-47e9-b0a9-ee73aad0fd9c,CUS-01363,75511.07,pos,Enugu,Enugu North,6e6997728cb47e26,2025-01-16 11:41:53,11,3,False
75b089ba-c02a-4ce2-9eb7-6cc8ec26cb7f,CUS-00148,49870.56,card,Lagos,Mushin,60928649e7eb9481,2025-01-16 11:42:55,11,3,False
edab2447-5a22-43cd-9eca-7c83eb35310d,CUS-00675,852.89,pos,Ekiti,Ekiti-Central,ee2d9866f851f434,2025-01-16 11:49:02,11,3,False
6b437940-f89a-4285-8e2e-12f977aef0bc,CUS-00581,698126.69,ussd,Ekiti,Ekiti-Central,776ab7b687026c79,2025-01-16 11:53:33,11,3,False
2b3c4bfb-a810-4069-b0b2-13d26be96b2a,CUS-00669,70320.33,pos,Kano,Nassarawa,cf50a74af254f97e,2025-01-16 11:54:14,11,3,False
31892d78-cbe4-4c6e-ab5f-e02e3bb2c410,CUS-00332,771.65,bank_transfer,Lagos,Oshodi-Isolo,3fe7ddf458a60195,2025-01-16 11:55:15,11,3,False
a8914f42-9bf6-42d3-b5eb-1bb094686ee6,CUS-00576,2044.19,card,Lagos,Lagos Mainland,889483354ede0f98,2025-01-16 11:55:47,11,3,False
604483db-3965-49dc-b13f-b9db5d0f14ea,CUS-00702,942961.33,pos,Kano,Kumbotso,877c724724ceedbd,2025-01-16 12:19:02,12,3,False
dd086f60-c3bf-4bdd-b857-56e68dbee84c,CUS-00200,4387.68,bank_transfer,Delta,Uvwie,e5089c203eaf3bcc,2025-01-16 12:21:00,12,3,True
d1614c77-4f78-4ea2-8725-ca8d9c1ebbe0,CUS-00599,79513.0,pos,Lagos,Lagos Mainland,c886c35c1c884c22,2025-01-16 12:24:15,12,3,False
a802db63-4e44-4d76-8bbb-b9e953bcf92e,CUS-01344,71744.77,bank_transfer,Osun,Osun-Central,3b2ab3c41753e83d,2025-01-16 12:25:01,12,3,False
de23b762-731e-4bda-844d-24d02d478378,CUS-00079,230.37,mobile_money,Lagos,Eti-Osa,547904e86a6fecb8,2025-01-16 12:29:52,12,3,False
aa6bf048-7fed-4ae1-a365-ca7a9036573b,CUS-01630,23418.26,mobile_money,Kwara,Kwara-Central,e72c068b89d1c7b1,2025-01-16 12:30:40,12,3,False
af906883-5e91-4adc-83f9-4efa0b168282,CUS-01231,60006.95,bank_transfer,Lagos,Alimosho,4376a1c51d5caa1b,2025-01-16 12:30:43,12,3,False
8857b217-1dd6-47b1-b0a3-3d2f42362646,CUS-00236,24570.54,ussd,Kano,Tarauni,a5603aec39b63960,2025-01-16 12:39:15,12,3,False
64d87ac1-88e2-4d02-91d0-c2a301372851,CUS-00397,2968.45,pos,Rivers,Obio-Akpor,226e1605023f9821,2025-01-16 12:49:03,12,3,False
08b2b6de-ac93-4795-971d-ea4204096bd2,CUS-00770,649.44,pos,Lagos,Eti-Osa,07ebcbdbcca5ed04,2025-01-16 12:57:44,12,3,False
26e5c37e-0e7d-4d88-bd17-bc9c01362ea6,CUS-00200,692.1,ussd,Delta,Oshimili South,e5089c203eaf3bcc,2025-01-16 13:03:00,13,3,True
405e59d7-92cb-49e5-898a-45674a930a8a,CUS-01578,409.16,mobile_money,Kaduna,Kaduna North,091d21964b4929f7,2025-01-16 13:08:17,13,3,False
8798a274-f7cf-453f-bab5-6c39924b49da,CUS-00484,469718.58,bank_transfer,Oyo,Oyo East,1cec9d526e5aeb91,2025-01-16 13:10:25,13,3,False
1fb5c694-c39e-47a1-b2e1-39f3d5f49f7d,CUS-00350,74.32,bank_transfer,Abuja FCT,Kuje,b27e4fcd31057a4f,2025-01-16 13:13:38,13,3,False
df5022cb-493e-4721-8d03-58d9332d3c81,CUS-01396,104.51,mobile_money,Rivers,Oyigbo,98610eeb8849a59b,2025-01-16 13:15:43,13,3,False
b02721af-238b-4dd6-b921-11f716685c27,CUS-01361,1299.24,pos,Lagos,Lagos Mainland,e0a5181f4315f4ad,2025-01-16 13:16:50,13,3,False
b8dcf7b4-69b1-4366-b98e-8fab65289e2d,CUS-00200,53493.28,mobile_money,Delta,Uvwie,e5089c203eaf3bcc,2025-01-16 13:39:00,13,3,True
0292d1d6-548c-4b33-a16b-9867f8f090ed,CUS-01072,350397.79,bank_transfer,Lagos,Kosofe,5e8f9450d294cb82,2025-01-16 13:39:00,13,3,True
95f24b2c-132f-4c58-a31e-b6303aae1005,CUS-00200,30531.08,pos,Delta,Warri South,e5089c203eaf3bcc,2025-01-16 13:45:00,13,3,True
123f1db0-abf0-4eb8-9bd9-b9d9b2b433de,CUS-01286,71955.98,pos,Lagos,Eti-Osa,82739cbcbd1403a5,2025-01-16 13:45:00,13,3,False
85f00bdb-5b38-47ed-8cd2-a493141ba00a,CUS-00200,4628.78,pos,Delta,Uvwie,e5089c203eaf3bcc,2025-01-16 13:55:00,13,3,True
cbf04734-2d75-45e5-94b8-30ad6055d866,CUS-01005,4218.78,mobile_money,Delta,Warri South,dbe7ce2edc6a7b4d,2025-01-16 13:56:49,13,3,False
2b2cdefc-f62e-4c51-9652-f96065df4940,CUS-00918,23669.12,bank_transfer,Kwara,Kwara-Central,402f6978085be2fa,2025-01-16 13:57:20,13,3,False
0e1e73fb-634e-4ab6-83e4-93437f65d7bb,CUS-00973,598.07,ussd,Lagos,Lagos Mainland,f3b608753ed3e55b,2025-01-16 14:00:00,14,3,True
2e7cf9e5-e07d-448d-b3a1-c5f527e63eda,CUS-01082,582919.32,pos,Rivers,Port-Harcourt,ba4abb559ef4a036,2025-01-16 14:18:47,14,3,False
ae37ec7b-5407-4c24-9cdd-3924b8fe13d8,CUS-01309,96112.11,bank_transfer,Benue,Benue-Central,3f2e55ad5d711bdb,2025-01-16 14:21:37,14,3,False
9df8627a-e04c-4415-8235-18d1ac7c055f,CUS-00973,3506.31,mobile_money,Yobe,Yobe-Central,f3b608753ed3e55b,2025-01-16 14:24:00,14,3,True
14b82577-ac67-40ec-a991-92a699bdc35a,CUS-01678,1912.17,mobile_money,Lagos,Agege,028151f168167801,2025-01-16 14:41:16,14,3,False
8fa6be48-4b64-485e-ac1b-87c7fb38751b,CUS-01094,96826.74,pos,Lagos,Mushin,85d7d4bf2b272403,2025-01-16 14:41:38,14,3,False
6eba789c-ae55-4f4a-8b20-370d54783f91,CUS-00359,1602.05,pos,Oyo,Ibadan South-West,c013c0a17c1c88db,2025-01-16 14:42:36,14,3,False
a1a2899a-a26b-4cfd-ab7f-dd47f7b5c4ae,CUS-01056,17948.66,bank_transfer,Kwara,Kwara-Central,396525eee1cf71ee,2025-01-16 14:45:49,14,3,False
324593ec-3a30-4625-88df-1d6146a13504,CUS-01262,874.11,bank_transfer,Kano,Kumbotso,1ab742983a1d648b,2025-01-16 14:48:41,14,3,False
7652915f-5587-4b5e-9fe3-09aca2f3b720,CUS-01064,68427.08,bank_transfer,Rivers,Port-Harcourt,b9189ef7da9ec2d9,2025-01-16 14:57:21,14,3,False
20015f64-2ee7-4adb-a4fa-6c421ca27edb,CUS-01254,79.15,pos,Anambra,Onitsha North,e253a6ae5eaa7b46,2025-01-16 15:01:34,15,3,False
3c1b2af4-bb40-4c5a-b2b5-67e0ed6bd471,CUS-00579,424.36,bank_transfer,Kano,Nassarawa,f9d75d8c8fad4688,2025-01-16 15:23:59,15,3,False
dab1a22a-21a8-4355-b506-cbed2f8cd642,CUS-01740,305.18,ussd,Plateau,Plateau-Central,396e7932f52475ca,2025-01-16 15:28:19,15,3,False
d0777a2a-df0a-4d1a-85ba-9b36a045454e,CUS-01859,2389.06,mobile_money,Ondo,Ondo-Central,69ff6246dfa76a1c,2025-01-16 15:28:46,15,3,False
32bf8522-6c53-4478-bd2f-a666afb15d1b,CUS-00680,507337.92,pos,Plateau,Plateau-Central,eed8abc82abd7d4d,2025-01-16 15:32:47,15,3,False
caf5647e-1e74-46cd-bf55-333388b98105,CUS-01031,295.86,bank_transfer,Kaduna,Kaduna North,b843bc845143730b,2025-01-16 15:33:29,15,3,False
4e05d15a-fc2f-4ee8-968a-eda1cd421c38,CUS-01250,40409.49,bank_transfer,Imo,Imo-Central,0731972790fd691c,2025-01-16 15:44:40,15,3,False
6642500a-64cc-46d4-b50d-ac2c6ece0e6b,CUS-01549,13203.41,bank_transfer,Enugu,Enugu North,51f26c68350dec47,2025-01-16 15:45:33,15,3,False
51c07824-cc9f-49ce-9fe1-48655be689f4,CUS-00307,4303.8,bank_transfer,Kano,Fagge,6d0a82c927ff5ec6,2025-01-16 15:46:21,15,3,False
c5c51e3f-eab3-4046-bea7-24bcc98af315,CUS-00393,3331.52,pos,Abia,Abia-Central,6d5850dcdc1d378b,2025-01-16 15:48:15,15,3,False
dc61c28f-dfde-4ea8-a744-9546797ee13a,CUS-00176,633598.29,mobile_money,Anambra,Awka South,99959f39f4739903,2025-01-16 16:00:00,16,3,True
88041d72-2737-4582-b448-09212135fbe8,CUS-00569,88.85,pos,Kano,Fagge,8a3912d9c4370463,2025-01-16 16:01:00,16,3,True
a17959e8-d9f9-4f46-932e-ef395ad7e89b,CUS-00027,3009.85,card,Abuja FCT,Gwagwalada,8234c83e56e9f1ff,2025-01-16 16:01:09,16,3,False
e76b4dfe-9eb0-4afd-b5ae-425f0690f0eb,CUS-00208,3944.73,pos,Lagos,Lagos Mainland,08eee00617f1ad2c,2025-01-16 16:06:52,16,3,False
e4e57f0f-61a4-4d13-9741-5212032e1005,CUS-00176,115.39,pos,Anambra,Nnewi North,99959f39f4739903,2025-01-16 16:11:00,16,3,True
f4514221-0575-4c7d-8351-3ea3eeaa5034,CUS-00311,2808.34,bank_transfer,Lagos,Lagos Mainland,7642663954311669,2025-01-16 16:19:42,16,3,False
fa87a90d-9d2c-472c-ab6b-e379f95edc69,CUS-00193,2216.64,bank_transfer,Enugu,Enugu North,d152fd56ffcd3512,2025-01-16 16:21:47,16,3,False
b0cabefb-5237-47a1-a1a0-7ab3148de047,CUS-00200,353.69,bank_transfer,Delta,Warri South,e5089c203eaf3bcc,2025-01-16 16:22:00,16,3,True
796f780b-9a0d-4358-8e99-b3259faa3329,CUS-00184,919244.59,mobile_money,Kano,Kumbotso,2612a20c83785e17,2025-01-16 16:22:16,16,3,False
83671247-8631-4a7e-965f-6ecb753763df,CUS-00569,288.03,pos,Kano,Gwale,8a3912d9c4370463,2025-01-16 16:23:00,16,3,True
300f2bf1-fc80-4f88-94d4-a145990c5988,CUS-00594,33520.03,mobile_money,Nassarawa,Nassarawa-Central,62169e9b81a796c6,2025-01-16 16:23:04,16,3,False
93f2963a-c92c-4243-b3f3-4a581c7c09ff,CUS-00569,398.95,ussd,Kano,Gwale,8a3912d9c4370463,2025-01-16 16:27:00,16,3,True
d042f3df-858d-4afc-9881-ca932c330b9f,CUS-01782,410982.18,pos,Abuja FCT,Bwari,5a12a23810b5b458,2025-01-16 16:28:51,16,3,False
7b89600c-bb84-4830-ae5d-47d451a8f604,CUS-00569,326.11,pos,Kano,Kumbotso,8a3912d9c4370463,2025-01-16 16:29:00,16,3,True
03321681-26b8-4451-b1ba-a47f1e575041,CUS-00176,440.25,ussd,Anambra,Nnewi North,99959f39f4739903,2025-01-16 16:45:00,16,3,True
84360b05-92af-446d-8284-c8e9c10ed4f5,CUS-00569,242.5,ussd,Kano,Nassarawa,8a3912d9c4370463,2025-01-16 16:53:00,16,3,True
52f5096d-d39f-4ac6-96d1-187b2489548e,CUS-00176,168.15,pos,Anambra,Awka South,99959f39f4739903,2025-01-16 17:00:00,17,3,True
7a8c44a9-4f7b-449f-9d07-ce4b0c33e66f,CUS-01127,4226.56,pos,Rivers,Oyigbo,82121e9423b06b7e,2025-01-16 17:00:16,17,3,False
8e496fd0-9186-4d7b-b1df-b219ad9f574c,CUS-00461,2988.16,ussd,Delta,Warri South,981e3f54a7831fcb,2025-01-16 17:00:41,17,3,False
041dfcc6-d4ef-48ce-b0fe-7a14e3b63e9d,CUS-00745,4445.02,mobile_money,Nassarawa,Nassarawa-Central,29e2cbcd28a19312,2025-01-16 17:13:33,17,3,False
55c5e293-4641-4338-a7d7-4f716650e2a6,CUS-00762,484.22,bank_transfer,Lagos,Ikorodu,209d1ceb642d37e1,2025-01-16 17:17:38,17,3,False
29ccfd7d-e325-4bfa-a77e-32023ab07dd9,CUS-01283,52084.85,mobile_money,Lagos,Alimosho,c5bbd7ccda625b32,2025-01-16 17:18:05,17,3,False
2c092b71-c667-49eb-bcaa-58506900d6de,CUS-00894,98621.18,pos,Anambra,Nnewi North,4d7414a6f0f8e763,2025-01-16 17:18:25,17,3,False
5f42614c-ee8d-4dc4-b601-aff3deaaa3cb,CUS-00765,7339.46,card,Oyo,Ogbomoso,6d0444c4589009d0,2025-01-16 17:30:37,17,3,False
ef23c073-b316-45bc-bc5d-9734014acb16,CUS-01028,1353.29,pos,Kano,Gwale,daa3a38fbf2b4243,2025-01-16 17:43:25,17,3,False
cef65f8e-aa24-40dc-8a7b-4f0b59fc7ffb,CUS-00200,19373.55,bank_transfer,Delta,Oshimili South,e5089c203eaf3bcc,2025-01-16 18:01:00,18,3,True
d1d99474-a869-4702-a03d-68e0b6ea9def,CUS-01687,46642.53,pos,Abuja FCT,Kuje,2d4e952d7649836c,2025-01-16 18:05:19,18,3,False
446cbfe9-781a-46a2-b106-3615f88cc840,CUS-01629,97631.55,bank_transfer,Abuja FCT,Gwagwalada,8db26fd363572d4d,2025-01-16 18:07:13,18,3,False
13111a65-e8d1-42ab-bd1a-bc5b3e612dd9,CUS-01867,92037.78,pos,Lagos,Lagos Mainland,6ac201ad911de038,2025-01-16 18:09:12,18,3,False
4da65bd4-8967-468a-91f1-1b86eeed5626,CUS-00728,86371.42,pos,Lagos,Alimosho,10616442c654b4ec,2025-01-16 18:10:46,18,3,False
eb8da54b-eb6c-44e6-9477-927cc6be4666,CUS-00227,52463.75,bank_transfer,Rivers,Obio-Akpor,5520f23bfce438f4,2025-01-16 18:16:45,18,3,False
70d18a31-c081-451b-be68-a0c784f02eb3,CUS-00176,310.83,pos,Anambra,Nnewi North,99959f39f4739903,2025-01-16 18:24:00,18,3,True
95945aae-845a-4b46-9721-cd7dc6e67c63,CUS-00600,338467.72,bank_transfer,Lagos,Mushin,ca8783ddf7b9c102,2025-01-16 18:28:20,18,3,False
425f7cb6-6914-4821-a519-ee1b2493682f,CUS-01059,7451.28,card,Enugu,Enugu East,e4c835e0fcbbd94b,2025-01-16 18:30:17,18,3,False
02c0e564-328a-4f7b-acb5-23df8d2c4167,CUS-00960,66192.01,pos,Lagos,Lagos Mainland,49ef09fbe609636a,2025-01-16 18:33:28,18,3,False
e713e0a6-af80-4b9f-b5b3-603155060e31,CUS-01036,323.88,bank_transfer,Kano,Fagge,2600188299f78a75,2025-01-16 18:38:35,18,3,False
da8598b2-5744-4de2-bed1-0ff4ebce3c94,CUS-00330,893152.02,pos,Kano,Fagge,701bdd6ba5598fdf,2025-01-16 18:38:43,18,3,False
587727e3-25f3-4ed5-9234-ae006f99735a,CUS-01032,212.03,mobile_money,Lagos,Oshodi-Isolo,3465e7c29e8ade80,2025-01-16 18:45:28,18,3,False
c496fe0d-3920-4bac-9083-59265250ad94,CUS-01015,1385.51,pos,Adamawa,Adamawa-Central,19492d475c97a771,2025-01-16 18:55:14,18,3,False
6c4fb203-2e7d-4cd2-a12b-4c961af0349e,CUS-00141,269.17,bank_transfer,Lagos,Ikorodu,41494816afbde82e,2025-01-16 19:00:09,19,3,False
23a92a03-33a5-4f92-b163-b1897f02d401,CUS-00758,2843.1,mobile_money,Nassarawa,Nassarawa-Central,939287cb470a4cbe,2025-01-16 19:08:34,19,3,False
dd66c209-2233-47be-9cd2-6a37ac8346fb,CUS-00176,257.45,bank_transfer,Anambra,Onitsha North,99959f39f4739903,2025-01-16 19:27:00,19,3,True
3d6005f8-13e5-42f4-b8d7-badbeb9c99de,CUS-01279,1575.29,mobile_money,Abuja FCT,Municipal,b56cc1990c02d164,2025-01-16 19:34:58,19,3,False
2d10515a-5adf-4a6d-bfdb-5d963d35032f,CUS-00987,98.67,bank_transfer,Rivers,Obio-Akpor,01e7a632232003ba,2025-01-16 19:39:40,19,3,False
66004a6f-e66f-45ad-b917-071dec0733dd,CUS-01031,10926.14,bank_transfer,Kaduna,Zaria,b843bc845143730b,2025-01-16 19:46:31,19,3,False
e14c8edc-61e1-4449-8462-d955c20ac10c,CUS-00821,20281.65,pos,Lagos,Eti-Osa,28ef841e7a9516fb,2025-01-16 19:50:52,19,3,False
8fd31903-a4db-475f-a388-c15541c87ad8,CUS-00851,35808.24,pos,Osun,Osun-Central,a241b39179d8b34d,2025-01-16 20:03:09,20,3,False
abba1aef-f9fb-4c67-8d5b-2b44b44dfe97,CUS-00377,3088.76,mobile_money,Lagos,Alimosho,404fae11bb5912f0,2025-01-16 20:10:02,20,3,False
d3e6b146-2f95-4cbc-a1b2-d56ea4cf32a9,CUS-00744,64875.94,bank_transfer,Lagos,Oshodi-Isolo,3cefb1dc104151c1,2025-01-16 20:11:50,20,3,False
1695ecd7-7ced-4a83-a1f6-d7ebd6455d13,CUS-00359,204.83,pos,Oyo,Ibadan North,c013c0a17c1c88db,2025-01-16 20:14:45,20,3,False
abaa897c-9e4d-4504-a7fa-986d9ef462fb,CUS-00200,318.23,pos,Delta,Oshimili South,e5089c203eaf3bcc,2025-01-16 20:18:00,20,3,True
32fbc40e-94ab-4c3a-9ab4-9159bf629abd,CUS-01135,43948.23,bank_transfer,Lagos,Mushin,ddc7283b773c8f9b,2025-01-16 20:23:33,20,3,False
fc4f674d-b283-46f5-ad09-1f4c796bc72f,CUS-00225,97439.57,mobile_money,Lagos,Eti-Osa,0745bb953102d53d,2025-01-16 20:28:32,20,3,False
00a3a994-cb9b-45d0-b364-e4707cbfb048,CUS-00176,22216.48,pos,Anambra,Nnewi North,99959f39f4739903,2025-01-16 20:41:00,20,3,True
d9657a87-ab83-41e8-bd53-f4e1286127a8,CUS-01394,321.02,ussd,Kano,Fagge,149d65e93e9aad8b,2025-01-16 20:43:16,20,3,False
5bcb0b0d-7cf2-4ac6-84f3-07a6a493ce04,CUS-00545,82168.13,pos,Kano,Fagge,816780c3a970fd43,2025-01-16 20:46:49,20,3,False
83e08bee-8635-426c-b1e9-1e11515f4f18,CUS-00176,2438.41,pos,Anambra,Awka South,99959f39f4739903,2025-01-16 20:50:00,20,3,True
b2f5d911-fd1e-4f3e-bb4c-1d32240b443b,CUS-00373,2113.99,pos,Anambra,Nnewi North,e49e584a125d0350,2025-01-16 20:58:22,20,3,False
fc6ab3f5-4a02-46f2-88ad-32ff7227358b,CUS-01656,311.35,pos,Oyo,Ogbomoso,860e2d70efd1fbab,2025-01-16 21:03:38,21,3,False
dbe97797-3644-403a-94c5-a7b4014af574,CUS-01094,1536.89,pos,Lagos,Ikeja,85d7d4bf2b272403,2025-01-16 21:05:36,21,3,False
245ec214-39f9-4a8a-890b-b786a28dc9fe,CUS-00200,4495.1,pos,Delta,Warri South,e5089c203eaf3bcc,2025-01-16 21:18:00,21,3,True
d167b8f7-dbcd-4cb3-91cb-7748118dd870,CUS-00799,26106.45,pos,Adamawa,Adamawa-Central,9770e4eba99b57b6,2025-01-16 21:19:35,21,3,False
3cffe046-1d80-4a1d-a6bc-09618b320a5a,CUS-01073,387.72,pos,Lagos,Lagos Mainland,0039a2ddd25b4ccb,2025-01-16 21:25:34,21,3,False
100aa823-b525-4809-9d5d-df3ed1f1746c,CUS-01557,3080.62,bank_transfer,Rivers,Eleme,581d8d836fa71304,2025-01-16 21:28:13,21,3,False
5e197b4c-4c91-4d5a-aaa3-6f6267661bb4,CUS-00176,33742.79,pos,Anambra,Nnewi North,99959f39f4739903,2025-01-16 21:30:00,21,3,True
6077ed0d-d9d7-44af-a834-cade8074121f,CUS-00155,593.03,pos,Lagos,Agege,aa41351d7606065f,2025-01-16 21:30:06,21,3,False
acd6335b-5e09-4e13-a4bd-f534e0b34e01,CUS-01735,385.46,pos,Niger,Niger-Central,135744da84d71688,2025-01-16 21:30:18,21,3,False
25253b7b-601c-4124-8dda-ed26fe9f6e86,CUS-01059,52996.33,card,Enugu,Enugu East,e4c835e0fcbbd94b,2025-01-16 21:30:50,21,3,False
1286e96f-5f96-4802-b69d-e7b64769c6b7,CUS-00985,846931.76,card,Abuja FCT,Municipal,1d6ac9ff027e6d97,2025-01-16 21:31:47,21,3,False
daf85807-e164-4560-89fc-fe94ab1b7f6b,CUS-01266,90411.14,bank_transfer,Rivers,Port-Harcourt,e6c1adc6a4af372b,2025-01-16 21:33:40,21,3,False
e5d5366f-7ad1-4867-8912-300d82b31003,CUS-01084,4596.68,mobile_money,Jigawa,Jigawa-Central,45900ef4a6edba31,2025-01-16 21:49:19,21,3,False
93249117-b262-47b9-9cc1-960659b3c723,CUS-00849,1872.82,pos,Kaduna,Zaria,c5fb9680abdaabbf,2025-01-16 21:59:15,21,3,False
bbb14021-e00e-4593-81c4-1c9ef006dd0c,CUS-00176,58.26,pos,Anambra,Onitsha North,99959f39f4739903,2025-01-16 22:11:00,22,3,True
2958948b-7bbd-49a4-b8c9-27c5419e1f63,CUS-01766,381.24,bank_transfer,Osun,Osun-Central,95b4edf9a9a1eb6f,2025-01-16 22:11:26,22,3,False
c2149a27-61ba-43f2-bbd5-d125dd9e8c7b,CUS-00200,37373.62,mobile_money,Delta,Uvwie,e5089c203eaf3bcc,2025-01-16 22:49:00,22,3,True
34059f2d-9f63-49c7-af64-c8c7b167812d,CUS-01468,437.38,pos,Zamfara,Zamfara-Central,3267f29956f279f7,2025-01-17 02:05:42,2,4,False
2189ca3b-8403-45e3-8464-f726204ed40c,CUS-00109,54.38,card,Lagos,Lagos Mainland,1fe85427128d6d69,2025-01-17 02:15:51,2,4,False
5fa512c6-8ae6-45be-a3f8-87bec951c16d,CUS-01705,146749.38,ussd,Lagos,Ikeja,7bb389bdf6256bbf,2025-01-17 03:22:22,3,4,False
2aa43e5c-3792-449a-bf90-8a84fc4bf91f,CUS-00063,78542.39,bank_transfer,Kano,Dala,a36558e5a3b91b6e,2025-01-17 03:34:14,3,4,False
7653eff2-c599-4f12-993b-4340f96b5ead,CUS-00488,71254.76,card,Katsina,Katsina-Central,0aba61cb80b9bf3d,2025-01-17 04:07:52,4,4,False
670056cd-9c0d-411a-b2b1-3b3cd8c8e043,CUS-00100,1647.46,mobile_money,Lagos,Ikorodu,bcf49328f37bdf89,2025-01-17 04:20:01,4,4,False
0cb822f5-f1f9-4987-ad02-2b44cb1f3a84,CUS-01971,2227.47,bank_transfer,Bauchi,Bauchi-Central,f55c7da2f7e80843,2025-01-17 05:20:32,5,4,False
c7b6b2a0-8fab-49ce-9314-aae09e211737,CUS-01842,530170.69,ussd,Rivers,Port-Harcourt,c34f3404d55f887a,2025-01-17 06:03:00,6,4,True
93756313-5ae3-456b-871e-7c68b0a23ffb,CUS-01763,413.86,pos,Abuja FCT,Municipal,f9ab794edc0181f0,2025-01-17 06:08:15,6,4,False
caddb74d-80be-43fc-8a58-c1084c4b9978,CUS-01662,792.52,bank_transfer,Adamawa,Adamawa-Central,5fb1527086435d69,2025-01-17 06:28:00,6,4,True
d2339c0c-0a51-43d7-a8aa-6aea893375ea,CUS-00427,77198.55,card,Niger,Niger-Central,cc5fd57c9ca71698,2025-01-17 06:31:03,6,4,False
305529ad-cb1f-4666-aa79-a9a71097fa21,CUS-01948,1314.18,pos,Kano,Dala,1441d70925770ee5,2025-01-17 06:35:00,6,4,True
fcd58829-06db-4462-987a-26681ead0181,CUS-01662,464.14,mobile_money,Adamawa,Adamawa-Central,5fb1527086435d69,2025-01-17 06:42:00,6,4,True
37259eea-db4b-4368-8315-988ef5095163,CUS-01662,1923.4,pos,Adamawa,Adamawa-Central,5fb1527086435d69,2025-01-17 06:48:00,6,4,True
d61be16a-6d44-4da9-964a-a91e44c54314,CUS-00197,86.3,ussd,Nassarawa,Nassarawa-Central,5a1a0842daf75e05,2025-01-17 07:57:51,7,4,False
135ddd77-8409-4b9e-9eaf-931c61ff293f,CUS-01842,3263.62,bank_transfer,Rivers,Obio-Akpor,c34f3404d55f887a,2025-01-17 08:24:00,8,4,True
e82f2fd1-4399-488f-923a-0d069fe26acf,CUS-01660,4771.27,pos,Kaduna,Kaduna South,47d98a681f2232b5,2025-01-17 08:27:52,8,4,False
e9316f31-5eda-49c8-9fa7-55661b163588,CUS-01948,54406.04,pos,Kano,Nassarawa,1441d70925770ee5,2025-01-17 08:45:00,8,4,True
f1bd5cd6-9101-4f2b-b591-2353a563081a,CUS-01101,111.49,pos,Akwa Ibom,Akwa Ibom-Central,5dbe810827f42c87,2025-01-17 09:01:00,9,4,True
0b9d2296-753a-4450-b5da-84fdd087980d,CUS-01046,466.72,bank_transfer,Lagos,Kosofe,c52f52dc913fa04c,2025-01-17 09:02:25,9,4,False
eda0e7d3-8731-494c-9025-cf92e403dd50,CUS-01169,2180.41,bank_transfer,Kano,Kumbotso,adb47e70e5622cfe,2025-01-17 09:03:30,9,4,False
696c356a-b9a9-413f-9f68-2aa37f14e908,CUS-01662,2372.37,bank_transfer,Adamawa,Adamawa-Central,5fb1527086435d69,2025-01-17 09:04:00,9,4,True
bb32ea2e-83de-4a2f-ac0b-edcf2153ac6d,CUS-00675,80.03,pos,Ekiti,Ekiti-Central,ee2d9866f851f434,2025-01-17 09:05:51,9,4,False
a36644f8-e205-427e-bbed-ff0987317e0f,CUS-00607,1144.84,pos,Rivers,Port-Harcourt,2d42db20f66c2301,2025-01-17 09:17:40,9,4,False
aa203e0b-64bc-4c78-9fbb-1a3d778dc78d,CUS-01101,272.88,mobile_money,Akwa Ibom,Akwa Ibom-Central,5dbe810827f42c87,2025-01-17 09:21:00,9,4,True
420e8e21-3a3a-40a3-8ca7-6be06fc67734,CUS-01662,303.17,pos,Adamawa,Adamawa-Central,5fb1527086435d69,2025-01-17 09:24:00,9,4,True
5b41b831-2ed5-4a39-a335-19b5b774ae84,CUS-01101,154.75,mobile_money,Akwa Ibom,Akwa Ibom-Central,5dbe810827f42c87,2025-01-17 09:34:00,9,4,True
404a5fdc-779f-465e-98d1-589f60e0130f,CUS-01101,425.51,mobile_money,Akwa Ibom,Akwa Ibom-Central,5dbe810827f42c87,2025-01-17 09:35:00,9,4,True
5e79bedb-bfa8-42a9-9487-7888d35f03f8,CUS-01101,369.45,mobile_money,Akwa Ibom,Akwa Ibom-Central,5dbe810827f42c87,2025-01-17 09:52:00,9,4,True
f5dbb673-a68c-4bec-8890-f8e390db2ae8,CUS-01827,4464.26,bank_transfer,Akwa Ibom,Akwa Ibom-Central,5b30437f9804c74d,2025-01-17 09:53:01,9,4,False
988ad09f-3ba7-4e73-9e34-84b8ace7dcd6,CUS-01353,4274.97,bank_transfer,Ondo,Ondo-Central,50b981c8ef346316,2025-01-17 10:04:08,10,4,False
29c3af4c-79d4-46c5-b2cc-c1a6b49d21cd,CUS-01948,2376.95,pos,Kano,Nassarawa,1441d70925770ee5,2025-01-17 10:05:00,10,4,True
b1ecac51-1bc1-4a16-ae2c-b28193b35183,CUS-00478,74.02,pos,Bayelsa,Bayelsa-Central,a01da1f680707d34,2025-01-17 10:10:32,10,4,False
f68ca7f6-557d-44a6-bafd-937a633ca53a,CUS-01666,154.84,pos,Lagos,Agege,e416fb8749bf1c1c,2025-01-17 10:13:53,10,4,False
f917d3ed-f1ab-41fa-8033-6e88ed330e2b,CUS-00751,10063.81,mobile_money,Gombe,Gombe-Central,e8ab3e2376d24773,2025-01-17 10:17:20,10,4,False
31e3bd7d-0e4a-48f4-bdf5-74798c62ed4b,CUS-01068,448.71,ussd,Kano,Tarauni,8d576c7efcc7de85,2025-01-17 10:19:58,10,4,False
905ebf7a-5a3e-489e-9cf1-43cf07c74f9b,CUS-00239,16479.84,bank_transfer,Lagos,Mushin,a18fc29097aafe72,2025-01-17 10:23:10,10,4,False
3fe7c771-12c6-4779-a365-7b6b59f14fbd,CUS-01689,402867.69,pos,Kwara,Kwara-Central,db07aa24ceea0121,2025-01-17 10:31:01,10,4,False
3c9b3e71-6ba9-4a6b-bfa1-6e58c2e4cdcb,CUS-01341,4394.21,bank_transfer,Abuja FCT,Kuje,0d563df55e953b63,2025-01-17 10:32:36,10,4,False
1c0b44b3-f0fa-4982-a7d1-b7e8ed522f70,CUS-01662,692924.02,pos,Adamawa,Adamawa-Central,5fb1527086435d69,2025-01-17 10:36:00,10,4,True
28fdb2f6-ddc4-416d-9f5d-da2e96c47a44,CUS-01842,45163.47,mobile_money,Rivers,Obio-Akpor,c34f3404d55f887a,2025-01-17 10:38:00,10,4,True
94892ce0-2368-4f07-a8c2-0b2f32278835,CUS-00717,87898.71,card,Akwa Ibom,Akwa Ibom-Central,173efbe7791a0ec5,2025-01-17 10:47:13,10,4,False
15c23712-afba-4cb7-9734-3750c339ef1c,CUS-00037,43684.44,pos,Lagos,Eti-Osa,72ae7fb6dfe605ed,2025-01-17 10:47:51,10,4,False
a22a3d30-c715-4f6a-997d-b244ed18dd20,CUS-01379,381.49,mobile_money,Kaduna,Zaria,ada99f38e0e8f830,2025-01-17 10:57:44,10,4,False
e99b4587-81b5-44c7-8b5a-8275b2ed1237,CUS-01401,55043.05,pos,Lagos,Alimosho,819745d3500a43cf,2025-01-17 10:59:54,10,4,False
8c077dfe-eefd-468d-a800-c0dce3c7c744,CUS-00284,283.28,pos,Oyo,Oyo East,2521b7e3eb4f932c,2025-01-17 11:03:39,11,4,False
927872f5-3c74-4e2a-834f-8ee01ff4e405,CUS-01802,113.47,mobile_money,Kano,Gwale,709f46eaff6a88ca,2025-01-17 11:08:39,11,4,False
3df12c06-7456-4186-bced-fd45f186f947,CUS-00268,324.89,pos,Rivers,Eleme,39eb4d2056be0d8b,2025-01-17 11:12:27,11,4,False
5cc4e876-3808-4a55-bfe2-06d6bb1f24a3,CUS-01948,3832.54,mobile_money,Kano,Dala,1441d70925770ee5,2025-01-17 11:15:00,11,4,True
618e3fd3-3081-4afd-931d-022480eddb41,CUS-00988,167.65,mobile_money,Lagos,Kosofe,5cbbf471995adf72,2025-01-17 11:16:01,11,4,False
edba69f4-bde2-4c79-8bd4-45ba8347971b,CUS-00972,470879.39,mobile_money,Ondo,Ondo-Central,b8958a1a3d1c964a,2025-01-17 11:24:49,11,4,False
03474117-d14d-4534-b23a-ef57eb49b81a,CUS-01662,430.46,bank_transfer,Adamawa,Adamawa-Central,5fb1527086435d69,2025-01-17 11:26:00,11,4,True
a45852aa-8bae-4735-b93e-60b2306d9eed,CUS-01948,128990.12,mobile_money,Kano,Fagge,1441d70925770ee5,2025-01-17 11:30:00,11,4,True
b4b4a9b3-0205-47cf-b1d5-4eff8d353e03,CUS-01948,86976.47,mobile_money,Kano,Tarauni,1441d70925770ee5,2025-01-17 12:03:00,12,4,True
0b116a45-ddd3-4591-83d9-e7d547c78fdd,CUS-01460,496.82,pos,Rivers,Eleme,b1d49046bd80c6c6,2025-01-17 12:03:52,12,4,False
f1242483-8bd1-4da9-abfe-59e5180a3c1c,CUS-01662,325.53,bank_transfer,Adamawa,Adamawa-Central,5fb1527086435d69,2025-01-17 12:07:00,12,4,True
ddd2a32b-c45a-451d-9e96-f32413295219,CUS-01073,356.27,pos,Lagos,Ikorodu,0039a2ddd25b4ccb,2025-01-17 12:07:39,12,4,False
298de85c-3a47-4bcc-8bb8-435eef6ecac1,CUS-01450,1885.68,bank_transfer,Abuja FCT,Gwagwalada,a67e56126bd88f86,2025-01-17 12:07:40,12,4,False
a9f09960-5f79-4e7e-8efc-15775d9029e3,CUS-01948,89562.95,mobile_money,Kano,Nassarawa,1441d70925770ee5,2025-01-17 12:09:00,12,4,True
ad54644d-fecf-47cc-9063-7cf071bb72e1,CUS-01635,4555.21,bank_transfer,Lagos,Oshodi-Isolo,4c2cbdd8ab6f3b4a,2025-01-17 12:09:52,12,4,False
f5ee0316-0a09-429c-a750-a6298179e42f,CUS-01712,102.42,mobile_money,Abia,Abia-Central,41745fe862a83d71,2025-01-17 12:12:53,12,4,False
16433ef4-5c2b-4baa-99c0-8b3a0964c5c0,CUS-01539,47860.58,pos,Oyo,Oyo East,bea45a284a1b1e7e,2025-01-17 12:13:21,12,4,False
75590c4f-bb97-4251-b391-06808575b777,CUS-01715,320550.75,pos,Ogun,Ogun-Central,542b8868a3076c1b,2025-01-17 12:14:32,12,4,False
7551bfa8-4c56-4e08-b4ca-6b7ad8221d72,CUS-01275,34767.75,mobile_money,Lagos,Alimosho,9b96ba82f57290ea,2025-01-17 12:17:39,12,4,False
b8294b2b-d282-405e-be38-cffe60bd4919,CUS-00591,170.23,mobile_money,Enugu,Enugu East,b0b6b7ab4a04ad56,2025-01-17 12:27:00,12,4,False
5231d6ea-063c-4e94-adee-fd7319f5f83d,CUS-01390,220.63,pos,Lagos,Mushin,756193f687c0cdba,2025-01-17 12:31:08,12,4,False
ba11424e-6244-4733-b5b2-ea18bb882c49,CUS-00905,4116.32,pos,Niger,Niger-Central,51a748861752a0c9,2025-01-17 12:36:19,12,4,False
144b5f81-39e6-439a-bbdb-fa9d9fab40c9,CUS-01662,90624.96,bank_transfer,Adamawa,Adamawa-Central,5fb1527086435d69,2025-01-17 12:44:00,12,4,True
c705703b-a39a-4094-a64b-9498fa4d0165,CUS-00116,52728.21,bank_transfer,Benue,Benue-Central,d7e0fd6901e8b851,2025-01-17 12:47:52,12,4,False
5f628ef4-2a63-4aed-b80c-8148d60509ca,CUS-00220,1374.82,mobile_money,Delta,Oshimili South,86abb464750be17b,2025-01-17 12:49:39,12,4,False
8b30a146-2fed-4cad-996f-b26e374e014a,CUS-01082,258143.72,pos,Rivers,Oyigbo,ba4abb559ef4a036,2025-01-17 12:54:44,12,4,False
bfc81df0-4101-4212-b8c7-fb24c69bc6f2,CUS-01662,368.54,bank_transfer,Adamawa,Adamawa-Central,5fb1527086435d69,2025-01-17 12:57:00,12,4,True
30845c92-b55f-49fd-ac49-b762645b5c5c,CUS-01948,28290.86,mobile_money,Kano,Kumbotso,1441d70925770ee5,2025-01-17 13:24:00,13,4,True
76b52aa2-c181-4340-ac42-3474b64a3864,CUS-01948,3207.82,ussd,Kano,Tarauni,1441d70925770ee5,2025-01-17 13:29:00,13,4,True
c7179c8f-1476-4c68-aae9-573e0f9dc2e2,CUS-01662,54304.45,pos,Adamawa,Adamawa-Central,5fb1527086435d69,2025-01-17 13:33:00,13,4,True
a0ad9c1a-009e-40d3-aec9-0a91cbf8b14e,CUS-01738,3549.71,mobile_money,Rivers,Obio-Akpor,a1b70eee008f9afd,2025-01-17 13:45:05,13,4,False
001a7be0-27b9-4a6c-94b2-2a3f9a24236a,CUS-01842,37725.45,pos,Rivers,Obio-Akpor,c34f3404d55f887a,2025-01-17 13:55:00,13,4,True
dfa58b3d-3d5c-455c-922d-754e0e5b4df9,CUS-00441,597.15,bank_transfer,Ogun,Ogun-Central,b3703ce562cfe5d5,2025-01-17 14:04:55,14,4,False
2751049e-f0db-4c7b-87ca-4246c3c5dd53,CUS-01190,181.08,pos,Lagos,Agege,880b7d20de1a5a08,2025-01-17 14:04:56,14,4,False
d5b18df5-f76d-4d3d-aabd-5aa635d35292,CUS-01795,479.49,mobile_money,Lagos,Ikorodu,8bb741d421fd10f3,2025-01-17 14:12:42,14,4,False
b30e909e-2682-473a-a780-ee808dd2405d,CUS-01462,680205.06,mobile_money,Lagos,Lagos Mainland,0d73f85c4e1721ca,2025-01-17 14:15:28,14,4,False
43ecdf6a-6855-4119-bf1c-19ac2981d7b4,CUS-01632,2607.02,bank_transfer,Delta,Oshimili South,d46257dd5672aef5,2025-01-17 14:22:25,14,4,False
b0cb1e4f-b5d3-479d-83d2-0d3901557a2f,CUS-01447,36232.21,pos,Bauchi,Bauchi-Central,14f7c7965d9a0426,2025-01-17 14:23:26,14,4,False
c29125be-b476-4138-b153-8ca528943b1e,CUS-00738,2098.61,card,Rivers,Eleme,130806cccf311571,2025-01-17 14:24:00,14,4,False
a43cf3a4-33ea-4fd0-aca6-d05d2ce89328,CUS-00574,2498.36,pos,Sokoto,Sokoto-Central,14aafd8c2d7338af,2025-01-17 14:28:30,14,4,False
e5fcba83-1aa7-4c98-862f-5acd6d8dc06f,CUS-01948,2874.83,mobile_money,Kano,Fagge,1441d70925770ee5,2025-01-17 14:29:00,14,4,True
89711fab-fe2d-4240-9537-d72800368aff,CUS-00249,94129.5,pos,Sokoto,Sokoto-Central,582309303bc8cadb,2025-01-17 14:30:29,14,4,False
3f1b999a-9c41-4882-a8de-931c075dde49,CUS-00585,52084.98,bank_transfer,Lagos,Oshodi-Isolo,9eafae1f828f172b,2025-01-17 14:35:23,14,4,False
750e331e-eba3-4ea1-9f88-1f16a98db018,CUS-01741,330170.98,mobile_money,Ondo,Ondo-Central,dc9d7491b3c3e3a0,2025-01-17 14:39:22,14,4,False
a63f4235-fbcb-48c1-888b-929bf2469a9c,CUS-00501,86.61,mobile_money,Oyo,Ibadan North,2e8d0d54a7c53df0,2025-01-17 14:42:35,14,4,False
d420ee05-93f6-40f9-a988-f0976b021f7e,CUS-00572,778497.93,pos,Rivers,Obio-Akpor,45fc6ca0a6b2f981,2025-01-17 14:49:38,14,4,False
1d638329-4133-414e-af3c-f32c3016dda7,CUS-01948,23159.12,bank_transfer,Kano,Kumbotso,1441d70925770ee5,2025-01-17 14:51:00,14,4,True
142414bb-b75f-4e27-936f-c3e1882e54d7,CUS-00818,93.23,card,Lagos,Alimosho,a0e552c4d081ee3c,2025-01-17 14:53:24,14,4,False
c61a98c9-58b6-4f9e-82e4-247258401734,CUS-00423,75352.26,pos,Abuja FCT,Gwagwalada,11676efe42bc94c7,2025-01-17 14:55:56,14,4,False
6bb428e0-182c-4834-b1c4-24e525df409d,CUS-01113,64867.78,pos,Oyo,Ibadan South-West,380fc2921922c9ea,2025-01-17 15:01:25,15,4,False
538bc162-a086-4874-8863-f7de9271e8ae,CUS-01662,318.32,pos,Adamawa,Adamawa-Central,5fb1527086435d69,2025-01-17 15:12:00,15,4,True
fd741f14-b59e-4a47-b130-6dbbd3fd9631,CUS-00445,85.99,pos,Jigawa,Jigawa-Central,76846c6ed170527d,2025-01-17 15:13:48,15,4,False
8870b776-f5d1-41e3-a271-40352019952e,CUS-00868,351.79,pos,Sokoto,Sokoto-Central,6367985943441b19,2025-01-17 15:14:29,15,4,False
90125733-c6bb-4232-b7a3-5bb492810a98,CUS-00339,54.71,ussd,Lagos,Agege,293ef86bb3ea45e4,2025-01-17 15:16:11,15,4,False
695b2333-59c1-477a-8d63-890f86fa8b9c,CUS-00467,729634.97,pos,Zamfara,Zamfara-Central,bbda5494e485c011,2025-01-17 15:21:54,15,4,False
7281f245-a2e2-423f-a8d3-67c606c52e69,CUS-01842,117366.81,bank_transfer,Rivers,Obio-Akpor,c34f3404d55f887a,2025-01-17 15:27:00,15,4,True
4336c89d-9cf8-433a-bc45-6ad9397d127e,CUS-01499,3818.25,mobile_money,Zamfara,Zamfara-Central,ad409298faa385ec,2025-01-17 15:27:27,15,4,False
cf86892e-41b5-40db-94e1-75166f449a60,CUS-01403,2186.68,ussd,Osun,Osun-Central,6666f1a1cebc0728,2025-01-17 15:30:09,15,4,False
610f1b3f-ab97-4bd9-ae7a-6bf57b7880c9,CUS-01842,363.45,pos,Rivers,Port-Harcourt,c34f3404d55f887a,2025-01-17 15:39:00,15,4,True
3f30d1e2-b036-4cdd-bc15-d25fa200fecf,CUS-00312,654164.27,bank_transfer,Lagos,Kosofe,3494ed058a6d99ad,2025-01-17 15:41:18,15,4,False
5dba3902-3344-42af-8748-c95e54ee44c3,CUS-01093,2157.1,mobile_money,Abuja FCT,Kuje,3c0564b23a094400,2025-01-17 15:52:56,15,4,False
bde6d547-fbd4-45cf-b4f0-d27203d05e5a,CUS-01830,3179.31,bank_transfer,Ekiti,Ekiti-Central,0d66db8252412143,2025-01-17 15:54:03,15,4,False
1be558e9-ac9e-457f-86c1-bb577a0a4c08,CUS-01190,1622.66,pos,Lagos,Surulere,880b7d20de1a5a08,2025-01-17 15:54:13,15,4,False
4d29edb3-2dc4-4a08-9120-f5546175af84,CUS-01103,21527.85,bank_transfer,Yobe,Yobe-Central,8d3a44d119f34b76,2025-01-17 15:58:18,15,4,False
e5fa2e12-a329-46b2-bbe1-e6e6921968a6,CUS-01042,953.71,pos,Kano,Fagge,6d003f247aeb3edf,2025-01-17 16:04:03,16,4,False
f4c9a48d-4250-4505-a160-e857c2c2ef2e,CUS-00785,2081.34,pos,Kogi,Kogi-Central,6292a14b4f110b8f,2025-01-17 16:09:50,16,4,False
f6b42740-beb7-40ea-a712-a5d28963a502,CUS-00043,1209.95,pos,Kogi,Kogi-Central,dde67db5f24e0bcc,2025-01-17 16:10:17,16,4,False
660ad4cb-3faa-45f0-ab79-cb31d5dc182f,CUS-01842,57.62,mobile_money,Rivers,Eleme,c34f3404d55f887a,2025-01-17 16:12:00,16,4,True
da1e1ac9-7998-4ce7-bb58-35c0711e8ece,CUS-00730,2611.12,mobile_money,Lagos,Kosofe,ac2406ba7dd5cfe4,2025-01-17 16:15:11,16,4,False
9e9ddff1-1293-4edd-852d-cffef0f54a96,CUS-01842,3912.39,pos,Rivers,Port-Harcourt,c34f3404d55f887a,2025-01-17 16:19:00,16,4,True
f28eb074-b27d-4142-bf5c-eb478767458d,CUS-00853,4163.25,ussd,Nassarawa,Nassarawa-Central,be466e32ca37e9cd,2025-01-17 16:19:37,16,4,False
2903d129-769d-4577-9c40-e31c33448121,CUS-00878,218.37,bank_transfer,Lagos,Lagos Mainland,fe7bc21e8a9162fe,2025-01-17 16:23:27,16,4,False
83355d8b-a570-4d04-9716-6e3812cecf80,CUS-00920,2695.96,pos,Zamfara,Zamfara-Central,884feff67bc100f3,2025-01-17 16:31:28,16,4,False
adb54640-5ebc-487b-9005-52047ec50e59,CUS-00632,2059.46,pos,Abuja FCT,Municipal,76bdcde9144067f5,2025-01-17 16:32:29,16,4,False
1d33a512-e610-414a-8532-7d9f49c0090c,CUS-01180,324.22,pos,Akwa Ibom,Akwa Ibom-Central,1eb41ea733304795,2025-01-17 16:51:47,16,4,False
76c9862d-d888-4e30-998b-2e2b8d8c9c0c,CUS-00916,94.89,mobile_money,Kano,Nassarawa,5bd822755a40195e,2025-01-17 17:01:36,17,4,False
803adf11-4496-48d3-b3fb-166e25c6d706,CUS-00417,266288.49,pos,Kano,Gwale,212f8aec6ea750eb,2025-01-17 17:02:04,17,4,False
df8d765d-4336-4cca-a4ff-79e558d2c841,CUS-00173,2594.52,pos,Lagos,Mushin,215dbe62d129810e,2025-01-17 17:16:36,17,4,False
8daa6eb1-944b-4d96-9fe9-df16733a3c7d,CUS-01309,4957.06,bank_transfer,Benue,Benue-Central,3f2e55ad5d711bdb,2025-01-17 17:17:46,17,4,False
a6f5f90e-866d-4985-a8ed-8adcb3332c16,CUS-01285,74951.58,pos,Abuja FCT,Kuje,cee16795f7e6c260,2025-01-17 17:20:53,17,4,False
103e6141-fa27-4fd5-a0c9-f132267ea241,CUS-01662,82283.39,pos,Adamawa,Adamawa-Central,5fb1527086435d69,2025-01-17 17:29:00,17,4,True
45a4fd75-f3d2-43c5-a42c-e3133ad1d25f,CUS-01954,4561.05,bank_transfer,Ogun,Ogun-Central,bf394652ceb2a1a9,2025-01-17 17:33:25,17,4,False
76a18228-cd97-49ae-8933-7bf09c340d76,CUS-01385,250.81,ussd,Kano,Tarauni,14dc1e3604a87504,2025-01-17 17:42:50,17,4,False
6461c3bd-6497-49b0-aebe-47f7319d3824,CUS-01127,1855.76,pos,Rivers,Oyigbo,82121e9423b06b7e,2025-01-17 17:46:21,17,4,False
c197c650-4e93-494b-bca8-e266aa312442,CUS-00794,932821.57,bank_transfer,Lagos,Agege,61ad41bfc30e5cd7,2025-01-17 17:53:22,17,4,False
2935d479-ef2a-484e-968a-404429fc5334,CUS-01076,79547.87,ussd,Rivers,Eleme,8fb4ce490c245fca,2025-01-17 18:03:41,18,4,False
ec94291b-4790-46f6-8fb1-59f95930fe9b,CUS-01529,266.76,bank_transfer,Oyo,Ibadan North,b2f3d811f1911e5d,2025-01-17 18:05:30,18,4,False
856b7be7-b1d4-4ac9-bcdd-ee5a43f1e4cb,CUS-01490,58422.14,pos,Lagos,Ikorodu,7f7694fe3ef66fdb,2025-01-17 18:11:38,18,4,False
d9b1eb1e-41c7-4fc1-9143-f2c35051793b,CUS-01842,1160.23,ussd,Rivers,Oyigbo,c34f3404d55f887a,2025-01-17 18:12:00,18,4,True
55a749ee-ae5e-4e1e-9b60-4095863cade9,CUS-01662,1808.98,pos,Adamawa,Adamawa-Central,5fb1527086435d69,2025-01-17 18:15:47,18,4,False
807859c8-b790-44e6-91e2-861a1f76dea0,CUS-01948,18209.84,ussd,Kano,Dala,1441d70925770ee5,2025-01-17 18:19:00,18,4,True
66915a5f-e2d1-4261-920e-a4608f46cb00,CUS-00228,28787.93,pos,Niger,Niger-Central,beaef1b0d933b705,2025-01-17 18:27:33,18,4,False
f0fa2087-488c-45c5-aba5-67a3bee3d9b7,CUS-01948,21348.01,pos,Kano,Gwale,1441d70925770ee5,2025-01-17 18:35:00,18,4,True
7d78709b-67bf-484d-87f8-50e0e9a48dee,CUS-00979,9388.22,card,Kaduna,Kaduna North,6e449854f903e547,2025-01-17 18:35:07,18,4,False
5aae51cc-a3c2-423c-9410-800228485919,CUS-00098,426.01,mobile_money,Lagos,Alimosho,2a59164cbbab5589,2025-01-17 18:48:47,18,4,False
62cbc9cf-79e9-40f9-a031-ea898fb53749,CUS-01498,88123.93,ussd,Rivers,Port-Harcourt,06084f23b47782c5,2025-01-17 19:00:24,19,4,False
1dd822c6-ae7f-416c-a3a4-7d45f52da530,CUS-00179,2137.11,bank_transfer,Lagos,Kosofe,53779734db1d17c1,2025-01-17 19:17:59,19,4,False
8d17fe7f-b93f-4c82-a225-cd93999b28c6,CUS-00215,1474.12,pos,Lagos,Surulere,3ce10d63fd005851,2025-01-17 19:17:59,19,4,False
a6a07378-1238-4ed2-87ff-7bb71c6b7096,CUS-00004,48587.23,pos,Lagos,Mushin,37995ca70dfdc7f4,2025-01-17 19:31:24,19,4,False
5d5d544b-b431-4283-af0a-343a8d141b6c,CUS-01854,275.23,mobile_money,Adamawa,Adamawa-Central,021da314d09bf6f2,2025-01-17 19:38:31,19,4,False
03cbcd39-eb01-4b27-a607-dbb68fac56ef,CUS-00918,90.66,card,Kwara,Kwara-Central,402f6978085be2fa,2025-01-17 19:43:18,19,4,False
8ed44b9f-6db9-4790-b76e-a9fd52a07bb2,CUS-00870,123.37,ussd,Rivers,Eleme,48e1653cc2040db1,2025-01-17 19:43:19,19,4,False
49af3e2f-c8be-4fca-9252-a42558f965a4,CUS-00992,3885.14,bank_transfer,Kano,Fagge,9efb5fcc24e336a3,2025-01-17 19:45:02,19,4,False
27d13552-348e-48ef-8ef9-6ccefa78391a,CUS-01435,4439.65,pos,Lagos,Agege,094a78f31d5a2bb7,2025-01-17 19:51:50,19,4,False
a46a60bb-c32b-47a0-b50a-e7808b3bc2c8,CUS-01866,65623.25,bank_transfer,Lagos,Mushin,f5c9c28a915088f1,2025-01-17 19:55:15,19,4,False
75fc10f4-e9ca-4e1b-8434-562eed26cccc,CUS-01931,468.6,pos,Oyo,Ibadan North,13794813dded1c14,2025-01-17 20:06:19,20,4,False
34a54ecd-3ca0-4cfd-bcc1-60556712545c,CUS-00709,3335.94,pos,Anambra,Onitsha North,2af5a68de5b28240,2025-01-17 20:07:59,20,4,False
b03cd804-8460-4ce0-af07-dc8057ff7f91,CUS-01842,28754.54,pos,Rivers,Obio-Akpor,c34f3404d55f887a,2025-01-17 20:10:00,20,4,True
9c18729f-3be9-48bc-b579-e91ddfe26169,CUS-00844,899.6,bank_transfer,Lagos,Agege,c9d69774918bb695,2025-01-17 20:10:41,20,4,False
a0d551ba-5cd5-427e-9d5f-1b5b9497a7c9,CUS-00544,3248.82,pos,Enugu,Nsukka,7c1e957e56743c52,2025-01-17 20:20:16,20,4,False
2007db3a-a5c0-454b-8334-d5f5e748ad8e,CUS-00011,53086.64,pos,Bayelsa,Bayelsa-Central,b9f6cefb5c85d533,2025-01-17 20:25:26,20,4,False
8f38d5c1-ad21-4f12-8c2e-62d003a84ab4,CUS-00776,2247.38,pos,Lagos,Oshodi-Isolo,ee819ec07e84bdd2,2025-01-17 20:26:19,20,4,False
4962893f-7c02-4488-bb95-0e723d58cbab,CUS-00150,24905.79,pos,Kogi,Kogi-Central,d62ade57f04a8d7d,2025-01-17 20:44:29,20,4,False
2eb3d3d8-56f7-4720-8fca-b94fbf52660d,CUS-00744,4316.43,bank_transfer,Lagos,Surulere,3cefb1dc104151c1,2025-01-17 20:49:14,20,4,False
8fcc155f-d1a9-4240-a948-cdb3b82fb541,CUS-01074,1193.97,bank_transfer,Ogun,Ogun-Central,116b5e1551705cfb,2025-01-17 20:51:57,20,4,False
94102cd7-7898-4ab9-a4b2-72e3da91c05f,CUS-00343,105.88,pos,Rivers,Port-Harcourt,b4a2de98d30936c5,2025-01-17 20:55:35,20,4,False
058b8332-41f6-483b-a01c-ef536e21a80c,CUS-00182,97245.7,pos,Adamawa,Adamawa-Central,1ec1fbe050eb7edd,2025-01-17 20:58:02,20,4,False
377838a0-52df-4388-ac3f-c90e74eae853,CUS-01492,301.04,ussd,Lagos,Eti-Osa,318dab97928f4a79,2025-01-17 21:06:10,21,4,False
95d713df-32ab-468a-a77a-7ba79e0c7ad7,CUS-01015,53853.59,pos,Adamawa,Adamawa-Central,19492d475c97a771,2025-01-17 21:19:29,21,4,False
861f3281-a9d1-4b2b-88f9-808da08ab062,CUS-00469,5333.29,bank_transfer,Akwa Ibom,Akwa Ibom-Central,b5251479bf661af6,2025-01-17 21:23:46,21,4,False
63305e7c-8ddf-44c9-bf2e-4236cb996f84,CUS-00603,32826.58,pos,Lagos,Lagos Mainland,bb90dbe9236c1ae4,2025-01-17 21:25:28,21,4,False
efe2bea8-d9ef-4e11-8beb-d5795b8cbaf3,CUS-01805,4325.39,card,Abia,Abia-Central,60c5236958f0c092,2025-01-17 21:28:12,21,4,False
0fad2212-5f35-41f4-9bb9-b231ba1085a5,CUS-00383,73763.91,bank_transfer,Kebbi,Kebbi-Central,c919c6af242bd317,2025-01-17 21:36:04,21,4,False
8ccc28d2-3d90-46fc-9b7e-e193ba86f8e0,CUS-00312,986.99,bank_transfer,Lagos,Mushin,3494ed058a6d99ad,2025-01-17 21:38:02,21,4,False
55e63dd3-f566-4a1c-8436-4132d630c598,CUS-01356,259.58,mobile_money,Nassarawa,Nassarawa-Central,853907668826b986,2025-01-17 21:49:27,21,4,False
c0129f34-c87a-40b7-bb03-06ca15ed6433,CUS-01113,966062.39,pos,Oyo,Ibadan South-West,380fc2921922c9ea,2025-01-17 21:53:11,21,4,False
e5c6c98f-9627-4431-b7c3-16846ccaa059,CUS-01543,69793.7,pos,Lagos,Mushin,3a0152b6fe236ef4,2025-01-17 21:54:14,21,4,False
00f89820-99ae-4ada-90ec-557168fbbf67,CUS-01632,2396.34,bank_transfer,Delta,Uvwie,d46257dd5672aef5,2025-01-17 21:55:57,21,4,False
b1bc5c5c-8897-4581-ae80-1bc167177c6b,CUS-00796,28387.8,pos,Yobe,Yobe-Central,0111ee87de64cf7b,2025-01-17 21:56:12,21,4,False
d7a51b70-f676-4221-9990-378afa6636b8,CUS-01662,76283.75,pos,Adamawa,Adamawa-Central,5fb1527086435d69,2025-01-17 22:21:00,22,4,True
5634cf13-3260-4601-8df9-774f6876b093,CUS-01948,94143.92,bank_transfer,Kano,Kumbotso,1441d70925770ee5,2025-01-17 22:28:00,22,4,True
edc5b197-3903-4695-ae6f-4d178c71e342,CUS-01842,449972.63,pos,Rivers,Obio-Akpor,c34f3404d55f887a,2025-01-17 22:40:00,22,4,True
7735c56b-cf63-4491-8449-365c82654e56,CUS-01662,3854.08,pos,Adamawa,Adamawa-Central,5fb1527086435d69,2025-01-17 22:58:00,22,4,True
74467506-fc75-4592-8277-99353d3835da,CUS-00876,412.05,bank_transfer,Ondo,Ondo-Central,535999615f11696a,2025-01-17 23:48:05,23,4,False
696ce423-4247-45b3-925b-73ac03f1f96d,CUS-01146,581696.01,bank_transfer,Imo,Imo-Central,76f5ffdd3a544aea,2025-01-18 00:05:00,0,5,True
4aa57cfc-55a4-4132-9b1c-6ddacad3e54c,CUS-00446,4874.87,pos,Ogun,Ogun-Central,a54ec969ae4fe771,2025-01-18 00:21:07,0,5,False
9703e849-d0a7-4c00-a556-04ace020b527,CUS-00232,794816.15,bank_transfer,Oyo,Oyo East,ea03ae9c877f8c0b,2025-01-18 01:06:00,1,5,True
935d28b2-8dc9-4d00-9056-789c7e67af7c,CUS-01026,2658.24,bank_transfer,Sokoto,Sokoto-Central,b9f0059e1f96f53d,2025-01-18 01:36:30,1,5,False
d2039d3b-f63d-41a6-bb20-4d41445bcbcb,CUS-00414,98861.92,bank_transfer,Enugu,Enugu North,65a27c169aa9b061,2025-01-18 02:08:32,2,5,False
462b745d-2d21-4dea-819a-670a1ca5d098,CUS-00934,1270.21,bank_transfer,Lagos,Oshodi-Isolo,a005e3c38e069450,2025-01-18 02:45:47,2,5,False
2da8c810-2aee-4ace-9045-ee48088889b2,CUS-01112,543839.79,bank_transfer,Lagos,Surulere,b4f1235d82904da6,2025-01-18 03:11:00,3,5,True
b2a434a8-0625-4a24-a254-c516677fcf51,CUS-01715,33650.57,ussd,Ogun,Ogun-Central,542b8868a3076c1b,2025-01-18 04:11:56,4,5,False
4243056d-1060-422c-b150-0b5b928a1074,CUS-01577,428.28,bank_transfer,Delta,Oshimili South,9fb196909d1c3443,2025-01-18 04:57:42,4,5,False
eed6c6ba-b367-4385-9002-3e0a2b3a464c,CUS-00899,2589.99,pos,Lagos,Eti-Osa,6f982fdfe8b9f332,2025-01-18 05:44:27,5,5,False
4b75d14b-e1fe-4bd0-b327-f553f7580dfd,CUS-00691,464159.68,bank_transfer,Rivers,Oyigbo,395436e8a74699ec,2025-01-18 06:14:00,6,5,True
80b0d278-a73b-4432-b324-5174a42e3095,CUS-01554,65900.18,card,Lagos,Eti-Osa,10db96157a1db4c7,2025-01-18 06:14:00,6,5,True
108991a6-8679-4a62-8c58-2e820b7e8c7f,CUS-00614,657633.88,bank_transfer,Kebbi,Kebbi-Central,edcc4e7a1ddd752d,2025-01-18 07:27:00,7,5,True
922ec0b6-d8de-4c97-9817-f3d4f70380a3,CUS-00136,992.1,bank_transfer,Abuja FCT,Municipal,8489629970648402,2025-01-18 07:45:00,7,5,True
9916376c-a0ae-4625-bfea-a734f716d069,CUS-00111,468.78,ussd,Lagos,Eti-Osa,b4139af7343c44e3,2025-01-18 08:05:00,8,5,True
c44cb9b9-7b3a-46ba-b4eb-6ef4daf09d79,CUS-00111,419.8,pos,Lagos,Ikorodu,b4139af7343c44e3,2025-01-18 08:11:00,8,5,True
f2b091d3-8182-4732-b481-2e39d018d092,CUS-00111,267.16,ussd,Lagos,Ikorodu,b4139af7343c44e3,2025-01-18 08:12:00,8,5,True
3402096c-7a5d-486c-b9e5-fbb37a524f99,CUS-00136,315.83,pos,Abuja FCT,Gwagwalada,8489629970648402,2025-01-18 08:36:00,8,5,True
a74a43f0-90b3-4bad-a4d7-5559276a16e6,CUS-00111,453.97,pos,Lagos,Kosofe,b4139af7343c44e3,2025-01-18 08:44:00,8,5,True
6e16dfad-7ace-4acb-aff2-7d106e741d3b,CUS-00111,190.84,ussd,Lagos,Eti-Osa,b4139af7343c44e3,2025-01-18 08:45:00,8,5,True
de48370f-571e-4372-907b-6c00e319c3e7,CUS-00691,116.6,mobile_money,Rivers,Obio-Akpor,395436e8a74699ec,2025-01-18 08:48:00,8,5,True
707cc6b6-5a32-40f5-af7c-82332915eafe,CUS-00111,120.44,ussd,Lagos,Agege,b4139af7343c44e3,2025-01-18 08:50:00,8,5,True
5a0a8206-163a-4e37-af8f-c37a03be7145,CUS-00136,2812.63,pos,Abuja FCT,Kuje,8489629970648402,2025-01-18 09:04:00,9,5,True
68c05e3a-7bda-48da-82fb-89c11aab4a68,CUS-01002,81428.97,pos,Kebbi,Kebbi-Central,efcc435f8f743b77,2025-01-18 09:05:06,9,5,False
11c32242-9b76-40e4-a95a-3ad33539e416,CUS-00068,226545.22,pos,Lagos,Alimosho,4e173537ea95bb34,2025-01-18 09:09:06,9,5,False
712d2d81-2195-4c36-bba2-549793f0630e,CUS-01460,82068.71,pos,Rivers,Obio-Akpor,b1d49046bd80c6c6,2025-01-18 09:19:05,9,5,False
c26d5913-549e-4ab7-afd2-abd3654a589c,CUS-00891,12562.48,mobile_money,Sokoto,Sokoto-Central,50eb9194ca6b0f1e,2025-01-18 09:28:17,9,5,False
e4ff7573-ca5b-4f9f-a924-5122cd434b8e,CUS-01122,861.12,pos,Sokoto,Sokoto-Central,10418d0df5fde257,2025-01-18 09:31:10,9,5,False
a22bf620-c549-4c2c-89a1-e9bfdd3d9665,CUS-01192,354.54,card,Kano,Kumbotso,da912eb3f9e9e9b0,2025-01-18 09:32:50,9,5,False
0f37129a-e869-4594-8236-f79de8b0f208,CUS-01608,13246.43,ussd,Lagos,Eti-Osa,e28254d03af7dce0,2025-01-18 09:37:20,9,5,False
5c917471-4850-418d-951c-85c6c7a8c61d,CUS-01500,293.07,pos,Abuja FCT,Municipal,b9a3547038ddbc74,2025-01-18 09:51:12,9,5,False
b69c36ff-7b6c-4c60-bc35-30d13f2a72aa,CUS-01600,4851.98,pos,Lagos,Mushin,1bdb95d9acf8fbb3,2025-01-18 09:53:46,9,5,False
d5f1ab0e-6c09-4764-995d-2d4be6580925,CUS-00488,392795.04,bank_transfer,Katsina,Katsina-Central,0aba61cb80b9bf3d,2025-01-18 09:58:44,9,5,False
999f4baa-33c0-4a2a-ae3a-347ea034c503,CUS-00646,37004.19,card,Kaduna,Kaduna South,2b7015d78d5d685e,2025-01-18 10:03:26,10,5,False
5c93f011-adbc-4ff7-943a-5bcc98fb10a2,CUS-01872,446.99,pos,Abuja FCT,Municipal,a750e8e541116805,2025-01-18 10:08:01,10,5,False
88315287-1af9-4eb1-8894-bf7e7edc3e15,CUS-01504,91400.93,ussd,Rivers,Oyigbo,f335f5754e24756b,2025-01-18 10:19:52,10,5,False
dc3f2f58-18b2-4673-88a9-a3984683858e,CUS-00887,491.82,bank_transfer,Lagos,Ikeja,74a921feddc38382,2025-01-18 10:19:57,10,5,False
8017f4ff-2322-459a-8b91-e096f55b900a,CUS-01276,276.15,mobile_money,Lagos,Oshodi-Isolo,990dec7a88b42303,2025-01-18 10:31:28,10,5,False
8505b30c-45f5-4d8a-b511-76b0af53e1ab,CUS-00136,333.66,mobile_money,Abuja FCT,Municipal,8489629970648402,2025-01-18 10:32:00,10,5,True
ba321e57-b488-4cd8-b849-be4630ee1c4f,CUS-00451,501535.7,card,Oyo,Ibadan South-West,85cb2f4667738787,2025-01-18 10:32:07,10,5,False
465dd99f-6793-413e-89d2-b664286735e1,CUS-01653,1883.39,pos,Rivers,Port-Harcourt,497df31f5bea514b,2025-01-18 10:32:17,10,5,False
38f9a375-8e3b-4ce0-b253-4cd368b7c72b,CUS-01921,7519.1,bank_transfer,Lagos,Ikeja,00eff35bca36a5be,2025-01-18 10:35:45,10,5,False
115fa6b6-0242-4b6e-8029-aae3c313f06b,CUS-00136,10392.15,bank_transfer,Abuja FCT,Gwagwalada,8489629970648402,2025-01-18 10:36:00,10,5,True
349462fa-3049-4957-b5d7-36661857230f,CUS-00691,17758.05,pos,Rivers,Oyigbo,395436e8a74699ec,2025-01-18 10:40:00,10,5,True
38884a56-d7f4-44a9-b41e-a31102318c30,CUS-00942,75761.14,pos,Delta,Oshimili South,f7c21e7a847ebee4,2025-01-18 10:43:26,10,5,False
34c47703-d6ed-4fbd-b3b0-ffed4ffa5f0f,CUS-00660,762145.16,bank_transfer,Kano,Tarauni,8c6878b8b463d522,2025-01-18 10:43:29,10,5,False
adb382f4-b146-4d34-839c-be635b6f04f4,CUS-00301,2407.3,bank_transfer,Oyo,Oyo East,4acd84f2fa7ac6df,2025-01-18 10:43:41,10,5,False
108053fc-9f74-4828-8817-e0ca1aa4dec3,CUS-01703,360.59,mobile_money,Abuja FCT,Bwari,49984962f39ec994,2025-01-18 10:48:06,10,5,False
b5ac0346-7d6d-4218-a974-824fec3a81e2,CUS-00806,54707.0,mobile_money,Gombe,Gombe-Central,1d2bb2dbe8f7d258,2025-01-18 10:48:40,10,5,False
3f634deb-edc2-4b0e-818a-3f81df45bd0d,CUS-00006,83.72,bank_transfer,Lagos,Oshodi-Isolo,8e398bc1cbdc78d0,2025-01-18 10:52:18,10,5,False
f07c0332-f086-4140-9503-bf47fe491154,CUS-00136,3435.81,pos,Abuja FCT,Municipal,8489629970648402,2025-01-18 11:03:00,11,5,True
af225b92-1f45-43f4-909a-58f4a041edec,CUS-01532,3090.34,pos,Ondo,Ondo-Central,ef2c51163b7b1b11,2025-01-18 11:04:43,11,5,False
a26db905-5e45-493f-8031-92f81ebc1f54,CUS-00783,876824.05,mobile_money,Kano,Fagge,6bc82361eb609984,2025-01-18 11:05:44,11,5,False
4572c4c3-e2c9-4471-b49c-eb1402590612,CUS-00136,2941.22,pos,Abuja FCT,Bwari,8489629970648402,2025-01-18 11:06:00,11,5,True
b872873e-f331-43e4-95f7-27ba8f3bf577,CUS-01167,719922.18,pos,Abuja FCT,Bwari,281007905cca8b73,2025-01-18 11:16:23,11,5,False
17fe8d62-3cb7-48c2-85d1-120e8ea52c83,CUS-00397,199.95,bank_transfer,Rivers,Port-Harcourt,226e1605023f9821,2025-01-18 11:24:35,11,5,False
c1a62dda-d3bc-4df3-9ff1-53fb6898d195,CUS-01554,862476.46,bank_transfer,Lagos,Kosofe,10db96157a1db4c7,2025-01-18 11:33:00,11,5,True
807d9125-91f5-4233-9a27-e4ed9c217e3c,CUS-01893,4191.35,bank_transfer,Lagos,Mushin,e9601e9a416b90ba,2025-01-18 11:54:51,11,5,False
8b820e00-daaa-4c8c-9917-fd9782ae9d59,CUS-00313,2405.0,pos,Oyo,Ibadan North,e069a0aa9637db93,2025-01-18 12:00:00,12,5,True
9a5f3ed8-0789-4150-854e-9a94b953eb04,CUS-00898,23766.97,bank_transfer,Lagos,Lagos Mainland,836f5054e1ab3d9e,2025-01-18 12:01:29,12,5,False
819643cd-111f-490c-a40a-1743312dcff1,CUS-01860,2572.33,mobile_money,Abia,Abia-Central,001e8ab3c8df1ed6,2025-01-18 12:05:29,12,5,False
a3f0a4bf-0b31-4f49-8d97-9638f7244d6d,CUS-00313,4954.31,pos,Adamawa,Adamawa-Central,e069a0aa9637db93,2025-01-18 12:21:00,12,5,True
a039fbd1-bf4e-4519-8b53-1db54a335e90,CUS-01946,91789.05,pos,Rivers,Oyigbo,8f33926c4fee8d7b,2025-01-18 12:37:52,12,5,False
36d00fc1-3a05-4616-9d8e-466b84257138,CUS-00780,2279.92,pos,Edo,Oredo,f51cc411e2fd45d3,2025-01-18 12:43:35,12,5,False
d35e321e-8618-4584-b4f1-50a9d030b577,CUS-01554,4483.45,bank_transfer,Lagos,Ikorodu,10db96157a1db4c7,2025-01-18 12:56:00,12,5,True
9b1514f7-c7fb-4906-95f2-552443898db0,CUS-01632,57984.57,bank_transfer,Delta,Uvwie,d46257dd5672aef5,2025-01-18 12:56:16,12,5,False
76d2fb1a-068d-4090-9b33-259147db1422,CUS-01724,647.66,pos,Anambra,Onitsha North,255cc9f84c700375,2025-01-18 13:01:53,13,5,False
ca703eec-0271-40b4-9256-8eedbd7c699d,CUS-00869,4927.58,pos,Jigawa,Jigawa-Central,5a3b21a3a41473f2,2025-01-18 13:06:34,13,5,False
91be6088-2a92-4166-8a3f-a9013bab84a3,CUS-00324,43633.07,mobile_money,Cross River,Cross River-Central,eadd563a73f69909,2025-01-18 13:07:10,13,5,False
42bbd911-d604-411b-8735-feb6b7c12a28,CUS-01355,666334.42,pos,Kebbi,Kebbi-Central,1a13698cf4c1d9c1,2025-01-18 13:13:38,13,5,False
5b562dec-4d99-46d1-98d1-fe70c54db1a2,CUS-00556,4140.85,bank_transfer,Lagos,Oshodi-Isolo,3fc3a1d0ba551e2e,2025-01-18 13:15:28,13,5,False
79439460-70ab-4a28-8c36-bd8a593ff163,CUS-00136,465.51,pos,Abuja FCT,Gwagwalada,8489629970648402,2025-01-18 13:17:00,13,5,True
f86dd282-4b81-4a0a-a3ad-34d9573d28a7,CUS-00610,27887.75,mobile_money,Lagos,Mushin,306e315b55aaa9fd,2025-01-18 13:17:00,13,5,False
2f1060b0-da1b-486a-b332-7ec410c3ba94,CUS-01182,66115.47,pos,Enugu,Nsukka,2e6ad5b141e36f10,2025-01-18 13:28:01,13,5,False
85442936-1acb-4e98-b926-ddd305947568,CUS-00064,446.69,pos,Kano,Kumbotso,d79b61acc4f44aea,2025-01-18 13:29:31,13,5,False
87494ac7-132a-4fab-81bc-176a58330bf3,CUS-01651,80.7,pos,Kano,Fagge,396043149ea8b2e6,2025-01-18 13:32:36,13,5,False
1018d114-7124-4a58-b67c-0816a06d064b,CUS-00912,4553.42,bank_transfer,Enugu,Enugu North,7bd69b4e0e8ea2a4,2025-01-18 13:33:48,13,5,False
912f384c-84a7-4ea8-a2ed-92039503c2bd,CUS-01626,461057.85,pos,Lagos,Kosofe,cacac985ee6dde77,2025-01-18 13:42:32,13,5,False
ca2f3421-297d-4939-a631-1a9a6e1b3bf7,CUS-00592,2032.97,bank_transfer,Lagos,Kosofe,739ccc5da6223c73,2025-01-18 13:56:34,13,5,False
55657d20-feae-40bc-a9f5-2a6abeed0aff,CUS-00590,68249.52,pos,Lagos,Ikeja,6f8c6cb8a638714d,2025-01-18 13:57:30,13,5,False
2378c140-abd0-4321-a477-8baa6bab3468,CUS-01135,514.28,bank_transfer,Lagos,Lagos Mainland,ddc7283b773c8f9b,2025-01-18 13:59:37,13,5,False
23f9cbed-045d-45b0-8baa-b36991bb0c7e,CUS-00995,12318.06,ussd,Lagos,Alimosho,5fae574986916801,2025-01-18 14:00:14,14,5,False
3936a90b-f1de-4965-ab3c-22a624356d3f,CUS-01554,408.98,bank_transfer,Lagos,Ikorodu,10db96157a1db4c7,2025-01-18 14:05:00,14,5,True
f77bdca0-8b4f-42ee-adf6-9cc004e4c606,CUS-01773,50051.01,bank_transfer,Cross River,Cross River-Central,c0784cb07cd5f0e0,2025-01-18 14:12:44,14,5,False
61173b3c-b742-47ba-9462-60b3c052381a,CUS-00691,1957.51,card,Rivers,Port-Harcourt,395436e8a74699ec,2025-01-18 14:17:00,14,5,True
f02db95f-499f-41a3-afab-bdc23197a958,CUS-00745,3905.66,pos,Nassarawa,Nassarawa-Central,29e2cbcd28a19312,2025-01-18 14:23:41,14,5,False
e283f352-172c-4eb5-9194-57ed5fc44f8e,CUS-01572,178.73,ussd,Osun,Osun-Central,3344b7d8ce1fd7e7,2025-01-18 14:31:21,14,5,False
0db5e641-27b0-4110-8946-30f47291ab56,CUS-01554,2417.45,bank_transfer,Lagos,Oshodi-Isolo,10db96157a1db4c7,2025-01-18 14:34:00,14,5,True
bec452db-d49f-47bc-b312-6a2bbdfaf80e,CUS-01900,220.23,bank_transfer,Oyo,Ibadan South-West,8be9efcf44f18c7e,2025-01-18 14:36:45,14,5,False
ff3ed942-e5b7-4de4-988d-e0adc954452f,CUS-00461,80995.07,card,Delta,Warri South,981e3f54a7831fcb,2025-01-18 14:41:00,14,5,False
74a1f259-534f-45fe-bd05-27d40c88100d,CUS-00691,448.05,bank_transfer,Rivers,Port-Harcourt,395436e8a74699ec,2025-01-18 14:42:00,14,5,True
907870f8-e1d2-490b-b214-acbb19be76ea,CUS-00019,314.68,mobile_money,Kano,Gwale,c2b7b5602cd271f8,2025-01-18 14:48:54,14,5,False
eabb8242-bf59-4480-967a-dfd38cf76c4d,CUS-00541,217204.16,mobile_money,Kaduna,Zaria,2d27eb65a141ea41,2025-01-18 14:51:52,14,5,False
dbfa2d42-28cc-4e5a-a21f-753c3c7ab2d5,CUS-00912,78618.2,pos,Enugu,Nsukka,7bd69b4e0e8ea2a4,2025-01-18 14:57:43,14,5,False
f00bb08b-e3e8-4e71-8a0c-fd6fee821b92,CUS-00484,4249.17,bank_transfer,Enugu,Enugu North,1cec9d526e5aeb91,2025-01-18 15:00:00,15,5,True
2b43900d-f98f-425a-bd89-7ba47c35f7ae,CUS-00245,779673.03,bank_transfer,Yobe,Yobe-Central,98fd0374a3da0b15,2025-01-18 15:04:43,15,5,False
5efa406c-cbaf-4c66-a233-e1b0df77ec30,CUS-00484,517.06,bank_transfer,Zamfara,Zamfara-Central,1cec9d526e5aeb91,2025-01-18 15:11:00,15,5,True
3809af14-935a-436d-a725-3116548d81d5,CUS-01220,9717.2,bank_transfer,Katsina,Katsina-Central,a6368f9dab3152f7,2025-01-18 15:14:23,15,5,False
ddd3135b-eb6b-4662-96d6-cc69417c5b9b,CUS-01937,1161.13,pos,Plateau,Plateau-Central,a96cc0e9e7bb5bfa,2025-01-18 15:18:38,15,5,False
4a1226e6-d4e3-4465-917b-70c6c005bc82,CUS-01178,384.38,mobile_money,Kwara,Kwara-Central,94f90507e81b387e,2025-01-18 15:22:03,15,5,False
13f25ba2-2f12-4440-81ab-a7f6295a9e8e,CUS-00661,45180.94,ussd,Ogun,Ogun-Central,94d166e2cf615c3e,2025-01-18 15:25:29,15,5,False
ada5b05d-2ba8-4371-8afb-6ef54fe12b57,CUS-00136,4031.61,pos,Abuja FCT,Kuje,8489629970648402,2025-01-18 15:31:00,15,5,True
37c3c02c-27c4-4c07-bb7b-eb8c528a2358,CUS-00180,449.63,pos,Kano,Fagge,97faed3ece0dc138,2025-01-18 15:49:04,15,5,False
4839664e-b0d4-4292-82e1-33d60d40133c,CUS-01317,75025.2,bank_transfer,Ondo,Ondo-Central,4177b2602ac8ffb6,2025-01-18 15:52:01,15,5,False
b8ae7ba8-8b05-4b6a-877b-63cbb73795f8,CUS-00136,42921.84,mobile_money,Abuja FCT,Gwagwalada,8489629970648402,2025-01-18 16:00:00,16,5,True
65dd4b01-74f3-4e9b-8d47-90cf0449fab7,CUS-01249,37888.7,bank_transfer,Enugu,Enugu East,0c1ae52223dc0d81,2025-01-18 16:07:29,16,5,False
c152e5d0-c9d4-452f-bcea-ce2863bb2d7e,CUS-01554,4967.92,mobile_money,Lagos,Surulere,10db96157a1db4c7,2025-01-18 16:08:00,16,5,True
d7a221d4-aebd-4176-9f49-6787573d977e,CUS-01547,6066.03,bank_transfer,Oyo,Ibadan South-West,a176096e4a99d9cf,2025-01-18 16:11:17,16,5,False
64338bb7-7a03-41bb-bb7d-1588bb0c9b40,CUS-01290,72531.38,pos,Rivers,Obio-Akpor,cd99b4bdf6d249d0,2025-01-18 16:13:50,16,5,False
d024f160-a326-42ae-aa88-e597fa056e38,CUS-00203,486.29,bank_transfer,Nassarawa,Nassarawa-Central,28e1a249d12d9596,2025-01-18 16:15:49,16,5,False
ff5001bf-105e-4c88-89f0-6fc111c95e2c,CUS-00630,63877.32,bank_transfer,Edo,Oredo,44673a08c8fcb028,2025-01-18 16:17:23,16,5,False
695beee6-0c13-4658-b38b-5f2f6172e960,CUS-00467,3926.06,pos,Zamfara,Zamfara-Central,bbda5494e485c011,2025-01-18 16:21:55,16,5,False
b813482e-13df-48e4-ae1a-7a61067c3952,CUS-01173,193.72,pos,Kano,Gwale,835d7ff91e1af072,2025-01-18 16:30:41,16,5,False
0309556e-abdd-4bdd-8af1-ef1050197900,CUS-00335,311.48,pos,Lagos,Eti-Osa,c8e9fa5817cdc293,2025-01-18 16:30:43,16,5,False
3779c6f2-f06f-4af7-a79b-9c21ed65d110,CUS-01987,74128.53,bank_transfer,Abuja FCT,Gwagwalada,a98ca351ffbd4c11,2025-01-18 16:31:20,16,5,False
dcfbb2c4-96f3-4067-a2e6-a3d568caac52,CUS-01600,30073.38,pos,Lagos,Ikeja,1bdb95d9acf8fbb3,2025-01-18 16:37:44,16,5,False
ef77275d-879c-42ee-991a-7c9dfa0881c0,CUS-00366,61.05,bank_transfer,Cross River,Cross River-Central,59e78c8c78566e9a,2025-01-18 16:54:31,16,5,False
93d1457c-b52d-4e4d-9994-2be0a6f4a831,CUS-01154,2777.47,bank_transfer,Enugu,Enugu East,b6010d549f54bd12,2025-01-18 16:59:56,16,5,False
f5acb009-6119-4a9b-992e-bb5107f1eef1,CUS-01492,2177.04,bank_transfer,Lagos,Surulere,318dab97928f4a79,2025-01-18 17:00:00,17,5,True
f1e96aef-e4f9-477b-9f36-363085a04070,CUS-00115,99946.39,bank_transfer,Zamfara,Zamfara-Central,cc9901f14e251415,2025-01-18 17:06:59,17,5,False
65a1aeef-5883-4d48-afc7-134c7d8a5dc5,CUS-01492,2615.92,card,Yobe,Yobe-Central,318dab97928f4a79,2025-01-18 17:07:00,17,5,True
5faeca31-ec4a-45dd-b149-164dadc36f02,CUS-01958,13005.7,pos,Enugu,Enugu East,35d71c040875cc99,2025-01-18 17:15:51,17,5,False
942a5f56-100f-4014-9214-272e118c2f60,CUS-00156,845.45,pos,Anambra,Awka South,b8b18f701d0ba5b3,2025-01-18 17:16:10,17,5,False
11d110cc-64bb-4455-ba76-9948aa007794,CUS-00691,475.1,mobile_money,Rivers,Oyigbo,395436e8a74699ec,2025-01-18 17:19:00,17,5,True
0d37ab19-cc51-4e4c-9645-0552eb75234c,CUS-01554,306.65,ussd,Lagos,Ikeja,10db96157a1db4c7,2025-01-18 17:20:00,17,5,True
9b31fca0-9a04-42f0-ad79-9eaa1b26d662,CUS-01445,13433.46,bank_transfer,Lagos,Mushin,dd998a910227d567,2025-01-18 17:23:01,17,5,False
54ce6bc7-2e1a-4229-a74c-29a3ee549520,CUS-00691,2736.07,pos,Rivers,Eleme,395436e8a74699ec,2025-01-18 17:25:00,17,5,True
a16e3e3f-8729-4577-adb6-bfb4c040f791,CUS-01554,473.71,pos,Lagos,Kosofe,10db96157a1db4c7,2025-01-18 17:29:00,17,5,True
3ff6681a-c84a-4573-a1ea-3197adc1eecb,CUS-00094,29314.67,pos,Abia,Abia-Central,2042e9881324c986,2025-01-18 17:32:39,17,5,False
b26c7d68-d27f-46de-8ead-2c2f369bada3,CUS-01973,71952.55,mobile_money,Abuja FCT,Gwagwalada,b0a2e8ccaf3fc8d8,2025-01-18 17:33:56,17,5,False
db12fcf5-e25d-4b0c-930e-cb7eee2fcb9d,CUS-00353,2520.62,ussd,Lagos,Alimosho,69f11513ba62981e,2025-01-18 17:45:02,17,5,False
edbd85bd-6c9c-4d72-84c0-f0aef00dcef5,CUS-01876,2639.24,pos,Kaduna,Kaduna South,f535c1276725ba9c,2025-01-18 17:51:31,17,5,False
3326be83-caba-4a7a-9579-f6120b79f402,CUS-00754,327.87,ussd,Lagos,Ikorodu,050f9e3bad7016e4,2025-01-18 17:57:24,17,5,False
0709e661-6f2a-44e1-8821-b3384ad07c8d,CUS-00680,1606.24,pos,Plateau,Plateau-Central,eed8abc82abd7d4d,2025-01-18 18:05:47,18,5,False
882d25ec-20af-4820-b476-41e1be5af506,CUS-01554,44119.93,bank_transfer,Lagos,Eti-Osa,10db96157a1db4c7,2025-01-18 18:08:00,18,5,True
60d9ac7e-3503-432d-a04e-5082d9099031,CUS-01836,423.37,ussd,Lagos,Surulere,d0967b5b666bff98,2025-01-18 18:14:31,18,5,False
fd8d4179-989e-4b2b-899f-f281394621c0,CUS-01723,61405.09,pos,Lagos,Lagos Mainland,b8469a7d5c27212d,2025-01-18 18:21:44,18,5,False
6faf9c44-dcbe-4e99-a154-027fcc3f170d,CUS-00443,46132.44,mobile_money,Rivers,Eleme,e97edc4f801dfbb8,2025-01-18 18:23:39,18,5,False
7691d5eb-6d4b-4a18-b001-b723b2a33195,CUS-00691,587251.2,mobile_money,Rivers,Oyigbo,395436e8a74699ec,2025-01-18 18:25:00,18,5,True
6ed98a44-4389-45b4-9cca-48a9bb72afcd,CUS-00209,3027.32,ussd,Lagos,Ikeja,8387c086ce75b96e,2025-01-18 18:27:31,18,5,False
93db130b-8559-4981-8eaf-e824498d94e3,CUS-01349,65.5,pos,Lagos,Lagos Mainland,761ac665f034ac3a,2025-01-18 18:41:01,18,5,False
ce3b7ef6-c053-4d6e-aff6-63465f5edf56,CUS-00219,3848.75,pos,Borno,Borno-Central,ab7212d149ded51a,2025-01-18 18:41:21,18,5,False
4f649b9e-960e-421e-a960-fd7014280506,CUS-00136,997956.25,ussd,Abuja FCT,Gwagwalada,8489629970648402,2025-01-18 18:42:00,18,5,True
361a750f-4181-4c07-bad0-de509ae78167,CUS-01664,1970.89,bank_transfer,Ogun,Ogun-Central,69024d426ea4f554,2025-01-18 18:45:46,18,5,False
92b2e3e5-0f9c-4688-ba87-11f84f5318aa,CUS-00823,36665.0,pos,Rivers,Eleme,b3add7a8eb98092a,2025-01-18 18:59:55,18,5,False
f64ade3e-bf1c-461d-9d1e-fa7e9c3ecdea,CUS-00086,82885.21,pos,Ondo,Ondo-Central,99a6259a0bb07e87,2025-01-18 19:01:13,19,5,False
d81c2cde-3cd2-4539-b146-c83b792d126c,CUS-01554,2601.66,bank_transfer,Lagos,Ikorodu,10db96157a1db4c7,2025-01-18 19:02:00,19,5,True
d60f3667-d6ac-404a-98bd-3603243493e1,CUS-01554,43043.62,ussd,Lagos,Oshodi-Isolo,10db96157a1db4c7,2025-01-18 19:04:00,19,5,True
bdc57212-4aa3-4a95-a23e-1c07274b1556,CUS-01095,128364.96,mobile_money,Lagos,Kosofe,9ac4df5dd4c901ee,2025-01-18 19:15:25,19,5,False
97f16a58-6485-4b08-92cc-f8c5249500e6,CUS-01494,280740.58,mobile_money,Kaduna,Kaduna South,acf36f5ac3721732,2025-01-18 19:22:21,19,5,False
52ccc04f-11c5-46a9-b6ce-8a0fcc45d7c3,CUS-00558,618.88,card,Kwara,Kwara-Central,de6228374a9d4b7e,2025-01-18 19:23:08,19,5,False
126a8ccf-a516-4fd4-acad-dba32fa5db27,CUS-00714,3296.35,pos,Kano,Tarauni,223a8e3d7a6f6005,2025-01-18 19:23:46,19,5,False
7de05870-4ad2-49c2-b19a-a9777cdefa02,CUS-01021,28144.71,bank_transfer,Kano,Fagge,a14fbfe3ea501645,2025-01-18 19:25:26,19,5,False
816567c8-2adb-48a3-a80c-88dc473bc28e,CUS-01569,4695.96,ussd,Abuja FCT,Municipal,21d624bef1726de6,2025-01-18 19:33:26,19,5,False
223a2f86-b5b7-43cd-983c-05b67672a68d,CUS-00194,2762.17,pos,Kano,Kumbotso,772c1cdc30b567ac,2025-01-18 19:33:35,19,5,False
bca0f7eb-e2f2-4851-9ba2-be40c04c8e68,CUS-00679,59369.25,bank_transfer,Zamfara,Zamfara-Central,7e25cc8d75f3b759,2025-01-18 19:34:53,19,5,False
38f491b2-a58a-4895-99b1-09e70b497625,CUS-00691,32927.6,pos,Rivers,Obio-Akpor,395436e8a74699ec,2025-01-18 19:35:00,19,5,True
67329ac0-8564-4ce1-815d-3d40d95b0e15,CUS-00883,175.03,pos,Lagos,Oshodi-Isolo,dfb09978915770b7,2025-01-18 19:45:42,19,5,False
680ec243-2d3b-4dc2-bbba-ec3ca875b808,CUS-00691,614098.2,pos,Rivers,Oyigbo,395436e8a74699ec,2025-01-18 19:51:00,19,5,True
c459ac89-8a31-40cc-93ac-39c33ec4b3d9,CUS-01554,17151.66,pos,Lagos,Mushin,10db96157a1db4c7,2025-01-18 20:16:00,20,5,True
3ef372a4-9baa-4ac2-ba9b-667441d08b81,CUS-01391,3079.67,ussd,Lagos,Mushin,70e5fcb5aea0673c,2025-01-18 20:17:13,20,5,False
355d3c7e-3c96-41ef-bb11-02cb97420900,CUS-00688,21402.09,bank_transfer,Kwara,Kwara-Central,06ec4d841c47e02c,2025-01-18 20:20:52,20,5,False
b94485d9-9af7-48c3-98f3-3e4f2cc0c85e,CUS-00870,4835.09,ussd,Rivers,Port-Harcourt,48e1653cc2040db1,2025-01-18 20:27:19,20,5,False
ac1c098a-da38-40ab-aafd-93a6ce3fa8f6,CUS-00125,19811.76,mobile_money,Rivers,Port-Harcourt,b21c8566ae744018,2025-01-18 20:36:04,20,5,False
7420f8c5-de9e-4e85-bcba-3ec897e9566f,CUS-00475,97367.89,ussd,Ogun,Ogun-Central,12d309dd435050f0,2025-01-18 20:38:33,20,5,False
84473993-a729-4d88-8e60-7a3a95cfbfde,CUS-01238,131.7,bank_transfer,Akwa Ibom,Akwa Ibom-Central,4f2883e80ffbe344,2025-01-18 20:45:49,20,5,False
c3e40a3a-6f39-4949-962a-e17f8ff859f9,CUS-01850,52192.4,bank_transfer,Kano,Nassarawa,6682a0ec008759ac,2025-01-18 21:01:51,21,5,False
47c0646b-fc34-46d2-87fc-669762e50eef,CUS-00512,4798.17,bank_transfer,Yobe,Yobe-Central,163b2a6b6d6c7512,2025-01-18 21:03:45,21,5,False
bf4cbaa5-7d80-4dd5-aa4e-9d74d2c0a113,CUS-00157,200.72,mobile_money,Kwara,Kwara-Central,5a88b3464efae3ec,2025-01-18 21:07:30,21,5,False
71853b87-c361-43df-a85c-ed772fcc135a,CUS-01449,828274.69,pos,Anambra,Nnewi North,1136ae79af32c0d4,2025-01-18 21:16:37,21,5,False
4f82343e-4904-4763-81b9-3411bc1814a0,CUS-00481,2641.44,ussd,Edo,Oredo,62896152bd82ae30,2025-01-18 21:17:15,21,5,False
da7e2e47-8668-460f-bdc6-d94ef2d42d4c,CUS-00951,114.63,mobile_money,Delta,Uvwie,4973e4e26b1c17dd,2025-01-18 21:24:40,21,5,False
fde16109-fdcf-40ed-8ed8-aba3fe38eef8,CUS-01208,492.61,bank_transfer,Kano,Gwale,e98a5e1c5dd09287,2025-01-18 21:29:29,21,5,False
5b48f7b7-fa3d-4ad1-ae3a-eab7fc5ef1bb,CUS-00856,96218.35,pos,Lagos,Ikorodu,a05b19ccf5dfefe0,2025-01-18 21:54:24,21,5,False
3ce0e3c7-d027-4a77-91dc-d62878de4549,CUS-01554,72473.2,mobile_money,Lagos,Alimosho,10db96157a1db4c7,2025-01-18 22:23:00,22,5,True
2bee4fdb-2ceb-4e9b-89a7-0157ce13ab9e,CUS-00136,302.77,mobile_money,Abuja FCT,Gwagwalada,8489629970648402,2025-01-18 22:46:00,22,5,True
971f2a93-6275-4a35-94f7-ea0f1e4d247b,CUS-00136,171.52,pos,Abuja FCT,Municipal,8489629970648402,2025-01-18 22:56:00,22,5,True
edf511bc-9ed1-4e3a-ad99-bdb3bd3f51f8,CUS-00354,60.06,bank_transfer,Lagos,Agege,b36159d39ed584a2,2025-01-18 23:22:11,23,5,False
4cbfd8bd-df42-491d-9704-89c398bf6f70,CUS-01636,3488.57,ussd,Rivers,Port-Harcourt,66bd3121a09da021,2025-01-19 00:43:27,0,6,False
b9f11f06-bce5-4923-9ce0-429ebc468552,CUS-00738,98011.46,card,Rivers,Eleme,130806cccf311571,2025-01-19 02:18:46,2,6,False
73e721db-f3cb-414d-9a44-4800efc7751b,CUS-01448,302.42,pos,Jigawa,Jigawa-Central,61416da760c38dee,2025-01-19 03:09:00,3,6,True
a28f7d24-2bcd-4ea8-a58d-1495f430f4f8,CUS-01448,71.6,pos,Jigawa,Jigawa-Central,61416da760c38dee,2025-01-19 03:13:00,3,6,True
4d6badf7-3b7e-4884-9f8e-85b6c0a6b80b,CUS-01305,769451.68,bank_transfer,Zamfara,Zamfara-Central,dfc9ae6662f00748,2025-01-19 03:25:00,3,6,True
bece0961-b1b6-45eb-88a9-b21d03dd9095,CUS-01448,288.79,mobile_money,Jigawa,Jigawa-Central,61416da760c38dee,2025-01-19 03:40:00,3,6,True
7270e837-0a43-4fd9-bcc2-c34020799867,CUS-01448,314.97,ussd,Jigawa,Jigawa-Central,61416da760c38dee,2025-01-19 03:41:00,3,6,True
c77cd969-49d0-46a9-89c9-c6448a48bd20,CUS-01448,338.45,ussd,Jigawa,Jigawa-Central,61416da760c38dee,2025-01-19 03:46:00,3,6,True
c24d35a4-d607-4ba5-b940-5f9c2decf4b0,CUS-01444,97429.22,card,Zamfara,Zamfara-Central,8a832c116325ac82,2025-01-19 04:00:20,4,6,False
b22553bd-a3e9-4840-aa4e-6bd6f36e6ab3,CUS-01245,323.28,mobile_money,Enugu,Enugu North,a95550343289f149,2025-01-19 04:12:14,4,6,False
a26a2e5a-71e6-4e3d-b72d-4e37fd4ad7a8,CUS-00578,52131.56,pos,Abuja FCT,Kuje,11bf76c9882864cd,2025-01-19 04:23:26,4,6,False
b113ea9c-5503-4e9f-bf25-c7cee73f81b9,CUS-00645,200360.64,bank_transfer,Niger,Niger-Central,3f8102ecf21bc1db,2025-01-19 04:42:00,4,6,True
f0227bcd-8ba1-4842-ab7f-3fe68349f55a,CUS-01956,3578.81,ussd,Delta,Uvwie,03426b6d08e1ad15,2025-01-19 04:57:08,4,6,False
f18831bf-ce59-463f-b511-943fcedb4fb6,CUS-00379,261.73,pos,Kano,Nassarawa,97ab9ee55a7e362b,2025-01-19 05:05:07,5,6,False
ac291c6a-4f63-4c39-a1f6-1ea99d67d286,CUS-01786,586.07,bank_transfer,Enugu,Enugu North,7124e494c7f17efa,2025-01-19 05:55:09,5,6,False
78ccf542-65a5-4f27-8bed-dca204f77f98,CUS-01651,37355.54,bank_transfer,Kano,Tarauni,396043149ea8b2e6,2025-01-19 06:12:00,6,6,True
fdc0c4d3-39f4-4b75-b2d8-6afd6a99a79e,CUS-01269,355.88,mobile_money,Kano,Fagge,d063004795dfbee2,2025-01-19 06:15:00,6,6,True
19d05ed9-3d79-43b4-9044-89919e62c003,CUS-01269,17464.52,pos,Kano,Tarauni,d063004795dfbee2,2025-01-19 06:28:00,6,6,True
65c75f7e-80bf-4916-bb87-267ea58a9821,CUS-01269,2644.67,bank_transfer,Kano,Fagge,d063004795dfbee2,2025-01-19 06:30:00,6,6,True
9c9a34ba-9b3a-4be9-8f4f-a97c76be647c,CUS-00409,18188.38,mobile_money,Lagos,Ikeja,7edcbf54bb8a31ff,2025-01-19 06:46:00,6,6,True
ccab5ba1-76c1-47d5-93a8-313ac76d8d21,CUS-00892,3095.03,mobile_money,Plateau,Plateau-Central,c675c3ac25c15d49,2025-01-19 06:50:05,6,6,False
e715adba-b465-49c2-a785-61a8385eff07,CUS-00409,3429.92,pos,Lagos,Mushin,7edcbf54bb8a31ff,2025-01-19 07:42:00,7,6,True
fcae00da-050b-4ed4-844f-31ac63ce7d09,CUS-00989,2860.01,ussd,Plateau,Plateau-Central,9f93c7107d5e5ece,2025-01-19 08:11:19,8,6,False
1fc64983-8332-4eac-90fc-6c50dc4bb352,CUS-00863,442.42,bank_transfer,Rivers,Obio-Akpor,a133f84deb5ccf1d,2025-01-19 08:51:27,8,6,False
4e3de51e-d0eb-4a92-a80c-b1db7e4ab530,CUS-01453,26552.7,bank_transfer,Oyo,Ibadan North,fee6248a5b22adcf,2025-01-19 09:00:36,9,6,False
0bfbdccd-c810-48b9-9c7f-76f44cb151c9,CUS-01651,112.18,bank_transfer,Kano,Dala,396043149ea8b2e6,2025-01-19 09:02:00,9,6,True
256ef07f-ccf8-46e9-aa02-47ed0704df72,CUS-01651,26822.86,pos,Kano,Dala,396043149ea8b2e6,2025-01-19 09:10:00,9,6,True
986e0e72-b508-4e01-a727-f3a18d148826,CUS-00996,52887.49,pos,Taraba,Taraba-Central,7a9b7dbe88f4f124,2025-01-19 09:13:10,9,6,False
3b2b6e43-4377-4162-8c3b-bdbd3956a796,CUS-01800,2463.3,pos,Cross River,Cross River-Central,495085d7be707495,2025-01-19 09:15:35,9,6,False
18e870c0-6899-46d3-905a-7e2446600761,CUS-01825,41819.72,pos,Oyo,Ibadan South-West,67bd0a3396337975,2025-01-19 09:16:51,9,6,False
715f093e-1799-490c-8636-2cb57099faa3,CUS-01756,33047.48,pos,Cross River,Cross River-Central,4992e34bc44b3870,2025-01-19 09:18:51,9,6,False
8bcdb4c7-a849-4380-bc3c-8f6c7d741a64,CUS-00409,929190.8,pos,Lagos,Ikorodu,7edcbf54bb8a31ff,2025-01-19 09:24:00,9,6,True
19d5aa3e-fe0c-4235-bd42-980d0d21d952,CUS-01781,23519.56,pos,Kogi,Kogi-Central,7c39e27bdd3e2a60,2025-01-19 09:42:51,9,6,False
709854ba-a117-407f-bf25-22f29567a9ca,CUS-00762,52.95,bank_transfer,Lagos,Eti-Osa,209d1ceb642d37e1,2025-01-19 09:44:01,9,6,False
f8d564b2-03bf-4119-855f-5b44ff61163d,CUS-00631,4784.65,mobile_money,Nassarawa,Nassarawa-Central,214f4c3615026b4e,2025-01-19 09:44:02,9,6,False
55fd4137-31ae-45e9-8ccb-d5a931e7a0aa,CUS-01569,2654.4,pos,Abuja FCT,Kuje,21d624bef1726de6,2025-01-19 10:02:21,10,6,False
5710fb28-c4b7-4d41-803c-0c4a265db864,CUS-00037,72705.92,pos,Lagos,Oshodi-Isolo,72ae7fb6dfe605ed,2025-01-19 10:02:22,10,6,False
bc357c24-1f6e-477b-95d1-1a5ad1c59c00,CUS-01769,177917.82,pos,Rivers,Eleme,1118a0d8bb9220e4,2025-01-19 10:09:04,10,6,False
d11be5b8-d524-4118-a2ef-6187ede391c6,CUS-01604,3520.5,pos,Lagos,Alimosho,f3a9328502c9a405,2025-01-19 10:09:15,10,6,False
7a6e0954-8cba-42f5-9701-572e3026f827,CUS-01748,27482.61,pos,Kwara,Kwara-Central,e247f88c921fa712,2025-01-19 10:10:32,10,6,False
84b0dbd3-1c5e-42e3-af39-1ecec95a5178,CUS-00653,189227.24,pos,Osun,Osun-Central,e8a1a2cdb5cf364e,2025-01-19 10:11:02,10,6,False
a23766f2-56e1-41b9-95de-43f056427973,CUS-01269,2394.87,pos,Kano,Gwale,d063004795dfbee2,2025-01-19 10:19:00,10,6,True
0e63d9f0-e4e8-4c42-b1c5-f2131f996574,CUS-01881,64.27,mobile_money,Kebbi,Kebbi-Central,cc777f8275aeca85,2025-01-19 10:23:15,10,6,False
678ea239-a01a-4c88-b61a-f8d8d59ab7b3,CUS-01269,1950.65,bank_transfer,Kano,Gwale,d063004795dfbee2,2025-01-19 10:34:00,10,6,True
43fb232d-edf5-4f31-aaab-cc490b4b157b,CUS-00409,16269.52,bank_transfer,Lagos,Alimosho,7edcbf54bb8a31ff,2025-01-19 10:36:00,10,6,True
748fb687-cda0-4a25-b7f1-dcb99d336cd6,CUS-00284,268.12,pos,Oyo,Ogbomoso,2521b7e3eb4f932c,2025-01-19 10:38:59,10,6,False
96f5419d-4fe8-44d5-90cb-cb00fcfb4dab,CUS-01112,844684.03,mobile_money,Lagos,Oshodi-Isolo,b4f1235d82904da6,2025-01-19 10:40:22,10,6,False
a72b9a0e-fa7b-4b4b-a814-d4045f5708f0,CUS-00409,2658.79,pos,Lagos,Ikorodu,7edcbf54bb8a31ff,2025-01-19 10:41:00,10,6,True
ce30ab7c-aeee-4e16-ac9e-e7fd84059966,CUS-00130,447107.39,pos,Rivers,Port-Harcourt,bba31a7c8dcf95ed,2025-01-19 10:49:34,10,6,False
16b76630-e961-485d-bda2-e161d5867b8f,CUS-01651,137191.34,bank_transfer,Kano,Nassarawa,396043149ea8b2e6,2025-01-19 10:57:00,10,6,True
abc3a8f0-e386-4d6d-a8c3-253cf382eda6,CUS-00726,2492.39,pos,Lagos,Oshodi-Isolo,dafcccd8fd9e36a8,2025-01-19 11:00:00,11,6,True
cb59ad2c-e51c-4566-855b-a7aa9a3b5f42,CUS-01604,178.69,pos,Lagos,Lagos Mainland,f3a9328502c9a405,2025-01-19 11:06:08,11,6,False
01b81177-9e66-4cfb-8487-ea67a68a7d93,CUS-01079,123160.98,ussd,Katsina,Katsina-Central,3e3041f5201f24c0,2025-01-19 11:08:04,11,6,False
3d220083-7837-4410-8f31-edec1c1e52b7,CUS-00726,1443.07,pos,Borno,Borno-Central,dafcccd8fd9e36a8,2025-01-19 11:11:00,11,6,True
06213562-2435-47ee-b3d1-f182aaa46e51,CUS-01481,4376.13,ussd,Lagos,Oshodi-Isolo,fb1a5782a9cd5080,2025-01-19 11:11:12,11,6,False
3bcb94f8-e221-4b3a-b109-6a579bac4b37,CUS-01494,185364.27,mobile_money,Kaduna,Kaduna North,acf36f5ac3721732,2025-01-19 11:17:40,11,6,False
d10bd31c-1787-410d-94ae-e1e92f3d985e,CUS-01070,47847.45,mobile_money,Kano,Kumbotso,33d5e150880b49ae,2025-01-19 11:17:52,11,6,False
7ccd5a7f-00dc-4e00-8438-9ed2ac162578,CUS-01249,1340.22,bank_transfer,Enugu,Enugu East,0c1ae52223dc0d81,2025-01-19 11:18:50,11,6,False
4a5b80bd-76b9-4f32-a006-65ce9f9f9709,CUS-00222,810284.05,pos,Lagos,Agege,03d53dcc4ef59e8b,2025-01-19 11:19:46,11,6,False
e54ea6d3-aa1d-4824-a846-e91b365e89f3,CUS-00198,495.09,bank_transfer,Niger,Niger-Central,9af1733f50cf9816,2025-01-19 11:22:00,11,6,False
6392ff19-ad1e-4a52-94d7-65dae97c3e38,CUS-01280,271.25,mobile_money,Enugu,Enugu East,de49824b2d71bf04,2025-01-19 11:32:20,11,6,False
3492f007-c4b5-4361-820f-59c5f0a781e5,CUS-00846,42764.62,mobile_money,Lagos,Oshodi-Isolo,c8efc5cd1998980e,2025-01-19 11:35:03,11,6,False
8338814d-6b1c-4200-8568-dc97bfe3bb67,CUS-01112,2385.98,mobile_money,Lagos,Eti-Osa,b4f1235d82904da6,2025-01-19 11:46:40,11,6,False
bb18c14b-bc50-4a63-93be-47816daae358,CUS-01160,29572.1,bank_transfer,Plateau,Plateau-Central,ff647bdc0d9b8867,2025-01-19 11:46:45,11,6,False
6d4407de-4c6b-4091-ab6f-345d19dfb247,CUS-01618,445976.39,mobile_money,Oyo,Ibadan North,a5d3e4c3c00502e8,2025-01-19 11:46:48,11,6,False
35d24f4d-a9eb-4aef-b2e7-f4b8b885cf0a,CUS-01055,960.99,card,Kano,Dala,8f06ec76dd8c644b,2025-01-19 11:48:12,11,6,False
c7af1a18-995d-4e58-913d-7e69745dc374,CUS-00556,77816.96,bank_transfer,Lagos,Alimosho,3fc3a1d0ba551e2e,2025-01-19 11:55:26,11,6,False
1d820040-f0a8-4889-b06e-19d0ca75c420,CUS-01185,2364.66,pos,Abuja FCT,Gwagwalada,a6b4370cecc956b7,2025-01-19 12:00:00,12,6,True
e3001da7-558f-49d0-811a-2ea0811d26bc,CUS-01998,2885.86,bank_transfer,Lagos,Agege,1b723b7d1e316182,2025-01-19 12:01:44,12,6,False
6639f6db-43f2-4757-97c2-be83ebc60439,CUS-00043,2480.92,pos,Kogi,Kogi-Central,dde67db5f24e0bcc,2025-01-19 12:02:01,12,6,False
037c6196-4695-447b-bda4-cfe42f6f828a,CUS-00145,144.8,mobile_money,Lagos,Lagos Mainland,9e508b130921c688,2025-01-19 12:02:23,12,6,False
63f1565c-e1cf-4bad-af65-13308f2ceaec,CUS-01185,69570.09,mobile_money,Bayelsa,Bayelsa-Central,a6b4370cecc956b7,2025-01-19 12:15:00,12,6,True
0d14415d-feb2-4afc-93ac-04c0f5a39c46,CUS-00409,56.94,pos,Lagos,Ikorodu,7edcbf54bb8a31ff,2025-01-19 12:20:00,12,6,True
ea62c413-cc91-4590-b01a-fde8964311e1,CUS-01806,3405.06,pos,Delta,Oshimili South,03e3cce37197c2f4,2025-01-19 12:20:23,12,6,False
3a2139f8-39ca-4ed7-ac4c-43eae3a85dff,CUS-01648,168394.16,pos,Abia,Abia-Central,fed032d7d6ce8d9b,2025-01-19 12:25:21,12,6,False
ae46f223-44e5-4484-8861-2a26917d8f97,CUS-01710,2079.18,pos,Lagos,Mushin,12db394867b9e9bd,2025-01-19 12:37:45,12,6,False
3be0acfd-ff41-4947-9269-40fb8fd301ae,CUS-00540,35259.26,mobile_money,Katsina,Katsina-Central,eff3c0ac9d23a694,2025-01-19 12:40:51,12,6,False
d9bdf16d-1cf4-4156-89a0-7725110725a1,CUS-01066,4334.08,pos,Lagos,Eti-Osa,49a6701b8f3838cc,2025-01-19 12:45:30,12,6,False
f8de5855-bfb9-4611-b6e9-e9944ff5ac93,CUS-01766,308.07,bank_transfer,Osun,Osun-Central,95b4edf9a9a1eb6f,2025-01-19 12:47:07,12,6,False
ccf2ce9c-7b72-478e-967b-c39dc62032ea,CUS-01461,27925.14,pos,Delta,Warri South,1f5002689c96a0c3,2025-01-19 12:48:38,12,6,False
98279250-8868-4935-8da4-c27ab0b4542f,CUS-01679,4882.01,pos,Edo,Egor,b43b902fdfc612ca,2025-01-19 12:50:07,12,6,False
88d7a215-bb92-4198-b2e7-5d6165478d70,CUS-01096,86769.21,card,Lagos,Eti-Osa,41d538220b50c361,2025-01-19 12:55:20,12,6,False
8672c447-5102-49a7-9888-7745dc471671,CUS-01707,199.87,pos,Lagos,Kosofe,9fd922cd16970c90,2025-01-19 13:03:55,13,6,False
fdfb36fa-1a4d-41b6-a2b1-45b9676ce12b,CUS-00409,2869.6,ussd,Lagos,Agege,7edcbf54bb8a31ff,2025-01-19 13:07:00,13,6,True
0507a504-eefc-4b8f-9f17-67e431c3e8f2,CUS-00409,2469.64,pos,Lagos,Agege,7edcbf54bb8a31ff,2025-01-19 13:09:00,13,6,True
1d5e95ad-5b72-491d-9c86-5e81f4cb9fdc,CUS-01289,207.83,pos,Lagos,Ikeja,071f24dd723ca26b,2025-01-19 13:11:29,13,6,False
94da40a5-4ca5-4f19-b208-9a2455214299,CUS-01142,4994.14,bank_transfer,Anambra,Nnewi North,b4f03bc7e8cf05c0,2025-01-19 13:18:42,13,6,False
284650db-2de9-4bb9-bb9c-14f8192e21ee,CUS-01551,53907.26,pos,Kaduna,Zaria,edf0c9922b691d14,2025-01-19 13:29:21,13,6,False
0d8e4b9d-644b-48b4-b951-358395c41347,CUS-00558,89631.41,pos,Kwara,Kwara-Central,de6228374a9d4b7e,2025-01-19 13:36:42,13,6,False
71e9190c-f844-4a4e-8f01-e90f48acc283,CUS-00512,46992.88,bank_transfer,Yobe,Yobe-Central,163b2a6b6d6c7512,2025-01-19 13:48:30,13,6,False
9cbeb40e-315b-4e4e-8c0d-c698da973b7b,CUS-00232,42252.3,ussd,Oyo,Ibadan North,ea03ae9c877f8c0b,2025-01-19 14:01:07,14,6,False
af628d40-2b66-4f19-9149-0fc9501b13ce,CUS-00589,107.25,mobile_money,Lagos,Surulere,5e6a801e67834684,2025-01-19 14:06:26,14,6,False
ad386ff0-81cd-4013-86d9-688911752f38,CUS-01459,291.38,bank_transfer,Delta,Warri South,83ecf0b74091205d,2025-01-19 14:11:08,14,6,False
0e4ed967-4181-4f11-931d-eea22c908640,CUS-01298,145.66,pos,Enugu,Enugu North,8316a52fadfdb58f,2025-01-19 14:12:56,14,6,False
0b067dbe-c362-453e-8a2c-4907a0f806df,CUS-01436,1598.18,pos,Kano,Nassarawa,407a3276e36403ea,2025-01-19 14:15:43,14,6,False
8871e33b-3852-46fa-bbf3-c640cdfd8003,CUS-01711,3031.88,mobile_money,Lagos,Lagos Mainland,17b68a7cdec7e709,2025-01-19 14:16:58,14,6,False
e8a4e3ea-1f6a-4962-bdce-ab90650c5222,CUS-01651,91822.83,bank_transfer,Kano,Dala,396043149ea8b2e6,2025-01-19 14:26:00,14,6,True
e20b3d11-9c98-42f5-9c4a-56b2af70de8a,CUS-01003,4670.57,bank_transfer,Ondo,Ondo-Central,439e1cb89f05b12e,2025-01-19 14:50:32,14,6,False
4dbc43bd-2d3d-4938-b504-1db8beef32cb,CUS-01560,2782.0,pos,Kano,Nassarawa,65fa79b574411b2d,2025-01-19 14:54:47,14,6,False
f9167d36-8e6d-4063-9a81-99369f8ec7bd,CUS-01406,3738.45,ussd,Borno,Borno-Central,b14f58c7a95ce377,2025-01-19 14:59:48,14,6,False
df76b7a2-272f-45ec-a3e8-4f0aa5efbdb3,CUS-00778,1338.66,bank_transfer,Ondo,Ondo-Central,734366b03ca116fb,2025-01-19 15:04:46,15,6,False
33aad823-89d3-47d5-b35e-8b30e4098c16,CUS-01651,62437.61,bank_transfer,Kano,Dala,396043149ea8b2e6,2025-01-19 15:14:00,15,6,True
13804b18-bbdf-46ee-aa8d-1fe4faa5a41c,CUS-00018,3547.23,pos,Rivers,Port-Harcourt,64be6769e0ecccb4,2025-01-19 15:17:55,15,6,False
c18a4dd4-954b-49f8-ab48-2d7d8a02c90c,CUS-01135,4085.17,bank_transfer,Lagos,Ikeja,ddc7283b773c8f9b,2025-01-19 15:19:42,15,6,False
8b534a43-1eb5-47d7-8988-acc36ef05347,CUS-00409,3261.64,bank_transfer,Lagos,Ikeja,7edcbf54bb8a31ff,2025-01-19 15:27:00,15,6,True
8778e93d-79b6-490e-9220-66cf30eb2730,CUS-00409,4809.61,pos,Lagos,Ikorodu,7edcbf54bb8a31ff,2025-01-19 15:27:00,15,6,True
cafaa55a-7893-4657-a2ee-c435123dc349,CUS-00506,1728.87,ussd,Taraba,Taraba-Central,36d937528a49042b,2025-01-19 15:29:14,15,6,False
7e554304-74b0-4191-932f-9751ea5930b0,CUS-00025,3343.92,pos,Abia,Abia-Central,a71075acd136b7ae,2025-01-19 15:35:12,15,6,False
d42ae754-bcf9-42cc-81ee-f2ee4308796e,CUS-01057,747931.38,bank_transfer,Rivers,Obio-Akpor,5bf01b42e23bcb1a,2025-01-19 15:37:00,15,6,True
b2685b76-a1f0-4fff-a698-80fff506e89f,CUS-01762,393.8,bank_transfer,Lagos,Ikeja,a30f47b1c41a7839,2025-01-19 15:37:21,15,6,False
8b99594e-baa1-47ef-b073-0c7057e4449b,CUS-00020,17329.6,card,Kaduna,Kaduna North,17432577a0f31ee4,2025-01-19 15:38:22,15,6,False
bb46dcc3-16b2-41ee-bcc6-e9b778201f97,CUS-00095,436.58,mobile_money,Abuja FCT,Gwagwalada,153f2c240b7102b6,2025-01-19 15:38:30,15,6,False
05aa92c1-ce7e-4f23-b420-a410314154a9,CUS-01269,3066.33,mobile_money,Kano,Fagge,d063004795dfbee2,2025-01-19 15:40:00,15,6,True
71761657-5942-4ba2-831d-7b5f4ed2ee7f,CUS-00239,3682.23,pos,Lagos,Mushin,a18fc29097aafe72,2025-01-19 15:45:17,15,6,False
8402a88e-28f9-4952-ac2f-f737697cc2d8,CUS-00161,7149.78,ussd,Lagos,Mushin,60cf3886193024a7,2025-01-19 16:00:00,16,6,True
13070b1c-2725-4974-a78f-e1c29586a6d9,CUS-00409,4749.49,pos,Lagos,Lagos Mainland,7edcbf54bb8a31ff,2025-01-19 16:04:00,16,6,True
894a52f7-2bbf-4fb1-a27c-19f720527cdd,CUS-01457,2562.19,mobile_money,Anambra,Onitsha North,cd5bda4f0269770a,2025-01-19 16:11:11,16,6,False
b7d2f613-ed96-44a7-9520-2b720a6350c6,CUS-01651,1638.16,bank_transfer,Kano,Gwale,396043149ea8b2e6,2025-01-19 16:12:00,16,6,True
9d93b4a1-b604-47d1-8e69-53e5a17da813,CUS-00161,33373.57,bank_transfer,Borno,Borno-Central,60cf3886193024a7,2025-01-19 16:16:00,16,6,True
7780dbad-e893-4f00-9691-6d559e040f1f,CUS-01651,263.13,card,Kano,Nassarawa,396043149ea8b2e6,2025-01-19 16:18:00,16,6,True
d724d2d8-fb99-41ea-8b4f-114ab1a1ca07,CUS-01784,25586.01,mobile_money,Delta,Warri South,418192c8ffc6e281,2025-01-19 16:24:34,16,6,False
1283558f-d674-4b9c-a1db-6a4cee9dc8de,CUS-00872,3432.47,ussd,Delta,Oshimili South,07840812b559650f,2025-01-19 16:25:01,16,6,False
ff8b50eb-3502-4808-b0f6-9139080e33ea,CUS-00110,28907.02,pos,Kano,Tarauni,ec463c226c5edd40,2025-01-19 16:26:40,16,6,False
ba8c934d-c562-4046-8d79-9df2079bff92,CUS-01891,570608.03,bank_transfer,Rivers,Obio-Akpor,3a1ec13f14ce0f06,2025-01-19 16:37:16,16,6,False
5bfc631d-2cd8-4a51-a813-bb4862c9cd55,CUS-01622,209.49,pos,Oyo,Oyo East,7963dcf2f8c7dcbc,2025-01-19 16:52:43,16,6,False
21ef3b2a-f582-464e-ae1c-842c0d97dd58,CUS-01579,86325.19,bank_transfer,Oyo,Ogbomoso,98d39056461813d3,2025-01-19 16:54:44,16,6,False
663ba824-6d7d-4c74-9745-6b86ab52fa3e,CUS-01651,54073.32,bank_transfer,Kano,Nassarawa,396043149ea8b2e6,2025-01-19 16:58:00,16,6,True
bbf1439f-62d6-4352-b57e-fe569c3612b5,CUS-01252,222029.43,bank_transfer,Lagos,Surulere,3b4cd92b99bb727d,2025-01-19 17:04:05,17,6,False
46130c21-52bc-495e-ba45-e1080b69f105,CUS-01269,29528.06,pos,Kano,Nassarawa,d063004795dfbee2,2025-01-19 17:05:00,17,6,True
c3a40317-1e74-4ed6-996e-c4468ca97647,CUS-01144,2105.34,bank_transfer,Kano,Fagge,79f2ca9dea7f4c82,2025-01-19 17:06:54,17,6,False
03e88381-179f-4f0b-a4f3-a75224c02766,CUS-00474,3337.02,bank_transfer,Oyo,Ogbomoso,1ff434af9688f99c,2025-01-19 17:08:08,17,6,False
b8d4b055-e794-4dec-97fe-75bdfd9be2af,CUS-00758,151.41,ussd,Nassarawa,Nassarawa-Central,939287cb470a4cbe,2025-01-19 17:09:57,17,6,False
d855021f-f446-4712-bc83-643adf6b13bc,CUS-00258,94056.5,pos,Oyo,Oyo East,0aef7632c74d2bb0,2025-01-19 17:25:05,17,6,False
3ba0383d-db94-4806-bd41-cb677cb1a996,CUS-00287,631984.16,bank_transfer,Oyo,Oyo East,afbcc0122e2768f4,2025-01-19 17:32:00,17,6,True
02de8ad4-8c1a-4cb0-878c-ba56ef1a8052,CUS-01651,255.33,pos,Kano,Nassarawa,396043149ea8b2e6,2025-01-19 17:41:00,17,6,True
f38d8586-cfbd-47df-a9a2-2cfd099fac09,CUS-00651,969.27,pos,Oyo,Ibadan South-West,08f9f05c9c55855c,2025-01-19 17:43:00,17,6,False
6e62560d-fdeb-44e8-8981-7847c7831c43,CUS-00766,2224.67,pos,Enugu,Nsukka,6ff0ddcda0bc1969,2025-01-19 18:00:00,18,6,True
7f0fe5c3-7a85-4cdd-916f-ea747de79009,CUS-01756,4648.3,pos,Cross River,Cross River-Central,4992e34bc44b3870,2025-01-19 18:00:26,18,6,False
8f9a5e7e-41a7-455c-b369-ec8cc1954844,CUS-00016,254.56,pos,Kano,Dala,8af9389512b674d0,2025-01-19 18:01:44,18,6,False
a60d470b-e277-4fd8-94bd-300f546bb815,CUS-00766,2218.48,bank_transfer,Zamfara,Zamfara-Central,6ff0ddcda0bc1969,2025-01-19 18:13:00,18,6,True
1bef2d19-0b01-4223-8eca-81932bd647c8,CUS-00348,23848.96,bank_transfer,Rivers,Oyigbo,a772237ddffddff3,2025-01-19 18:17:57,18,6,False
69c38fe6-ce87-4b0e-94d1-900a460242ac,CUS-00467,2999.49,bank_transfer,Zamfara,Zamfara-Central,bbda5494e485c011,2025-01-19 18:29:25,18,6,False
169231ac-6dee-49ff-955f-073776ecac4e,CUS-01834,179.42,ussd,Benue,Benue-Central,af74a768871921fd,2025-01-19 18:29:38,18,6,False
581cc4a4-8042-4f65-a276-a8075015cb5c,CUS-00044,36867.92,ussd,Kano,Tarauni,6345167d18868176,2025-01-19 18:30:46,18,6,False
c78ff00e-2055-4e6f-aff0-d7fc68a8971a,CUS-00931,82286.89,mobile_money,Bauchi,Bauchi-Central,378d1c4e280df576,2025-01-19 18:32:55,18,6,False
5bb61b7f-dea6-4f8a-a345-f01f437dd2b1,CUS-01299,3563.56,mobile_money,Edo,Egor,463bb7d0d1220095,2025-01-19 18:38:43,18,6,False
b5a0fdd8-50f0-4af6-a6bb-6ffa270e9e83,CUS-01406,4560.98,mobile_money,Borno,Borno-Central,b14f58c7a95ce377,2025-01-19 18:43:57,18,6,False
791032a5-2b44-4506-8ff5-63853af25b36,CUS-01882,2295.67,card,Enugu,Enugu North,0849820d9e69d4aa,2025-01-19 18:50:02,18,6,False
41d4d327-3427-4a44-b544-4c760b70f125,CUS-00551,456.98,pos,Sokoto,Sokoto-Central,c0cf8f2ba3b42f8e,2025-01-19 18:51:27,18,6,False
ce065e93-2993-49a3-b734-92a468f209bd,CUS-00015,470.07,bank_transfer,Lagos,Surulere,18c3701a26db3a75,2025-01-19 18:54:52,18,6,False
95e52d3c-5701-4ac3-81ce-2bf70d2dbfd3,CUS-00888,211.01,mobile_money,Lagos,Ikorodu,1a56ed5070bdfdef,2025-01-19 19:04:44,19,6,False
c283a320-2973-414e-9e74-716e5d7b02c3,CUS-00946,1747.58,bank_transfer,Lagos,Lagos Mainland,c6a0a0a65e14115d,2025-01-19 19:11:34,19,6,False
e2c7b160-0d60-4903-8076-27400638f885,CUS-01830,1120.54,pos,Ekiti,Ekiti-Central,0d66db8252412143,2025-01-19 19:14:09,19,6,False
2e24e3a8-28c4-436b-aaac-50c06ad88ce8,CUS-01269,84597.54,bank_transfer,Kano,Tarauni,d063004795dfbee2,2025-01-19 19:15:00,19,6,True
497e18ff-4759-4111-8b1c-3b8f046eba7b,CUS-00159,1875.47,mobile_money,Ondo,Ondo-Central,c626f8b5763e26c1,2025-01-19 19:16:42,19,6,False
c5a6d119-57d8-4d67-b7c8-1979e58314c9,CUS-01651,2218.66,pos,Kano,Nassarawa,396043149ea8b2e6,2025-01-19 19:23:00,19,6,True
1e15df74-fe37-412a-84bd-041e82ff1525,CUS-01645,4926.25,pos,Kwara,Kwara-Central,28718c1a00f4bf11,2025-01-19 19:36:14,19,6,False
50843d95-598c-4c84-8759-8db67931a679,CUS-00813,3908.8,bank_transfer,Adamawa,Adamawa-Central,722ce8c70b4a19cd,2025-01-19 19:39:36,19,6,False
267393d4-379d-426e-a5f3-588aebd71335,CUS-01542,10402.07,pos,Oyo,Ibadan North,61dbec9de8a78651,2025-01-19 19:43:24,19,6,False
3a839c34-9c9a-4acc-b5ab-23137ac1a5b1,CUS-00004,95051.96,pos,Lagos,Alimosho,37995ca70dfdc7f4,2025-01-19 19:48:53,19,6,False
edf07ea7-0459-4541-a9c6-c9456fbec2f8,CUS-00409,3519.25,mobile_money,Lagos,Ikeja,7edcbf54bb8a31ff,2025-01-19 19:53:00,19,6,True
a4d99cf0-bed6-4a90-9419-bdb4a6a69bb6,CUS-01624,48286.71,pos,Lagos,Ikeja,766976ee8cdbe429,2025-01-19 19:53:15,19,6,False
475f7771-43e7-4d43-8917-104bec0c3e74,CUS-00755,52934.81,pos,Imo,Imo-Central,868dd195080acd9b,2025-01-19 19:54:13,19,6,False
dd923e61-a8c8-49fa-89aa-125aef0f5a74,CUS-01851,95997.51,pos,Benue,Benue-Central,d3e748409aa8c63f,2025-01-19 20:02:46,20,6,False
b5b75df6-6487-4b7d-b9e7-f013373156cc,CUS-01269,3125.47,pos,Kano,Gwale,d063004795dfbee2,2025-01-19 20:06:00,20,6,True
f1c778d0-3fcf-4529-a59d-2e3c01e0bcf5,CUS-01355,487.44,pos,Kebbi,Kebbi-Central,1a13698cf4c1d9c1,2025-01-19 20:09:46,20,6,False
b9ba5aae-bd4e-4210-9d62-4c1a8485d26e,CUS-00859,2046.14,pos,Lagos,Ikorodu,2a9e5dae55eab181,2025-01-19 20:11:38,20,6,False
5ef2d128-dd32-4bf6-98b8-f62763d09a1d,CUS-00880,2275.18,pos,Lagos,Alimosho,25e28e5b5ec743d3,2025-01-19 20:14:17,20,6,False
804c986e-9915-4fde-a578-e5eb8016856a,CUS-00409,276.29,bank_transfer,Lagos,Mushin,7edcbf54bb8a31ff,2025-01-19 20:17:00,20,6,True
e21609ac-856c-4d88-8969-c78e66b5c26f,CUS-01149,410.47,bank_transfer,Zamfara,Zamfara-Central,200cf8aca5eef511,2025-01-19 20:18:51,20,6,False
2185c23f-d59b-4a09-888c-109f750062e4,CUS-01569,353584.29,ussd,Abuja FCT,Bwari,21d624bef1726de6,2025-01-19 20:21:26,20,6,False
748fe5d8-b471-46c7-a2a2-42270c8df8ef,CUS-00170,3959.28,mobile_money,Anambra,Onitsha North,b30937a8ff222503,2025-01-19 20:38:42,20,6,False
6015497b-d508-4a86-a66b-6067699f8d24,CUS-00582,1735.0,pos,Abuja FCT,Kuje,5097ab10195e97a2,2025-01-19 20:43:29,20,6,False
8031cf48-fbba-4f16-9ce9-4bd7d3694bf8,CUS-00866,1324.28,bank_transfer,Lagos,Mushin,e2829db4416371b8,2025-01-19 20:43:59,20,6,False
7b44d17f-b112-4e69-a585-3a5e88b307c1,CUS-01610,216.3,bank_transfer,Kebbi,Kebbi-Central,22e1b0a33749909a,2025-01-19 20:44:54,20,6,False
36a088dc-162f-485b-9f33-b46f9cadea50,CUS-01798,3621.76,pos,Lagos,Oshodi-Isolo,da09249edbf8957c,2025-01-19 20:49:34,20,6,False
6d4fda78-b196-4f8b-a888-0214b093a842,CUS-00317,1682.87,pos,Lagos,Mushin,f36089e1e301c38d,2025-01-19 20:50:41,20,6,False
4ddc1f70-9b47-479d-bb27-04f42c9ba69a,CUS-00607,4417.44,card,Rivers,Obio-Akpor,2d42db20f66c2301,2025-01-19 20:54:28,20,6,False
8158c3b1-bca1-4775-ac57-0679efd4728d,CUS-01098,4206.6,pos,Abia,Abia-Central,311eb4d69dc7f861,2025-01-19 20:56:39,20,6,False
97df8874-9777-44e6-975b-e96c43886e70,CUS-00937,696.03,bank_transfer,Taraba,Taraba-Central,db6c0c9551210daa,2025-01-19 21:03:58,21,6,False
e2baa041-ce9d-46e6-9713-9806a8996343,CUS-01644,250.3,mobile_money,Lagos,Mushin,4eb0e2d037f0c5a2,2025-01-19 21:05:14,21,6,False
4ba4c83b-fb71-44f6-b9bf-62f8d345d5ba,CUS-00635,139.21,mobile_money,Abuja FCT,Bwari,d3e87928d9822db9,2025-01-19 21:08:36,21,6,False
9e75d139-872b-4b37-a6ca-9a65860e412f,CUS-00854,1029.11,pos,Lagos,Surulere,8339578503fb8b90,2025-01-19 21:12:05,21,6,False
423049f2-4102-4f80-8f98-bc6070145817,CUS-00375,662.82,pos,Kano,Tarauni,83cdeb9a127a29d9,2025-01-19 21:20:21,21,6,False
9580b993-aa96-4b70-8636-9cd8e647e2d2,CUS-01759,264399.4,mobile_money,Oyo,Ibadan South-West,f38f2638e200cb90,2025-01-19 21:20:34,21,6,False
c56dc4a0-4369-4997-a523-0d107381c20d,CUS-01269,50338.16,bank_transfer,Kano,Gwale,d063004795dfbee2,2025-01-19 21:26:00,21,6,True
584cb032-b0b0-4cb0-93dd-14ddd844ded7,CUS-01610,21760.54,bank_transfer,Kebbi,Kebbi-Central,22e1b0a33749909a,2025-01-19 21:34:58,21,6,False
68042fda-2ac1-4d68-b0a7-7a6a62a96928,CUS-00429,474.12,ussd,Lagos,Ikeja,69e52406211df804,2025-01-19 21:37:48,21,6,False
02f401c4-3730-4c3f-9aed-e7a9b6615a5d,CUS-00309,64529.12,pos,Kano,Kumbotso,8db672274e891d06,2025-01-19 21:40:13,21,6,False
f1c26419-ec13-46de-a25f-cb75ee928021,CUS-01651,275.76,bank_transfer,Kano,Fagge,396043149ea8b2e6,2025-01-19 21:45:00,21,6,True
e2d6420c-0662-47ce-a8e6-d100d87b3ca6,CUS-01320,58.78,bank_transfer,Lagos,Lagos Mainland,1cea17001a33563e,2025-01-19 21:58:00,21,6,False
9606b03b-376e-4b7e-9828-2fe65bc5796b,CUS-01651,3299.86,bank_transfer,Kano,Nassarawa,396043149ea8b2e6,2025-01-19 22:26:00,22,6,True
b013d7a4-f91f-45ec-91fb-f60d92caa375,CUS-01244,343323.31,pos,Kwara,Kwara-Central,2de3c5b088b4497a,2025-01-19 22:26:49,22,6,False
5765949b-28ab-413d-84fd-f64c9d8efc0e,CUS-01269,4749.74,pos,Kano,Nassarawa,d063004795dfbee2,2025-01-19 22:35:00,22,6,True
5e17dc3c-42cd-4601-946d-dd1147378847,CUS-00983,3819.49,mobile_money,Lagos,Oshodi-Isolo,df0d0800377121f5,2025-01-19 22:39:21,22,6,False
fbcb321a-a41e-4bd8-872a-78ff86aac88b,CUS-01651,3146.78,pos,Kano,Kumbotso,396043149ea8b2e6,2025-01-19 22:40:00,22,6,True
ba05de78-c61b-4f81-8e7f-6c16de4c385c,CUS-00409,38079.76,mobile_money,Lagos,Surulere,7edcbf54bb8a31ff,2025-01-19 22:40:00,22,6,True
4a20b005-eea2-495c-b944-e96977341711,CUS-01880,535.4,bank_transfer,Anambra,Awka South,6152af8ce136007f,2025-01-19 22:49:17,22,6,False
649bf0be-a3be-446a-8818-ae6475df0266,CUS-01294,146.04,card,Imo,Imo-Central,483e21c5ddaeee0f,2025-01-20 00:11:40,0,0,False
b5f850d9-4be7-471d-b4bd-a1218c87d215,CUS-00096,71.71,pos,Abuja FCT,Gwagwalada,24a4796a15bd8fee,2025-01-20 00:12:21,0,0,False
add206f4-6b34-4e46-8803-fde613410fae,CUS-01555,457.49,bank_transfer,Lagos,Agege,78defe75dc542af4,2025-01-20 00:43:17,0,0,False
71cdf1ba-3dd7-43bc-8009-952c7df975d4,CUS-00945,836417.7,bank_transfer,Lagos,Eti-Osa,db2cd3afbd5edf20,2025-01-20 00:56:00,0,0,True
ff91bd54-4c3d-425f-8221-46c627f3501e,CUS-01043,222.56,mobile_money,Enugu,Nsukka,5cb8d7aafc020524,2025-01-20 01:02:00,1,0,True
a0a95fcc-37eb-400b-b0ed-6184e2525bb6,CUS-00602,166.36,pos,Lagos,Ikorodu,2f63c3ceec0cd786,2025-01-20 01:02:00,1,0,True
6c9225a7-1ebd-4bf5-b553-0e3f55497190,CUS-00602,69.12,mobile_money,Lagos,Kosofe,2f63c3ceec0cd786,2025-01-20 01:04:00,1,0,True
f112fdcf-6012-4459-be0e-1ca1018334db,CUS-01043,356.5,ussd,Enugu,Nsukka,5cb8d7aafc020524,2025-01-20 01:11:00,1,0,True
aa8e8e87-2b08-40c2-8cb4-fd9bcedad9af,CUS-00602,245.51,ussd,Lagos,Alimosho,2f63c3ceec0cd786,2025-01-20 01:12:00,1,0,True
72065e1b-2246-4631-9064-d7edc0fa3cae,CUS-01043,393.07,ussd,Enugu,Enugu North,5cb8d7aafc020524,2025-01-20 01:13:00,1,0,True
e44cbe9e-71b9-4b55-94be-d1d90b3eb8b6,CUS-00602,417.07,mobile_money,Lagos,Eti-Osa,2f63c3ceec0cd786,2025-01-20 01:16:00,1,0,True
206d6b56-efd6-435f-ac3f-17fc48cb3eb1,CUS-01043,140.09,mobile_money,Enugu,Nsukka,5cb8d7aafc020524,2025-01-20 01:33:00,1,0,True
2da029f2-5d24-40e1-8b0c-475f0ca30ef5,CUS-00602,190.59,pos,Lagos,Ikorodu,2f63c3ceec0cd786,2025-01-20 01:38:00,1,0,True
c9319f20-4092-4782-97bf-b4b40be586cc,CUS-01043,105.41,mobile_money,Enugu,Nsukka,5cb8d7aafc020524,2025-01-20 01:41:00,1,0,True
39ab6240-8bdb-4472-8c30-dbb24b3bed9e,CUS-01043,421.35,ussd,Enugu,Nsukka,5cb8d7aafc020524,2025-01-20 01:41:00,1,0,True
d2dbf763-a73a-4aff-bc04-0458ed065504,CUS-00602,381.7,pos,Lagos,Ikeja,2f63c3ceec0cd786,2025-01-20 01:43:00,1,0,True
8fd1bf75-1406-46ed-8b08-2ba8ac1c16b9,CUS-00602,164.08,mobile_money,Lagos,Mushin,2f63c3ceec0cd786,2025-01-20 01:51:00,1,0,True
7ea264f0-fe6f-489d-b96f-98ea39d2a126,CUS-00056,863867.63,bank_transfer,Lagos,Eti-Osa,2261f7a59fdd0292,2025-01-20 03:46:00,3,0,True
9886c06d-8832-4fa9-9940-60c2cfed00e4,CUS-01941,4774.29,ussd,Kano,Gwale,9dbbf7c1e6ccee2c,2025-01-20 04:02:58,4,0,False
1c9fc6f7-1bc3-4aed-ab65-f9f91443b300,CUS-01979,276.67,bank_transfer,Borno,Borno-Central,9d5dd236bdaf1bc7,2025-01-20 04:08:22,4,0,False
e4dc3961-4147-4ae0-8c5e-2c5e315cb24e,CUS-01957,2361.26,bank_transfer,Rivers,Eleme,540af2a595b54ac2,2025-01-20 04:38:39,4,0,False
fc52ea3e-29a3-4198-b9af-06a5addce73b,CUS-00096,209154.18,bank_transfer,Abuja FCT,Municipal,24a4796a15bd8fee,2025-01-20 04:39:54,4,0,False
4f59bcd6-5978-4685-a7f8-d83c7968e630,CUS-01348,201.35,pos,Ogun,Ogun-Central,31e67fdd4542a2a3,2025-01-20 05:00:00,5,0,True
97098c75-951b-4a28-9b9a-b1a295ec7813,CUS-01348,258.51,pos,Ogun,Ogun-Central,31e67fdd4542a2a3,2025-01-20 05:01:00,5,0,True
efd3ec3a-2e4c-4801-bbcf-2394bbf42361,CUS-01348,146.38,pos,Ogun,Ogun-Central,31e67fdd4542a2a3,2025-01-20 05:03:00,5,0,True
3c93ce9b-5bd9-480d-8274-63e3939b2e9f,CUS-01348,87.47,pos,Ogun,Ogun-Central,31e67fdd4542a2a3,2025-01-20 05:10:00,5,0,True
24bf9426-7091-4d98-aa88-327529de0254,CUS-01348,324.06,mobile_money,Ogun,Ogun-Central,31e67fdd4542a2a3,2025-01-20 05:21:00,5,0,True
2d6eade8-46d0-4a06-9005-613e0a73a252,CUS-01348,123.08,pos,Ogun,Ogun-Central,31e67fdd4542a2a3,2025-01-20 05:36:00,5,0,True
0d498c58-baa8-4122-b4fb-bee996821f53,CUS-01348,340.05,pos,Ogun,Ogun-Central,31e67fdd4542a2a3,2025-01-20 05:49:00,5,0,True
a2f1b1b7-1761-4f0a-b21b-219d7e45227b,CUS-01348,324.45,ussd,Ogun,Ogun-Central,31e67fdd4542a2a3,2025-01-20 05:50:00,5,0,True
0ae7711e-34e3-407c-8f42-620728d41d52,CUS-00518,1603.9,mobile_money,Ogun,Ogun-Central,4110312c0dc9f57c,2025-01-20 07:31:25,7,0,False
003c81c7-ddc6-43d5-80e1-e87e3470bca6,CUS-00912,4438.51,pos,Enugu,Enugu North,7bd69b4e0e8ea2a4,2025-01-20 08:25:27,8,0,False
bdb12838-ef91-4ba8-9a7e-9a955674adc8,CUS-01864,98558.66,pos,Ogun,Ogun-Central,30d210bf341300b3,2025-01-20 08:36:14,8,0,False
2803ef3e-a6d2-487a-923e-0d8f63d07e31,CUS-00467,99264.62,pos,Zamfara,Zamfara-Central,bbda5494e485c011,2025-01-20 09:11:32,9,0,False
e54b1a46-b3ae-4f84-9721-a7cbc4d8d0cb,CUS-01194,12952.12,pos,Lagos,Oshodi-Isolo,92f97f031c21451e,2025-01-20 09:22:32,9,0,False
5f946db3-81c2-4bd7-b157-4780b482a77d,CUS-01628,213.81,mobile_money,Lagos,Surulere,9dba5f6ba727a829,2025-01-20 09:31:24,9,0,False
cfaca2a5-8faf-4452-b739-db15d4807cd7,CUS-00699,57650.4,mobile_money,Abuja FCT,Bwari,4d53a36d0b28e08f,2025-01-20 09:35:12,9,0,False
5f825dff-e4ee-4120-8006-0b35d103ddc5,CUS-01515,368.47,ussd,Lagos,Mushin,a431e97b4e692b20,2025-01-20 09:56:13,9,0,False
7cd28dfa-2f8f-40a7-a18f-567eb04d86ca,CUS-00425,7678.79,ussd,Oyo,Ibadan North,ef34cae7e42e4b03,2025-01-20 09:58:53,9,0,False
1ca1d327-a688-47ef-abb3-97a469de6d52,CUS-01981,1348.67,mobile_money,Benue,Benue-Central,2e3ca59fe7d431e5,2025-01-20 10:06:22,10,0,False
861dcf5e-65a9-4d4b-907c-fea57d9c5334,CUS-01450,450.18,bank_transfer,Abuja FCT,Municipal,a67e56126bd88f86,2025-01-20 10:23:23,10,0,False
4e3dc86b-9412-4dd3-87bf-9b62b7964068,CUS-01401,971361.55,pos,Lagos,Alimosho,819745d3500a43cf,2025-01-20 10:24:12,10,0,False
a73a9b83-5676-4d15-b34b-bc25d57a1bec,CUS-01368,886485.84,bank_transfer,Lagos,Mushin,0ecb0c178ea4e30e,2025-01-20 10:40:47,10,0,False
1b96d9b6-df31-4374-8681-79be22ef89cb,CUS-00792,89732.48,bank_transfer,Abuja FCT,Municipal,2447d4808d8e55a7,2025-01-20 10:46:39,10,0,False
3db0a7ec-ddf1-427f-9bb0-03e9f4617089,CUS-00712,1321.74,pos,Abuja FCT,Bwari,0560c126f7848a94,2025-01-20 11:00:28,11,0,False
860edfcf-535e-4169-b0e8-e91a052fbc94,CUS-01661,385.96,mobile_money,Abuja FCT,Bwari,fdfe4ce808cc1e67,2025-01-20 11:15:00,11,0,True
e4cc479b-0c81-4e47-85e7-629c04be41c7,CUS-00737,1908.93,bank_transfer,Plateau,Plateau-Central,b3fcfe129e0f1e6a,2025-01-20 11:16:19,11,0,False
cbbe18ca-90c3-4817-b115-aa3c82a50b26,CUS-01661,289.96,pos,Abuja FCT,Municipal,fdfe4ce808cc1e67,2025-01-20 11:20:00,11,0,True
abb2007c-c983-4f74-9d94-848188dc7d97,CUS-01661,302.03,mobile_money,Abuja FCT,Municipal,fdfe4ce808cc1e67,2025-01-20 11:23:00,11,0,True
8b72cd31-3bd0-4d78-9369-dda78c50a1b8,CUS-01866,4532.15,mobile_money,Lagos,Eti-Osa,f5c9c28a915088f1,2025-01-20 11:23:24,11,0,False
299054a9-d31a-480b-bf3a-ce4cf7803361,CUS-01630,190.86,mobile_money,Kwara,Kwara-Central,e72c068b89d1c7b1,2025-01-20 11:25:25,11,0,False
acdeee2a-1f52-4677-959f-b3c7c2e4d48d,CUS-01408,405.67,bank_transfer,Kaduna,Kaduna North,f620b73c52c3b107,2025-01-20 11:25:46,11,0,False
9fa07c4c-8004-45a1-9a8e-a547a114f2a2,CUS-01742,316.98,mobile_money,Kwara,Kwara-Central,d2a3e6ca8f72aef1,2025-01-20 11:30:49,11,0,False
1d34986a-9289-4125-bf34-3b44dd06c732,CUS-01147,3970.4,mobile_money,Delta,Uvwie,780d811024c2eb53,2025-01-20 11:31:38,11,0,False
cef74bc9-e5ac-4871-a9da-a3cb45831929,CUS-00024,456.45,bank_transfer,Abuja FCT,Gwagwalada,d95a9bb935b93c8c,2025-01-20 11:40:41,11,0,False
df80580d-ffd4-4769-81eb-d2d346132ac2,CUS-01330,547.29,bank_transfer,Oyo,Oyo East,74e07eb1c05cc1ee,2025-01-20 11:43:23,11,0,False
b89dadf6-c408-4b6c-95a2-5030d0b253bd,CUS-01661,298.47,mobile_money,Abuja FCT,Gwagwalada,fdfe4ce808cc1e67,2025-01-20 11:49:00,11,0,True
e98c7db7-aa32-4227-b167-132b9f4709de,CUS-01113,332.25,pos,Oyo,Ibadan North,380fc2921922c9ea,2025-01-20 11:52:48,11,0,False
499967a9-a51d-4385-a9f6-0313bd2fe93b,CUS-01661,468.26,ussd,Abuja FCT,Gwagwalada,fdfe4ce808cc1e67,2025-01-20 11:54:00,11,0,True
e16dfe56-9a28-457a-92ac-714a79aa75cc,CUS-01109,2750.32,bank_transfer,Lagos,Kosofe,8ed7b0772c222c9d,2025-01-20 11:58:20,11,0,False
6319dea1-c2ab-45cf-92c0-7b878abdb936,CUS-00051,67060.88,pos,Abia,Abia-Central,a0955d05114e0b7a,2025-01-20 12:03:49,12,0,False
a85eaf0e-77fd-40d1-a5b0-fefdd3de3151,CUS-00594,10186.58,pos,Nassarawa,Nassarawa-Central,62169e9b81a796c6,2025-01-20 12:05:22,12,0,False
66539384-9d67-4d64-8f99-ff6cdc64363f,CUS-00157,39042.82,bank_transfer,Kwara,Kwara-Central,5a88b3464efae3ec,2025-01-20 12:22:20,12,0,False
dd0cf295-d9b1-45be-9ede-f1212ea47c42,CUS-01020,45791.16,pos,Edo,Oredo,d28b585347c58b91,2025-01-20 12:25:22,12,0,False
6796c310-7f53-449b-a0a9-302646ac521a,CUS-00817,1940.94,pos,Rivers,Port-Harcourt,5e56d5b3a956bd3c,2025-01-20 12:29:39,12,0,False
ae427430-72bd-46a9-ba34-bb8ea59fc8a0,CUS-00677,241.44,pos,Rivers,Eleme,4e9702015e299de8,2025-01-20 12:31:07,12,0,False
3d7f2533-25b4-496e-acf6-98b09d81e7f0,CUS-01613,368.61,mobile_money,Kano,Kumbotso,e027cc96033391f7,2025-01-20 12:40:07,12,0,False
64213175-0c0d-4c90-a5ec-5a6e46e0ce99,CUS-01044,390.65,pos,Niger,Niger-Central,5ab1a2bf1058e736,2025-01-20 12:56:19,12,0,False
ec28ddff-3b13-4193-9750-340d26b26eee,CUS-00062,205674.44,mobile_money,Plateau,Plateau-Central,97c2d31f69cba6c7,2025-01-20 12:56:36,12,0,False
94b133eb-8fc6-400b-ab4e-f8988bfd9159,CUS-01943,430.15,pos,Edo,Ikpoba-Okha,bdfab1c96241e8c9,2025-01-20 12:57:39,12,0,False
c2c0d83c-03cf-4547-9a98-a2174929b4d4,CUS-00996,3436.39,pos,Taraba,Taraba-Central,7a9b7dbe88f4f124,2025-01-20 13:07:23,13,0,False
c4ab6817-2367-4435-9c0e-62334c9b40c3,CUS-01120,47618.28,pos,Niger,Niger-Central,d82a46dd625584cc,2025-01-20 13:13:47,13,0,False
21c11a91-18d7-4abd-accb-400c840103bb,CUS-00940,4648.86,pos,Kano,Tarauni,d775c49123cefbad,2025-01-20 13:15:32,13,0,False
c7c800b2-9013-4d41-a7a0-be985aef6b5a,CUS-00715,62149.2,pos,Yobe,Yobe-Central,5cc30d4603ebf24d,2025-01-20 13:17:05,13,0,False
bec442b3-5cb6-4e48-af42-65b955affb24,CUS-01486,352.15,pos,Rivers,Obio-Akpor,68f0f77451d5d2f5,2025-01-20 13:27:11,13,0,False
5f8922af-a7cc-4b81-b067-b99f56c10409,CUS-00529,365.26,card,Zamfara,Zamfara-Central,157f629fa128876d,2025-01-20 13:36:33,13,0,False
33f88dfb-23e7-4488-9da1-4362f274af75,CUS-00400,2114.27,pos,Lagos,Eti-Osa,5a7139589bfd1fa4,2025-01-20 13:38:55,13,0,False
ed4ec7d6-3d1e-4f90-a107-dadd9b164f9b,CUS-00049,2569.69,mobile_money,Lagos,Lagos Mainland,45d1a59f5d7f63e7,2025-01-20 13:39:50,13,0,False
43d1b5d4-a4a3-4a7e-a5e2-c7e294deed49,CUS-01514,3041.9,ussd,Lagos,Ikorodu,2c0a5df0ebae14fe,2025-01-20 13:42:11,13,0,False
0b24b281-c3cb-40b9-9a10-57320ea2a93e,CUS-01390,213.5,pos,Lagos,Alimosho,756193f687c0cdba,2025-01-20 13:44:05,13,0,False
e6b98fce-7875-4769-b47a-486e5b31cc3e,CUS-00694,576.79,card,Lagos,Eti-Osa,b03f929a59bb3f8b,2025-01-20 13:47:42,13,0,False
92a3b1d6-a539-4001-ac3a-451212cee651,CUS-00602,98731.98,mobile_money,Lagos,Kosofe,2f63c3ceec0cd786,2025-01-20 14:03:20,14,0,False
b52928cd-6c19-4af8-98e1-414ee5c24b05,CUS-00394,3320.77,ussd,Kano,Kumbotso,ae69715490e1d162,2025-01-20 14:12:37,14,0,False
c74470d4-2bd6-477e-90a0-f1807de97c96,CUS-01060,98966.91,pos,Kebbi,Kebbi-Central,b82de4bf598b7a40,2025-01-20 14:18:29,14,0,False
c6ccc1e8-4acc-43f8-86ed-9ae377a70062,CUS-00049,414.14,pos,Lagos,Kosofe,45d1a59f5d7f63e7,2025-01-20 14:24:24,14,0,False
0ba76198-b081-4225-8a5c-85f2a319b33e,CUS-01943,37673.98,pos,Edo,Oredo,bdfab1c96241e8c9,2025-01-20 14:44:53,14,0,False
b7b7e5b1-cf83-4a5c-9135-4aea63634fa3,CUS-01642,99395.37,bank_transfer,Abuja FCT,Gwagwalada,d02d3de6b21344b6,2025-01-20 14:49:56,14,0,False
f0d25240-bbbe-41f1-98ef-b591c2484066,CUS-00117,57.75,bank_transfer,Lagos,Eti-Osa,4a393152d81523f7,2025-01-20 15:14:20,15,0,False
653c4d4e-fc7f-4c98-b18a-02dd6764b02a,CUS-01706,2185.0,mobile_money,Enugu,Nsukka,86372c2220b851b3,2025-01-20 15:21:34,15,0,False
075f3390-3199-4efe-b010-18cb108126e4,CUS-01796,9161.09,bank_transfer,Ondo,Ondo-Central,35497b8b7e62e84e,2025-01-20 15:24:35,15,0,False
51f9ded0-6f61-4056-ae2f-85fc3822f763,CUS-01635,97.5,bank_transfer,Lagos,Mushin,4c2cbdd8ab6f3b4a,2025-01-20 15:29:01,15,0,False
76db2011-cb27-4d9f-8cc0-188d455c8518,CUS-00216,3973.58,mobile_money,Kano,Fagge,48b45369cc93bdd8,2025-01-20 15:31:48,15,0,False
ac35f176-34f3-473e-a677-86ab0de046e9,CUS-01464,51608.69,pos,Ogun,Ogun-Central,4ee532963b3526bb,2025-01-20 15:41:36,15,0,False
4b13e652-082b-4043-802d-560043dec660,CUS-01689,6201.68,pos,Kwara,Kwara-Central,db07aa24ceea0121,2025-01-20 15:46:29,15,0,False
0a636128-cde0-4f19-9f62-e20fd09c8e03,CUS-00288,95249.77,bank_transfer,Kano,Fagge,2303bb40e0492b07,2025-01-20 15:48:25,15,0,False
41bd08f9-10d6-4cd6-a503-f81e86a6652e,CUS-00444,33034.53,bank_transfer,Benue,Benue-Central,591aeb78db1a362f,2025-01-20 15:52:16,15,0,False
acfa4bc7-fa7e-4f44-961f-45832af8b402,CUS-01246,3962.42,pos,Lagos,Lagos Mainland,3fde53d02cb1d927,2025-01-20 15:52:36,15,0,False
d3ec7abc-691f-44c5-8434-8a5866f178a1,CUS-01048,417.8,pos,Zamfara,Zamfara-Central,5ead41bb0faa4328,2025-01-20 16:02:03,16,0,False
f25c4ba1-34ab-407c-b876-8ee45ffc46a9,CUS-01538,120.65,bank_transfer,Lagos,Lagos Mainland,d7fdd2ae1abcb7e9,2025-01-20 16:13:53,16,0,False
087b2d7c-70ee-4f21-848b-45eec33ec1c5,CUS-00820,65171.35,ussd,Benue,Benue-Central,7b3f2a1c343fa5e5,2025-01-20 16:28:17,16,0,False
367b7b1c-1857-4616-a4de-c36bcbeeca36,CUS-00403,54105.9,pos,Plateau,Plateau-Central,4cc2a310dd5e1b80,2025-01-20 16:29:35,16,0,False
744182e4-4a05-412f-a84a-03acd52b49b6,CUS-00211,56278.55,mobile_money,Anambra,Onitsha North,a37b10c1b0073fe1,2025-01-20 16:44:46,16,0,False
8a40d221-4cc5-493f-b2b0-63259e350727,CUS-01628,53876.15,mobile_money,Lagos,Alimosho,9dba5f6ba727a829,2025-01-20 16:46:39,16,0,False
892697c4-1750-4d29-a52a-646802c27354,CUS-01222,2866.36,pos,Rivers,Port-Harcourt,710138c9fc241830,2025-01-20 16:55:44,16,0,False
e3d06b9b-2d3a-4278-921c-7f9b0dd89416,CUS-00430,56261.77,bank_transfer,Lagos,Eti-Osa,469b8e676144c654,2025-01-20 16:57:31,16,0,False
5f844898-5048-4e94-a9f2-5659d731969b,CUS-01928,4661.5,mobile_money,Delta,Uvwie,3b3cf79cd7b03c7e,2025-01-20 17:13:00,17,0,False
eff5ba0c-c9e9-4976-b894-ec2003ed4bd9,CUS-01085,83001.31,mobile_money,Abuja FCT,Gwagwalada,015ee05e5160a433,2025-01-20 17:21:33,17,0,False
67edbd72-401c-4aeb-9051-eca934dc7299,CUS-01348,435.42,pos,Ogun,Ogun-Central,31e67fdd4542a2a3,2025-01-20 17:34:22,17,0,False
370ea273-e640-4762-902e-bfa1dbd3274d,CUS-00466,76750.82,pos,Kano,Gwale,5ed9a67b0307bf3e,2025-01-20 17:37:23,17,0,False
a6309116-5e28-4732-987f-8afcc396460e,CUS-01020,231747.3,pos,Edo,Ikpoba-Okha,d28b585347c58b91,2025-01-20 17:38:00,17,0,False
a1a017d1-eb15-4c40-876f-5733bc5d6278,CUS-00824,440400.37,pos,Oyo,Oyo East,e5648df22a55e5b7,2025-01-20 17:40:43,17,0,False
dcdce381-11a4-496b-af15-1d7c3d1c1c76,CUS-01903,44470.8,pos,Lagos,Agege,c66db09d52261777,2025-01-20 17:43:34,17,0,False
d01ee2dc-30db-4533-9106-82aec84ba77d,CUS-00517,3464.28,bank_transfer,Benue,Benue-Central,ae544b55a6d75903,2025-01-20 17:48:00,17,0,False
c5c1ba36-ca49-48cc-b698-ac0d11399e12,CUS-01433,189340.53,bank_transfer,Delta,Uvwie,2966b413eb51f515,2025-01-20 17:53:50,17,0,False
97b16ec4-acc4-4afd-85ea-b2e0e46b7b24,CUS-00653,28797.5,pos,Osun,Osun-Central,e8a1a2cdb5cf364e,2025-01-20 17:54:31,17,0,False
d9a7327e-8c4e-4009-8e28-d9ec0c90a5b0,CUS-00727,136.23,pos,Imo,Imo-Central,5e2631ade3332edb,2025-01-20 17:54:33,17,0,False
0df20df7-9d12-4c36-beb5-119f0d71d477,CUS-00014,3880.26,pos,Lagos,Ikorodu,22f6bea733e5c873,2025-01-20 18:09:53,18,0,False
1e22d8e0-dc6e-427a-9419-a2f530cf9e64,CUS-01402,823.48,card,Lagos,Oshodi-Isolo,91a85e92e9185a19,2025-01-20 18:22:04,18,0,False
55ab5098-6b30-4566-a737-1207d8d49910,CUS-00453,77.26,pos,Kogi,Kogi-Central,540bb66ff44d3712,2025-01-20 18:24:30,18,0,False
6fa9171d-cf73-44e9-81e5-51789b1b43a8,CUS-00406,59182.25,pos,Rivers,Obio-Akpor,9cf20e3e6a349dd5,2025-01-20 18:25:59,18,0,False
666f76b7-6384-4048-9da0-da380ad6607b,CUS-01105,26467.18,bank_transfer,Lagos,Surulere,44cf5a2cab83a672,2025-01-20 18:40:58,18,0,False
96ea3fed-d102-4e5f-a91b-b3720359b181,CUS-01164,415504.09,pos,Lagos,Agege,b81424f4757118ea,2025-01-20 18:58:19,18,0,False
75ef3b87-5148-4084-ad74-c5e0d38c0cb5,CUS-00630,98626.3,bank_transfer,Edo,Egor,44673a08c8fcb028,2025-01-20 19:09:45,19,0,False
26bd529b-349f-4701-858d-219d829d0a06,CUS-01993,126.89,pos,Lagos,Ikeja,dd874e83d9f452d4,2025-01-20 19:23:05,19,0,False
40e243a2-3158-48f2-b305-4114946bb196,CUS-00454,116.7,mobile_money,Lagos,Eti-Osa,6ef7ad5156b9d3a1,2025-01-20 19:32:23,19,0,False
92bb9164-176c-49e6-b5df-299b4b30f5c9,CUS-00946,1501.02,bank_transfer,Lagos,Kosofe,c6a0a0a65e14115d,2025-01-20 19:38:46,19,0,False
9bee18ad-5b6a-4b32-b907-7db0d6966003,CUS-01921,21274.54,bank_transfer,Lagos,Lagos Mainland,00eff35bca36a5be,2025-01-20 19:49:13,19,0,False
779ec6a4-727c-4b63-bfdd-cdb7d7923b93,CUS-01413,8735.35,pos,Lagos,Lagos Mainland,f3169884d2025deb,2025-01-20 19:49:13,19,0,False
a4f7a02f-4e4c-4abe-a6d6-66bf64f0a7ad,CUS-00121,57.57,bank_transfer,Nassarawa,Nassarawa-Central,578106bed88a25c1,2025-01-20 19:55:23,19,0,False
9e34b3ec-29bd-4239-91a7-92fca271600b,CUS-00078,4141.47,card,Kano,Tarauni,e87b8337b2108fa0,2025-01-20 20:01:29,20,0,False
1b087962-f4fd-4642-891f-5f1f071aaee3,CUS-00615,40423.48,pos,Adamawa,Adamawa-Central,70794346772b0ba7,2025-01-20 20:02:02,20,0,False
fafd1b9e-09de-4a52-bf20-605e26f9d66e,CUS-01765,1285.24,pos,Kano,Fagge,d1d47db5164f8c24,2025-01-20 20:10:39,20,0,False
d4230975-aa32-4133-8b71-a930a38ae704,CUS-01589,2765.32,pos,Ondo,Ondo-Central,c6d17facb72bfa6a,2025-01-20 20:20:56,20,0,False
1780d132-fd7a-4600-9141-59a62ac120e9,CUS-00060,1238.9,pos,Rivers,Eleme,0f57eb1b8e271781,2025-01-20 20:25:30,20,0,False
e6af3f5d-2766-49f2-be96-d6d95871e908,CUS-00470,3680.95,pos,Lagos,Ikeja,b0cb7539e22a7ed7,2025-01-20 20:34:58,20,0,False
45ca52bc-df49-471d-8023-f5babcc79c9d,CUS-00100,163.59,ussd,Lagos,Oshodi-Isolo,bcf49328f37bdf89,2025-01-20 20:35:41,20,0,False
8f03eccf-ddae-447e-94fd-dd817bf65fc1,CUS-01242,86250.22,bank_transfer,Abia,Abia-Central,a2b93884ec11f5f0,2025-01-20 20:36:26,20,0,False
440fe394-5664-4001-a1ce-5d658ca48e1c,CUS-00508,848.38,mobile_money,Katsina,Katsina-Central,3c6dcb4e5b6b2d16,2025-01-20 20:44:46,20,0,False
fc315905-3e89-4434-93a9-1e647d04386d,CUS-00885,380501.74,ussd,Lagos,Eti-Osa,86545590e89568a7,2025-01-20 20:55:13,20,0,False
6e5dbe3b-77eb-4e89-a864-78bdcfbe8210,CUS-01258,815387.16,pos,Lagos,Oshodi-Isolo,b76535faa81b1618,2025-01-20 21:01:25,21,0,False
89170a6f-b57f-4f90-acb7-48d0fa884496,CUS-01989,487.07,ussd,Ondo,Ondo-Central,3f47a6596e82e14b,2025-01-20 21:05:15,21,0,False
84782cbb-3b84-458d-ad61-1116969a481a,CUS-01916,2898.16,mobile_money,Niger,Niger-Central,5cc192455973d5fe,2025-01-20 21:31:31,21,0,False
45f1e979-e542-45e5-8517-f3889cb3ff40,CUS-01909,322.57,pos,Lagos,Mushin,7b480d3a742ac838,2025-01-20 21:34:09,21,0,False
df744632-7b6e-476e-8dff-5ca7b2c06c6d,CUS-01660,995918.71,bank_transfer,Kaduna,Zaria,47d98a681f2232b5,2025-01-20 21:34:49,21,0,False
ec25ed1a-ab04-45f1-9d58-53ffa06ecda4,CUS-00720,902681.38,ussd,Gombe,Gombe-Central,54d663ff2bd1e6ff,2025-01-20 21:43:23,21,0,False
38e755e3-358e-4720-a503-e7e770bbde99,CUS-00614,56283.79,pos,Kebbi,Kebbi-Central,edcc4e7a1ddd752d,2025-01-20 21:45:31,21,0,False
bc907fea-258e-41a8-af89-e69f70bfc32e,CUS-01999,221.84,pos,Kano,Dala,fb81b38a369b919e,2025-01-20 21:47:33,21,0,False
fbc0538b-e4d9-475b-9bd6-5dcebe919a2e,CUS-01443,13239.28,card,Abuja FCT,Kuje,99626b470ed79cda,2025-01-20 22:55:11,22,0,False
f531f225-01d7-4c87-ba63-07a2ee8bfc98,CUS-01944,346729.59,card,Imo,Imo-Central,b37b654ece3afc3f,2025-01-21 00:08:28,0,1,False
aecd3a51-29d4-422a-8fbe-1b48473844d0,CUS-00410,298002.42,bank_transfer,Kano,Nassarawa,9f4f4dd35dc18f7d,2025-01-21 00:28:00,0,1,True
2a203b62-5e09-423c-9e44-6c808ec95647,CUS-01516,371474.36,bank_transfer,Delta,Uvwie,a32bab6da33eca58,2025-01-21 00:36:00,0,1,True
5a0e0e8a-d632-492a-903a-5c6f34e17357,CUS-01624,999.16,pos,Lagos,Ikorodu,766976ee8cdbe429,2025-01-21 00:46:05,0,1,False
4b69f8a1-9741-419d-839a-03073b13ea6a,CUS-00581,3153.9,mobile_money,Ekiti,Ekiti-Central,776ab7b687026c79,2025-01-21 01:46:53,1,1,False
921555b5-ef43-4ee3-847f-7986b1edda6e,CUS-01787,1766.99,mobile_money,Kaduna,Kaduna North,d28e308dde8dbfd0,2025-01-21 02:20:03,2,1,False
f65a73b5-3673-4fd8-a588-d1f1e30dfd51,CUS-00913,327.78,card,Rivers,Oyigbo,80a5f367f2b19e45,2025-01-21 04:02:21,4,1,False
dcba4107-c066-4524-aee5-dd8ced0731d2,CUS-01908,525637.98,bank_transfer,Kano,Nassarawa,01f9dab905ec8c27,2025-01-21 04:08:00,4,1,True
510b4a18-9f26-4813-8113-819bbe55d5de,CUS-01814,927381.14,bank_transfer,Lagos,Lagos Mainland,46056a504b319207,2025-01-21 04:42:00,4,1,True
90e281e0-fc04-4d8f-b3cc-25c57315d2ee,CUS-00199,472255.6,pos,Abia,Abia-Central,360cfb364f745b10,2025-01-21 05:05:13,5,1,False
2391c364-2c3b-429b-853e-f1c06629799d,CUS-01769,90194.22,pos,Rivers,Port-Harcourt,1118a0d8bb9220e4,2025-01-21 05:11:38,5,1,False
aff47690-45fe-4dba-8a9e-3253f1db3f98,CUS-00556,243.03,bank_transfer,Lagos,Lagos Mainland,3fc3a1d0ba551e2e,2025-01-21 06:40:36,6,1,False
f5c2caac-1ff8-4ae2-be6f-2134e155e6cb,CUS-01683,131.73,pos,Plateau,Plateau-Central,e3bd83bb720ee892,2025-01-21 07:52:46,7,1,False
46aad0d1-33ad-461f-9564-331aff6c38fa,CUS-01187,1224.43,card,Rivers,Port-Harcourt,b3f9592ad1d5de57,2025-01-21 08:00:00,8,1,True
349066a5-a2bb-43d4-a61a-4e502613d14f,CUS-00896,1335.9,card,Lagos,Eti-Osa,05624b725ce601e5,2025-01-21 08:00:00,8,1,True
fc398855-99bb-478c-aac3-00a5245c3d35,CUS-01349,2822.61,bank_transfer,Lagos,Oshodi-Isolo,761ac665f034ac3a,2025-01-21 08:04:03,8,1,False
86f642d8-2711-41da-a23a-dfe5afdfda6d,CUS-01187,1844.59,bank_transfer,Kano,Tarauni,b3f9592ad1d5de57,2025-01-21 08:05:00,8,1,True
dd73d2ce-b537-4788-8b27-d0ae70deb4bd,CUS-00896,4687.18,pos,Yobe,Yobe-Central,05624b725ce601e5,2025-01-21 08:12:00,8,1,True
5396835f-4bf7-4098-a630-5f47e85f1c96,CUS-01046,42626.83,bank_transfer,Lagos,Alimosho,c52f52dc913fa04c,2025-01-21 08:15:04,8,1,False
16bda435-d3ae-42f5-a298-106613a2bca9,CUS-01084,75991.73,mobile_money,Jigawa,Jigawa-Central,45900ef4a6edba31,2025-01-21 08:32:14,8,1,False
43f28917-cd0e-4086-9f69-b580f2713cf4,CUS-01910,325.7,pos,Kano,Gwale,ea6850c62e2c1350,2025-01-21 08:57:52,8,1,False
39fd91d8-6621-4b0e-a265-53c1eaef2dbb,CUS-00165,35088.29,card,Bauchi,Bauchi-Central,da9388b31798113b,2025-01-21 09:03:32,9,1,False
e11dcd0e-7eb2-47fc-b69c-0747521e7776,CUS-01181,55.16,pos,Kano,Tarauni,9eb56ac542f8f5d3,2025-01-21 09:17:33,9,1,False
fcc32e49-be2c-4f40-8057-63a48d8b654c,CUS-01290,3020.94,pos,Rivers,Oyigbo,cd99b4bdf6d249d0,2025-01-21 09:25:26,9,1,False
2f34f4b0-7b81-451c-8088-65fd1cc436ee,CUS-01962,4806.49,pos,Bauchi,Bauchi-Central,d70390a3e9a87b2e,2025-01-21 09:27:13,9,1,False
97a606d6-fa20-456c-8d03-3c35cc65644a,CUS-00355,630928.65,pos,Delta,Warri South,4b081c3f4ead9d21,2025-01-21 09:28:16,9,1,False
9f90ba1b-20a0-4c3f-b971-01a70a5ffd72,CUS-01270,1894.1,pos,Edo,Oredo,645b14af82fe0e91,2025-01-21 09:28:46,9,1,False
16bb0776-232e-496e-8c9a-cb0a58447016,CUS-01307,459198.42,pos,Benue,Benue-Central,c90d2da9eb6efbf6,2025-01-21 09:32:50,9,1,False
8a15ac3e-9041-4944-b087-d1a096fc71a5,CUS-01905,2828.37,pos,Lagos,Ikeja,63c9a98938fd6b95,2025-01-21 09:34:24,9,1,False
d0f6be41-48f3-47eb-bb6c-9d27ae906751,CUS-00276,2625.46,mobile_money,Imo,Imo-Central,9487056a11d10a77,2025-01-21 09:39:57,9,1,False
21395a57-166e-4b88-ae9b-fd23fe3eda09,CUS-00983,83981.46,mobile_money,Lagos,Surulere,df0d0800377121f5,2025-01-21 09:53:17,9,1,False
6a3fdc33-5fe4-473c-b1fd-aee9dc42effe,CUS-00827,43201.21,pos,Kano,Nassarawa,fa17bea891abed61,2025-01-21 09:54:15,9,1,False
6bb94fc9-0785-40b9-8689-4f107c3f501e,CUS-00217,3879.63,ussd,Osun,Osun-Central,d6ffa3499dcf3318,2025-01-21 09:54:32,9,1,False
82ea90af-3fba-4762-8d83-7ec569ae3bf8,CUS-01194,3840.87,pos,Lagos,Surulere,92f97f031c21451e,2025-01-21 09:55:03,9,1,False
5ff3f06a-7304-4552-ba7c-90591c37ec62,CUS-01004,249.97,bank_transfer,Benue,Benue-Central,7bbb4ca42bb205b3,2025-01-21 09:58:06,9,1,False
ef09cc12-2cd2-487c-9706-70d8ec8d90e4,CUS-00784,38412.84,bank_transfer,Lagos,Oshodi-Isolo,3fa31762f92bb220,2025-01-21 10:00:00,10,1,True
dc31f286-aa23-45c9-872b-33d111d958b6,CUS-00142,402.85,pos,Abuja FCT,Municipal,105188bd14032836,2025-01-21 10:00:50,10,1,False
b62d6ebd-81db-4125-9c3a-644879923195,CUS-01189,485.61,mobile_money,Edo,Egor,36f1fd8d7d24e817,2025-01-21 10:09:33,10,1,False
3326966b-c958-41c5-9838-fcd51dd38dc4,CUS-00127,2933.38,pos,Sokoto,Sokoto-Central,8f4bb563c3deb65c,2025-01-21 10:13:41,10,1,False
07ecc93b-0d0c-4d6c-8e20-bc93deec4f65,CUS-00784,3695.8,mobile_money,Sokoto,Sokoto-Central,3fa31762f92bb220,2025-01-21 10:16:00,10,1,True
0cf35e33-f992-408c-9e99-4ecd04675b98,CUS-00940,38666.38,mobile_money,Kano,Gwale,d775c49123cefbad,2025-01-21 10:18:10,10,1,False
02421adb-e803-4d93-a00d-da1bba3ee07c,CUS-00752,54.86,pos,Enugu,Enugu East,4d084a089bf3ea41,2025-01-21 10:27:11,10,1,False
0aae7e59-2c8b-428d-9aa3-e8fe6c7ce6a3,CUS-01998,111.06,bank_transfer,Lagos,Eti-Osa,1b723b7d1e316182,2025-01-21 10:32:53,10,1,False
c4b39869-caa0-4cf4-9c84-6caf50df10fa,CUS-01438,203082.81,ussd,Lagos,Agege,9e67975ac1e802bd,2025-01-21 10:36:20,10,1,False
b1e83614-8857-4e0d-b39b-8da2438606c8,CUS-01376,46999.98,bank_transfer,Oyo,Ibadan South-West,732aaeaa6b024f1a,2025-01-21 11:00:00,11,1,True
dfc1aeda-bacf-4776-84c2-1aad6ae69baa,CUS-00804,78124.09,bank_transfer,Rivers,Port-Harcourt,77e85fd09a04681d,2025-01-21 11:07:25,11,1,False
8f08382c-6619-4ed4-9098-132736e0feb4,CUS-01807,1213.2,pos,Lagos,Oshodi-Isolo,39b75e6bcf7ef405,2025-01-21 11:08:20,11,1,False
6a394605-3b0c-4c88-8d56-e9f9a5207356,CUS-01288,315.16,ussd,Lagos,Alimosho,0af809fa686eb211,2025-01-21 11:09:45,11,1,False
8a6bff8a-6b10-4578-afbb-49bf933ed824,CUS-00768,8821.83,bank_transfer,Kano,Kumbotso,68be7d7ed2728f8b,2025-01-21 11:10:55,11,1,False
1ca8ee6a-a470-4162-b409-3ce24ab3a14f,CUS-01376,51199.43,mobile_money,Adamawa,Adamawa-Central,732aaeaa6b024f1a,2025-01-21 11:12:00,11,1,True
c60c5ee3-7ed6-4c3a-8124-935d35a3142a,CUS-00824,46733.81,pos,Oyo,Ogbomoso,e5648df22a55e5b7,2025-01-21 11:20:59,11,1,False
8316abe8-faee-473a-9519-01332e473853,CUS-01480,738762.8,bank_transfer,Plateau,Plateau-Central,50852128a7372d35,2025-01-21 11:24:31,11,1,False
dc52bb0a-6083-47b6-ba66-b23ec6fa1c0f,CUS-01585,426701.3,pos,Lagos,Ikorodu,9d4d8197c0ce1b15,2025-01-21 11:35:23,11,1,False
f11fd686-7312-46f0-ae25-9905c705bd27,CUS-01006,436.6,ussd,Anambra,Awka South,91de6e8e293c33a0,2025-01-21 11:40:28,11,1,False
f28bfe6d-e3c8-4838-abe5-84120fd1e7eb,CUS-00083,3565.12,ussd,Lagos,Ikeja,d08d1bc4a38fcfc5,2025-01-21 11:43:38,11,1,False
ecd3cbb4-c0a2-4f18-bfbd-c62de5dbde34,CUS-00591,46177.14,bank_transfer,Enugu,Nsukka,b0b6b7ab4a04ad56,2025-01-21 11:48:29,11,1,False
8f89a55f-6375-4113-93b3-0e8648ea9112,CUS-00243,2286.47,card,Rivers,Obio-Akpor,5ea01e4f6f06691c,2025-01-21 12:00:17,12,1,False
08b7600e-72d3-4657-995b-879b45d39894,CUS-00647,2635.46,pos,Anambra,Onitsha North,0bdd31c20a61a0b5,2025-01-21 12:06:04,12,1,False
9ac8bea3-a849-48e8-86a3-31a688d132c0,CUS-01905,61.56,bank_transfer,Lagos,Alimosho,63c9a98938fd6b95,2025-01-21 12:16:57,12,1,False
8d21e185-9d7d-471f-9673-8f0fb9878c23,CUS-00120,356.81,mobile_money,Benue,Benue-Central,2aa8167840b42b5e,2025-01-21 12:18:26,12,1,False
36763528-ec32-4f5a-802c-08ba69ad8c47,CUS-01908,71499.57,bank_transfer,Kano,Kumbotso,01f9dab905ec8c27,2025-01-21 12:18:41,12,1,False
91a62862-784f-4bec-b28f-011c8089eaf8,CUS-00668,485.73,mobile_money,Lagos,Alimosho,5e53bf0f5aecd7ec,2025-01-21 12:34:56,12,1,False
b7612709-abd8-4d74-b895-966b50d680aa,CUS-01400,699352.45,bank_transfer,Lagos,Lagos Mainland,5cde144e0f72a982,2025-01-21 12:44:20,12,1,False
b7f6ec40-4e39-4a2e-a7f6-419ca21a4767,CUS-00352,273.5,bank_transfer,Delta,Warri South,706a4390dda24c86,2025-01-21 12:52:53,12,1,False
97c90d94-20b8-409c-94a3-df8b23f6614f,CUS-01691,23817.19,pos,Abuja FCT,Bwari,cc9d0719ab0013e9,2025-01-21 12:54:32,12,1,False
5840f0ed-7ba4-4d1a-b155-8c8f8dc214e5,CUS-01987,2222.15,bank_transfer,Abuja FCT,Gwagwalada,a98ca351ffbd4c11,2025-01-21 13:06:10,13,1,False
726ee98e-f8b0-411b-8906-d78de6ca00c5,CUS-01200,221.3,bank_transfer,Kwara,Kwara-Central,fd60ae30ae1d36ae,2025-01-21 13:09:32,13,1,False
17a44a53-c972-4ea7-b586-8662c5a6263a,CUS-00073,211.76,bank_transfer,Benue,Benue-Central,0e306f57f0b24260,2025-01-21 13:37:16,13,1,False
b50b3b30-5cce-48cd-88e1-6d8de8384952,CUS-00155,5440.25,pos,Lagos,Ikorodu,aa41351d7606065f,2025-01-21 13:43:45,13,1,False
69b692a9-133a-4824-803f-e86bc397de6d,CUS-00541,56.3,pos,Kaduna,Kaduna North,2d27eb65a141ea41,2025-01-21 13:48:49,13,1,False
3ad96187-9217-407f-89e8-0e12dfc26adc,CUS-00346,418.15,mobile_money,Enugu,Enugu North,82c6225944060f3c,2025-01-21 13:48:55,13,1,False
3ceb1580-29af-4a24-8499-a189e581ea24,CUS-00253,245.1,mobile_money,Kano,Nassarawa,9ff58e403109ef30,2025-01-21 13:57:56,13,1,False
e8a2a095-1478-44ae-87d4-076559cfb119,CUS-00480,45613.04,pos,Enugu,Enugu East,6c46edee448434ad,2025-01-21 14:10:32,14,1,False
2a0a40e3-78ce-4cfb-85f6-cc16504c9bb4,CUS-00446,433.53,pos,Ogun,Ogun-Central,a54ec969ae4fe771,2025-01-21 14:12:00,14,1,False
2285c8d7-1ba0-4bd9-929e-dad91ff33f4a,CUS-01941,3459.12,mobile_money,Kano,Fagge,9dbbf7c1e6ccee2c,2025-01-21 14:13:07,14,1,False
7d87081d-9313-482d-b2a6-b963b1a3749c,CUS-00378,995123.32,bank_transfer,Benue,Benue-Central,b91ad10a40c22ad6,2025-01-21 14:13:48,14,1,False
792b2812-fa4d-49f1-be46-8273f35ef035,CUS-01393,4291.18,pos,Abuja FCT,Kuje,713de381805278a1,2025-01-21 14:20:28,14,1,False
07b7b081-1f17-4528-b4c5-85e3ffb02109,CUS-00617,90.43,pos,Kano,Dala,9be78ff896a57226,2025-01-21 14:40:13,14,1,False
08448ca4-7bc0-493f-b1cf-32d8f715b22d,CUS-01978,367.62,bank_transfer,Kebbi,Kebbi-Central,c9c94165fe4b9e65,2025-01-21 14:41:10,14,1,False
d23199c5-70cb-43a6-bb6b-11369aaae8e1,CUS-00878,89614.04,bank_transfer,Lagos,Ikorodu,fe7bc21e8a9162fe,2025-01-21 14:41:57,14,1,False
46c477af-eca1-4ed5-88a4-b1ea320e157d,CUS-01697,3713.03,mobile_money,Lagos,Ikeja,020d925fc173441f,2025-01-21 15:11:58,15,1,False
a119cc88-73b1-49e4-9c62-06541a9662a4,CUS-01446,60.94,mobile_money,Anambra,Nnewi North,c023430f2ccbb3be,2025-01-21 15:18:04,15,1,False
65aa015d-c09a-4680-bf63-cbd74948b0b1,CUS-00807,4034.51,pos,Adamawa,Adamawa-Central,6ca70bc1ee1a4e1e,2025-01-21 15:19:34,15,1,False
ef5a323e-a2a9-4313-92c1-9d8cc0301733,CUS-01489,79.87,bank_transfer,Abuja FCT,Bwari,b730deac81a141a4,2025-01-21 15:21:06,15,1,False
0cb3e376-43fd-4f79-bdcf-f19e7d263515,CUS-00284,61994.52,pos,Oyo,Ibadan South-West,2521b7e3eb4f932c,2025-01-21 15:34:51,15,1,False
3df2500d-a0df-4095-bb5a-f58fb2f04388,CUS-01705,239.52,bank_transfer,Lagos,Agege,7bb389bdf6256bbf,2025-01-21 15:46:27,15,1,False
92f94435-b215-479c-965e-832c73cf44b4,CUS-00634,3469.2,mobile_money,Lagos,Kosofe,c8a3eeb50a3ac3d7,2025-01-21 15:56:03,15,1,False
25c4b804-511c-45b7-a344-1c15bbe350bb,CUS-00591,338.6,mobile_money,Enugu,Enugu East,b0b6b7ab4a04ad56,2025-01-21 16:06:52,16,1,False
7787d877-5270-497c-91ab-151e30a0546c,CUS-00183,4854.49,pos,Kebbi,Kebbi-Central,27a352a0e28b8fda,2025-01-21 16:22:28,16,1,False
caf28ed4-f778-4481-9f3f-b0bf5f8d0f26,CUS-00159,222671.1,mobile_money,Ondo,Ondo-Central,c626f8b5763e26c1,2025-01-21 16:25:42,16,1,False
27ce793a-ccb3-4226-991f-c95a5436946a,CUS-00266,4253.68,bank_transfer,Edo,Ikpoba-Okha,eb35fb1933325042,2025-01-21 16:26:46,16,1,False
0303d03b-f60b-4d41-a2d7-f1d9920cdac0,CUS-00278,41205.23,bank_transfer,Edo,Egor,822dd77593056ff5,2025-01-21 16:26:49,16,1,False
921b6d50-3635-40ef-9f04-686fce344c37,CUS-01780,95210.74,pos,Lagos,Kosofe,a824e5361e0d9d92,2025-01-21 16:44:54,16,1,False
e31f7777-c4b6-4d46-8dcb-fa9d6fe0893f,CUS-01583,89112.3,ussd,Abuja FCT,Bwari,91b7d62f8a3e011f,2025-01-21 16:51:26,16,1,False
e39f8638-ec30-4f81-ae88-587159964e8b,CUS-00255,545492.8,pos,Oyo,Ogbomoso,dcacaf3c9934b195,2025-01-21 16:52:47,16,1,False
e073c56b-6af8-4841-bcea-2ea4ed1b6426,CUS-00298,488.93,pos,Enugu,Enugu East,2a174906e6fcc26b,2025-01-21 16:55:42,16,1,False
0329e415-5fd5-4567-b2d5-8cafe9f989f0,CUS-01058,119.41,pos,Abuja FCT,Kuje,823adada4ab70de2,2025-01-21 17:00:00,17,1,True
dbf46ec7-cda3-4bad-a502-fb47ad1f0a0b,CUS-01391,159.26,ussd,Lagos,Eti-Osa,70e5fcb5aea0673c,2025-01-21 17:12:04,17,1,False
bcf421e5-8eba-45ca-9926-85397dc4b998,CUS-01058,440.89,ussd,Abuja FCT,Kuje,823adada4ab70de2,2025-01-21 17:16:00,17,1,True
a3d1d356-c63c-4a2f-9f57-ece1bfd25467,CUS-01058,212.73,ussd,Abuja FCT,Municipal,823adada4ab70de2,2025-01-21 17:18:00,17,1,True
ca9871f9-f2cf-49c3-9b75-c323a2c5f75f,CUS-01058,490.51,ussd,Abuja FCT,Kuje,823adada4ab70de2,2025-01-21 17:21:00,17,1,True
5d9e2e22-b6f7-46ef-bf20-a85f873298f5,CUS-00806,365.28,mobile_money,Gombe,Gombe-Central,1d2bb2dbe8f7d258,2025-01-21 17:21:22,17,1,False
6708a188-53ba-4568-93ee-53eaf3e8eee3,CUS-00885,114.36,ussd,Lagos,Agege,86545590e89568a7,2025-01-21 17:23:29,17,1,False
21bf15af-fa0e-4ed6-9303-5386aabe09f0,CUS-01058,155.62,pos,Abuja FCT,Municipal,823adada4ab70de2,2025-01-21 17:26:00,17,1,True
4087eb32-6f97-421d-a84c-041520286972,CUS-01361,80581.66,pos,Lagos,Ikorodu,e0a5181f4315f4ad,2025-01-21 17:30:08,17,1,False
868086f2-cd7e-48e0-9762-bd2d8aa05bc6,CUS-00683,738679.41,bank_transfer,Anambra,Awka South,792417d8a46fd0a5,2025-01-21 17:40:00,17,1,True
c272f0ee-e5a1-44ef-8fec-e775e4f870f5,CUS-01925,37574.31,pos,Lagos,Kosofe,8723c44e85b37773,2025-01-21 17:54:01,17,1,False
0c04dde7-cab3-4a61-b306-96bf9a28ad9b,CUS-01444,3816.34,card,Zamfara,Zamfara-Central,8a832c116325ac82,2025-01-21 18:19:39,18,1,False
1c343ce4-9a64-4edf-b911-51d18de901a6,CUS-01666,1545.39,pos,Lagos,Mushin,e416fb8749bf1c1c,2025-01-21 18:24:52,18,1,False
824f6f02-2e4f-4389-b974-bd48d011d54f,CUS-01305,2077.05,pos,Zamfara,Zamfara-Central,dfc9ae6662f00748,2025-01-21 18:25:42,18,1,False
f203dfef-68ec-4800-ae55-a38f3d0dff9d,CUS-00859,943681.08,pos,Lagos,Lagos Mainland,2a9e5dae55eab181,2025-01-21 18:26:17,18,1,False
0c5df580-412a-4ca3-b9f0-3d8cbdf74bce,CUS-00239,1270.71,pos,Lagos,Mushin,a18fc29097aafe72,2025-01-21 18:28:08,18,1,False
d0466529-d9be-47e4-86fc-d02cd8abd281,CUS-01616,134.49,bank_transfer,Ogun,Ogun-Central,be333283103f5129,2025-01-21 18:41:22,18,1,False
f6efb6b1-dca8-4fa6-9fc3-10536dd33ec3,CUS-00300,2219.15,mobile_money,Lagos,Ikeja,4fcd148b58c99584,2025-01-21 18:54:27,18,1,False
050ca80c-c685-42be-9262-a9d33c8f3390,CUS-01401,367.33,pos,Lagos,Eti-Osa,819745d3500a43cf,2025-01-21 18:57:48,18,1,False
0240c4ac-4f09-43f8-9450-924908447441,CUS-01074,11748.59,bank_transfer,Ogun,Ogun-Central,116b5e1551705cfb,2025-01-21 19:00:44,19,1,False
40742d60-0ce2-4061-b20c-88848e3b33b0,CUS-00161,432.07,bank_transfer,Enugu,Enugu North,60cf3886193024a7,2025-01-21 19:00:59,19,1,False
0839c62b-cbc8-43c0-a9bc-a1f1f6b98bb8,CUS-01663,66681.24,pos,Abuja FCT,Gwagwalada,e87a1054d8b9be6b,2025-01-21 19:03:50,19,1,False
b53bb669-3c31-4552-be6c-8e7a5dd01d43,CUS-01818,1460.82,bank_transfer,Enugu,Enugu North,d55cdb42c79cc105,2025-01-21 19:07:56,19,1,False
22f39f1b-7f2e-4f0a-8b80-883f60c05f0f,CUS-01404,69.81,ussd,Delta,Uvwie,42b42baf602c4346,2025-01-21 19:14:00,19,1,True
6e0cb06d-63e7-4bac-bc76-c4d8ebf3fb40,CUS-01404,255.13,mobile_money,Delta,Oshimili South,42b42baf602c4346,2025-01-21 19:16:00,19,1,True
5a53ee7f-2ae8-4520-9351-532d8756b8d0,CUS-01456,4802.09,bank_transfer,Anambra,Onitsha North,2ae0abcfd03562bf,2025-01-21 19:17:53,19,1,False
4c5f063a-3c29-4191-8432-2986f7f119f3,CUS-01404,167.07,pos,Delta,Warri South,42b42baf602c4346,2025-01-21 19:18:00,19,1,True
a1bb5d32-3129-48a1-8143-3d3d812bfbaa,CUS-00151,74011.21,pos,Lagos,Alimosho,2bf14b665bcd3a89,2025-01-21 19:18:10,19,1,False
2c99086e-2713-4ae7-9006-3f0f31b0a2b0,CUS-00436,4886.69,pos,Lagos,Alimosho,68fb798e5b124399,2025-01-21 19:19:17,19,1,False
f7b38bb7-6667-46de-9204-d68412b05307,CUS-00622,16660.39,bank_transfer,Rivers,Port-Harcourt,7e53a819ad1be8b4,2025-01-21 19:19:57,19,1,False
da346928-1513-451a-9389-d5500ca50a6a,CUS-01404,294.36,ussd,Delta,Uvwie,42b42baf602c4346,2025-01-21 19:20:00,19,1,True
48be269f-4f39-47ba-8ec9-4ffffd471173,CUS-01404,209.74,pos,Delta,Oshimili South,42b42baf602c4346,2025-01-21 19:22:00,19,1,True
c1efd0e6-5a13-483e-9c82-3e602bab5af0,CUS-00934,29149.34,mobile_money,Lagos,Kosofe,a005e3c38e069450,2025-01-21 19:23:02,19,1,False
80bbb3fa-bbca-4b1c-8310-5ba5add05ae2,CUS-00328,86109.46,bank_transfer,Rivers,Obio-Akpor,c6ea48448e01a500,2025-01-21 19:28:59,19,1,False
3db6c1b8-0cf0-468c-a00d-4f8e5eea36cd,CUS-01404,372.78,pos,Delta,Warri South,42b42baf602c4346,2025-01-21 19:36:00,19,1,True
9e88f4ae-5d23-49ed-a24d-614d994ade8e,CUS-01517,2526.19,pos,Nassarawa,Nassarawa-Central,beeded9bdc46ff19,2025-01-21 19:39:59,19,1,False
2faf3025-93ce-48c1-b5dd-34f60db57f45,CUS-01404,116.99,mobile_money,Delta,Warri South,42b42baf602c4346,2025-01-21 19:42:00,19,1,True
4f603e9d-efd1-4674-8bc5-99fb0024ae96,CUS-01404,307.37,pos,Delta,Oshimili South,42b42baf602c4346,2025-01-21 19:46:00,19,1,True
67c7d058-a71e-4f01-916b-24a148130c52,CUS-00496,12533.23,bank_transfer,Oyo,Ibadan South-West,9cec30768d8a4bf8,2025-01-21 20:05:30,20,1,False
3adb3f52-3777-49b5-87bb-dc30e289d107,CUS-00859,79313.41,pos,Lagos,Mushin,2a9e5dae55eab181,2025-01-21 20:15:45,20,1,False
bfabf778-a028-4918-a525-dae223638210,CUS-01006,262.08,ussd,Anambra,Onitsha North,91de6e8e293c33a0,2025-01-21 20:15:55,20,1,False
84206c0e-9918-4c06-8dc6-5f4a6aa5c757,CUS-00543,423294.99,bank_transfer,Anambra,Nnewi North,e27f3865854040c1,2025-01-21 20:20:52,20,1,False
33c057ec-cfa8-458b-b7d0-ba206b7b568e,CUS-01346,64255.65,pos,Kano,Fagge,c0097357ef2523fd,2025-01-21 20:26:41,20,1,False
11564c77-f749-4fdd-af9f-d011bb35d184,CUS-00020,47743.96,card,Kaduna,Kaduna South,17432577a0f31ee4,2025-01-21 20:32:43,20,1,False
46caebed-a47e-4749-bac6-33c40cd67d65,CUS-01522,2869.35,pos,Kano,Dala,943007d4f4e03d9f,2025-01-21 20:35:31,20,1,False
d0d4f100-3146-4f3f-85b0-f38278c9b9a2,CUS-00753,330.22,pos,Kano,Tarauni,7dcdedb7ad4521d3,2025-01-21 20:38:49,20,1,False
65d22588-db67-4ea7-acbd-eff08914672f,CUS-01703,23143.29,mobile_money,Abuja FCT,Gwagwalada,49984962f39ec994,2025-01-21 20:48:05,20,1,False
0dcf2dd5-dd42-4a41-8ff0-43f0fc931985,CUS-00962,1313.71,pos,Lagos,Agege,da8857276f8d9de1,2025-01-21 20:49:40,20,1,False
f7f5bcc9-0536-4cbe-981f-094bf3c9d6a2,CUS-01053,22602.89,pos,Imo,Imo-Central,239fe4560cf4f0a8,2025-01-21 20:49:43,20,1,False
9331e577-2d9e-4d00-bbe3-9a939164818b,CUS-00275,104.62,bank_transfer,Abuja FCT,Gwagwalada,83c12336ca22990b,2025-01-21 21:11:12,21,1,False
91d89410-5e35-449f-a3bd-cc696975d1de,CUS-00118,1125.72,pos,Niger,Niger-Central,482982ea000a9ae6,2025-01-21 21:14:13,21,1,False
1b7817f5-841c-4425-a327-c93abc1b129c,CUS-01204,486.0,mobile_money,Abuja FCT,Kuje,7fc10fe4ca5124d6,2025-01-21 21:19:35,21,1,False
88575b14-0968-4f93-9769-706ef8fab3b7,CUS-00839,1938.0,card,Enugu,Enugu North,a2601c65fa06efa2,2025-01-21 21:25:31,21,1,False
12e29d31-55ef-4576-be1f-574ac5099563,CUS-01254,31129.34,pos,Anambra,Onitsha North,e253a6ae5eaa7b46,2025-01-21 21:48:50,21,1,False
6014efb3-bdb0-49ec-a965-1c30b3b213ad,CUS-00475,442.36,ussd,Ogun,Ogun-Central,12d309dd435050f0,2025-01-21 21:51:47,21,1,False
cc47607e-6035-4110-8308-4fdb077d8672,CUS-00140,31670.49,mobile_money,Akwa Ibom,Akwa Ibom-Central,26931b3f53dc8f43,2025-01-21 21:52:22,21,1,False
459263ec-4073-4b8b-b967-90a0309fcf77,CUS-01685,25564.73,bank_transfer,Sokoto,Sokoto-Central,445899ed480707b4,2025-01-21 21:52:40,21,1,False
12be31d3-a4c3-4038-b767-eb41b74c0eb5,CUS-00516,314.63,pos,Rivers,Eleme,a9e4532a82bbee62,2025-01-21 21:53:32,21,1,False
c9fc3b2a-5000-47a4-b66b-f4041d4aff13,CUS-01799,1562.32,bank_transfer,Lagos,Ikeja,73145fde27a32e2e,2025-01-21 22:56:06,22,1,False
e2cf7dfb-7fcc-4cf0-8591-a8a417b8fcf0,CUS-01181,400942.29,bank_transfer,Kano,Nassarawa,9eb56ac542f8f5d3,2025-01-22 00:29:00,0,2,True
1a898dcb-c0a7-4d8b-98d1-78d0d7f3daa7,CUS-01498,2794.97,pos,Rivers,Eleme,06084f23b47782c5,2025-01-22 00:59:58,0,2,False
b4bb742b-0691-4343-ae62-67639cf6cd55,CUS-01389,1203.08,mobile_money,Abuja FCT,Municipal,8ad5ba7b72d97c12,2025-01-22 02:37:22,2,2,False
6f1b8003-6cf5-44d8-8b69-6ef2d94dab32,CUS-01637,225.79,pos,Lagos,Eti-Osa,f8158692bfebfc89,2025-01-22 03:11:08,3,2,False
0d1665f8-ed2d-4ab3-b6ac-70576a27c264,CUS-00376,487519.32,bank_transfer,Borno,Borno-Central,30d2cce2a11ef3e3,2025-01-22 03:37:00,3,2,True
9a70ebe9-0c0e-47de-909e-a2b940980c24,CUS-00591,85.01,mobile_money,Enugu,Enugu East,b0b6b7ab4a04ad56,2025-01-22 04:00:50,4,2,False
7eb4b716-05d1-40d1-a444-7bfcf0a1c1c1,CUS-01985,500370.65,ussd,Lagos,Ikorodu,e60e86688a83e9d7,2025-01-22 04:51:11,4,2,False
99a6e025-1fff-4771-91f4-fc7245b5bef3,CUS-00827,2602.59,pos,Kano,Fagge,fa17bea891abed61,2025-01-22 05:44:45,5,2,False
8e0f8850-44bf-4153-8653-1a23a38f260d,CUS-01655,437.55,pos,Gombe,Gombe-Central,ee689fc86d725bb6,2025-01-22 06:37:00,6,2,True
17b5d89b-1cb7-4360-b6b2-04ec299f520f,CUS-01189,2542.07,mobile_money,Edo,Ikpoba-Okha,36f1fd8d7d24e817,2025-01-22 07:00:00,7,2,True
fe297c57-39c0-4b56-9e65-46974af55021,CUS-01655,4039.75,bank_transfer,Gombe,Gombe-Central,ee689fc86d725bb6,2025-01-22 07:03:00,7,2,True
7dddd669-65f6-475d-8571-93543236b236,CUS-01655,82.36,pos,Gombe,Gombe-Central,ee689fc86d725bb6,2025-01-22 07:07:00,7,2,True
3c96d577-631b-4bb8-bc42-685730cbaaa4,CUS-01189,1607.73,pos,Edo,Egor,36f1fd8d7d24e817,2025-01-22 07:11:00,7,2,True
4bfd4eef-4b1e-45ae-870e-a68d2f6b78fc,CUS-00860,3819.06,ussd,Abia,Abia-Central,0fc42ad3f8af3841,2025-01-22 07:26:43,7,2,False
82d09cfc-c21a-4d4b-8b17-0b8c48804def,CUS-01526,210.54,card,Kano,Nassarawa,9cf5f93aa4a4b335,2025-01-22 09:10:05,9,2,False
c1208f10-4e24-475c-8f3e-0f050ea875d3,CUS-01655,20944.36,bank_transfer,Gombe,Gombe-Central,ee689fc86d725bb6,2025-01-22 09:13:00,9,2,True
3766fac1-b555-4e31-af40-56f96d4e98d4,CUS-01753,272.27,mobile_money,Lagos,Ikeja,6711f7f87a08894a,2025-01-22 09:13:13,9,2,False
85494c52-5e0f-4f94-8b10-a4d202706b6a,CUS-00295,308836.56,bank_transfer,Abuja FCT,Bwari,3a78603332533436,2025-01-22 09:15:00,9,2,True
d2cb6769-afe8-46e0-bebd-5348f19971b4,CUS-01180,3919.65,pos,Akwa Ibom,Akwa Ibom-Central,1eb41ea733304795,2025-01-22 09:16:44,9,2,False
00338530-e13f-4561-b4d4-8f725d37bd19,CUS-01655,603920.64,bank_transfer,Gombe,Gombe-Central,ee689fc86d725bb6,2025-01-22 09:19:00,9,2,True
6dc5cfe6-9888-4d6b-a277-0118a42bc701,CUS-01475,3846.79,mobile_money,Anambra,Nnewi North,1982e4149ad2f4cf,2025-01-22 09:29:04,9,2,False
355a0eed-8332-4145-8090-4a2fc96e5b8f,CUS-01308,81771.53,pos,Kano,Gwale,c99975fc77f75453,2025-01-22 09:44:38,9,2,False
1b6794d8-a0a3-4231-9eae-326a7fb4e45d,CUS-01329,31396.55,mobile_money,Abuja FCT,Gwagwalada,739c4ee882c5ab3b,2025-01-22 09:47:38,9,2,False
017afd51-7bf5-4a52-8b5f-90fcdad7ce60,CUS-00548,487.46,bank_transfer,Abuja FCT,Kuje,ec494afb9403a35d,2025-01-22 09:53:24,9,2,False
f48ef13c-4d97-4a0e-a848-de761097262c,CUS-01057,29349.3,pos,Rivers,Oyigbo,5bf01b42e23bcb1a,2025-01-22 09:58:24,9,2,False
14a9168d-87b3-4ced-9bc9-5938f8110ab5,CUS-01128,965.88,card,Rivers,Port-Harcourt,4768fdad9f4a852b,2025-01-22 10:15:04,10,2,False
d9c94649-9ce3-40b4-a680-ad58205ac4f2,CUS-00955,4209.93,mobile_money,Rivers,Port-Harcourt,4cbfd8122c26b3ff,2025-01-22 10:17:35,10,2,False
beaf123e-f5b8-487b-8e1b-35ce414c0961,CUS-00408,3412.14,card,Kogi,Kogi-Central,113ca9141230a8f2,2025-01-22 10:21:56,10,2,False
ab1aee9c-4384-482c-b633-72e7a6b8234c,CUS-01433,2666.73,pos,Delta,Warri South,2966b413eb51f515,2025-01-22 10:23:42,10,2,False
b25c47cb-7613-492a-ab1b-01f8bda61471,CUS-00981,46236.75,mobile_money,Abia,Abia-Central,1c34e83bf8e6a0ff,2025-01-22 10:25:13,10,2,False
c2b193aa-dc37-44a1-9e34-28d83eec1296,CUS-01431,149.94,card,Abuja FCT,Bwari,495d3248fee65305,2025-01-22 10:27:56,10,2,False
9be0b21a-0b52-4961-9a12-e2a92ee60a40,CUS-00359,19792.98,pos,Oyo,Ogbomoso,c013c0a17c1c88db,2025-01-22 10:30:25,10,2,False
6d71a8c4-106f-444f-a3fa-b47462b7595d,CUS-00875,452.81,bank_transfer,Lagos,Ikorodu,72e07687895ad0c6,2025-01-22 10:42:46,10,2,False
93039257-ba47-4a91-b547-9d9b3e0b6aa6,CUS-01072,1051.92,pos,Lagos,Kosofe,5e8f9450d294cb82,2025-01-22 10:50:26,10,2,False
36e1ca61-5ce1-4eb9-8701-b1d681ff01bd,CUS-01524,7568.77,pos,Abuja FCT,Bwari,e9b082843f2915d1,2025-01-22 10:56:25,10,2,False
c409e3df-e0ef-465c-b533-815342a4ad63,CUS-01202,469524.59,pos,Lagos,Ikeja,82a30116a4708d90,2025-01-22 10:57:39,10,2,False
edcdd3de-1082-4d5f-93b3-62c5288f98f8,CUS-00839,2629.24,pos,Enugu,Nsukka,a2601c65fa06efa2,2025-01-22 11:06:13,11,2,False
1866a2fd-affc-4d31-928a-bb18fad441c2,CUS-01351,4716.45,pos,Oyo,Ibadan South-West,89e967ca6849bd9f,2025-01-22 11:11:28,11,2,False
ec001335-2ef4-4dcc-aac1-62ddd4a24948,CUS-01474,1172.92,mobile_money,Kano,Tarauni,9f74e67babbc18cb,2025-01-22 11:12:07,11,2,False
34dd2a4a-9518-4ae1-a02d-6217dcd42e37,CUS-01218,242.4,mobile_money,Delta,Warri South,d379f323d8c952dc,2025-01-22 11:16:57,11,2,False
8a83916d-6ff2-46db-a206-6d6884bb1fd7,CUS-00282,1907.62,bank_transfer,Rivers,Eleme,98cd637cafd56335,2025-01-22 11:17:59,11,2,False
40dfa292-0dd9-4c64-ab45-89b6930efb74,CUS-00382,105.31,ussd,Enugu,Enugu North,6a5ee0585b3d56be,2025-01-22 11:26:36,11,2,False
fdb4f9d6-266a-4464-a6e9-bcf8d9e6692d,CUS-01807,4576.8,pos,Lagos,Ikorodu,39b75e6bcf7ef405,2025-01-22 11:34:23,11,2,False
91c87cf6-e31c-4d35-8a0d-0ceb1c917843,CUS-00684,4076.06,pos,Yobe,Yobe-Central,d6b12227f34f21ed,2025-01-22 11:43:42,11,2,False
12dbae43-6cba-4564-aae2-ecd0503c4d5b,CUS-01173,3216.85,pos,Kano,Dala,835d7ff91e1af072,2025-01-22 11:52:29,11,2,False
0ae1ec0b-9be4-450c-8937-2bafa24697a0,CUS-01137,2533.32,bank_transfer,Abuja FCT,Bwari,5f50a18ef5c967c2,2025-01-22 12:07:02,12,2,False
a11cfbb1-b698-4ac7-b685-c8a4bd43e47a,CUS-01109,3824.2,bank_transfer,Lagos,Oshodi-Isolo,8ed7b0772c222c9d,2025-01-22 12:09:55,12,2,False
925ddf8b-04bb-4d2f-806b-2d233691b4ea,CUS-00578,99006.35,pos,Abuja FCT,Bwari,11bf76c9882864cd,2025-01-22 12:15:36,12,2,False
7439876f-24d5-4ef2-a811-29046f41da06,CUS-01351,450.83,mobile_money,Oyo,Ibadan South-West,89e967ca6849bd9f,2025-01-22 12:15:38,12,2,False
4cf4a0a4-ad44-4c7d-b8ed-082b1d1c1f09,CUS-01723,122.99,pos,Lagos,Ikorodu,b8469a7d5c27212d,2025-01-22 12:15:54,12,2,False
2c143db4-f9e9-4e4e-9829-f9d314e897cd,CUS-00139,3100.06,ussd,Bayelsa,Bayelsa-Central,1b85d0b8604dea2e,2025-01-22 12:23:13,12,2,False
0b4af8e8-d60b-4856-b7c8-ab66ccd182f9,CUS-01179,2740.35,bank_transfer,Oyo,Ibadan North,d58684393c60ad84,2025-01-22 12:27:31,12,2,False
1878bf64-2504-4cb7-9e48-75950db5ad3a,CUS-01052,89501.97,pos,Gombe,Gombe-Central,e5bd3618d278cb59,2025-01-22 12:45:37,12,2,False
5df40752-d492-4110-96e9-d081df9a8058,CUS-01758,2574.44,bank_transfer,Lagos,Alimosho,cddaa2a8705e5f66,2025-01-22 12:54:19,12,2,False
e100bd3f-4249-48ae-a826-3f90caf3b1bf,CUS-00564,79.37,ussd,Kano,Tarauni,7b60d7573ce6dd3e,2025-01-22 12:55:27,12,2,False
1c39c56c-66d1-4194-9ed1-b30d519db03e,CUS-00295,630488.33,bank_transfer,Abuja FCT,Kuje,3a78603332533436,2025-01-22 12:57:27,12,2,False
ac76ad24-4528-400f-a43d-e88e183d40e2,CUS-01663,17821.71,pos,Abuja FCT,Municipal,e87a1054d8b9be6b,2025-01-22 13:01:55,13,2,False
fc3f649d-07d9-4eb7-b19e-35af3d82aad0,CUS-01655,241.05,bank_transfer,Gombe,Gombe-Central,ee689fc86d725bb6,2025-01-22 13:02:00,13,2,True
afb91271-fa76-4c6c-a1d7-7fa10a1e4ba0,CUS-00061,3705.45,bank_transfer,Kano,Nassarawa,8ffdeca966e54133,2025-01-22 13:04:24,13,2,False
74c1c471-0722-4cad-ab2e-e59cc6f3d226,CUS-00023,56257.27,pos,Rivers,Oyigbo,f84e67d217d0d0ef,2025-01-22 13:06:25,13,2,False
c4cf0a44-fe36-4c17-8c63-f85dc9fee303,CUS-00157,20617.31,pos,Kwara,Kwara-Central,5a88b3464efae3ec,2025-01-22 13:12:20,13,2,False
22fbed13-57f4-4fd1-96bb-f0c3ae0649ca,CUS-01821,321.09,pos,Lagos,Eti-Osa,e7ac53555b39c0fc,2025-01-22 13:17:49,13,2,False
7b0eb93d-4568-48f2-aef1-3f5e5f31951a,CUS-00533,66797.7,pos,Oyo,Ibadan North,ed52fa7157600cd1,2025-01-22 13:24:21,13,2,False
e1d02d4c-e8b3-4c6c-adcc-b59a4457cc1d,CUS-00518,1726.05,mobile_money,Ogun,Ogun-Central,4110312c0dc9f57c,2025-01-22 13:25:41,13,2,False
52ccc18d-85e9-4402-af4e-307aaf37932b,CUS-00335,2339.65,pos,Lagos,Eti-Osa,c8e9fa5817cdc293,2025-01-22 13:28:58,13,2,False
85849f4c-b326-4e20-b8a9-7ef1da097092,CUS-00597,359.77,bank_transfer,Lagos,Ikeja,c0926ee4a0783d90,2025-01-22 13:33:35,13,2,False
52fcf709-375b-4b67-9c84-9054426b3d5a,CUS-00671,2139.97,pos,Nassarawa,Nassarawa-Central,c036671ca8b35a91,2025-01-22 13:51:28,13,2,False
b4bde3f7-9252-4cc9-ba13-31fbdd0ca321,CUS-01894,460.5,pos,Oyo,Ogbomoso,caa7f44890efbfa1,2025-01-22 14:03:00,14,2,True
d48d87fb-6804-4658-8f99-a467fbcf3483,CUS-00056,89662.63,bank_transfer,Lagos,Lagos Mainland,2261f7a59fdd0292,2025-01-22 14:03:39,14,2,False
68c27396-c111-4bd7-8e52-54f832e9f2a4,CUS-01493,7981.07,ussd,Lagos,Kosofe,a9e1d473406f0c83,2025-01-22 14:04:24,14,2,False
63f184be-6003-44fa-86cc-55a9e78d92e9,CUS-00803,20960.15,card,Kaduna,Kaduna South,1aaac49944c6a235,2025-01-22 14:06:56,14,2,False
b0ee84f6-ad4c-45f6-9ac5-52f32bda335a,CUS-01684,3200.68,mobile_money,Lagos,Ikeja,c502b63d2b4acfae,2025-01-22 14:08:05,14,2,False
b53de1ca-b6c0-4dbf-bd5f-d85ec4536d6c,CUS-00729,3338.47,bank_transfer,Lagos,Kosofe,74c46c6f8b16e0c6,2025-01-22 14:09:52,14,2,False
6bdeecda-34aa-4c38-b293-ab6cd03dee91,CUS-01189,4484.57,mobile_money,Edo,Egor,36f1fd8d7d24e817,2025-01-22 14:11:00,14,2,True
887ff4bd-a6b5-4f40-9401-e19bd439d20f,CUS-01894,210.36,mobile_money,Oyo,Ibadan South-West,caa7f44890efbfa1,2025-01-22 14:16:00,14,2,True
cd518789-82fb-4fd6-9df5-bf6e3791b6cb,CUS-01894,172.85,mobile_money,Oyo,Ibadan North,caa7f44890efbfa1,2025-01-22 14:19:00,14,2,True
cce87f45-acaa-4e8e-93c7-182bf7cd7b96,CUS-00157,343.94,pos,Kwara,Kwara-Central,5a88b3464efae3ec,2025-01-22 14:22:30,14,2,False
632a732c-0dc9-4c9b-bcc4-1d69777e2692,CUS-01444,64616.17,card,Zamfara,Zamfara-Central,8a832c116325ac82,2025-01-22 14:26:28,14,2,False
4ec9f39c-1324-4445-8999-b0c5898d9f92,CUS-01894,128.44,pos,Oyo,Ogbomoso,caa7f44890efbfa1,2025-01-22 14:27:00,14,2,True
5744e06c-0c2b-41de-aeeb-77de96ed108c,CUS-01894,80.21,mobile_money,Oyo,Ibadan South-West,caa7f44890efbfa1,2025-01-22 14:30:00,14,2,True
e6464866-5e19-4b7d-a8ca-d8c69a7b80ef,CUS-01548,119.05,pos,Lagos,Surulere,4c6c2fda7eb08019,2025-01-22 14:45:30,14,2,False
de6b9bcb-2e6d-47f2-b339-7fe210eabfcd,CUS-01321,6898.95,ussd,Lagos,Agege,13cdbc6936f7c1bd,2025-01-22 14:47:38,14,2,False
38805a55-14ba-4545-9f14-c0f42acc49d8,CUS-01479,4723.11,bank_transfer,Rivers,Oyigbo,ca1f578fbe8c3972,2025-01-22 14:49:47,14,2,False
4c72b9ca-f03f-46e3-918a-0a27197c5469,CUS-01655,34399.65,ussd,Gombe,Gombe-Central,ee689fc86d725bb6,2025-01-22 15:06:00,15,2,True
0316fdb5-298f-446a-9116-4fde9e0adfeb,CUS-01995,93119.6,bank_transfer,Delta,Oshimili South,04be4355d3b8c73a,2025-01-22 15:06:20,15,2,False
d57993ad-ec67-4944-b866-0639e8272675,CUS-00258,17096.38,pos,Oyo,Ibadan North,0aef7632c74d2bb0,2025-01-22 15:22:22,15,2,False
ec5b65ba-0cf0-4900-b6c6-a718f4b576d1,CUS-00788,1718.98,card,Abuja FCT,Kuje,cfa2bab673d6b5bb,2025-01-22 15:24:35,15,2,False
249c0c04-7180-4310-b6ac-0490ff42d23c,CUS-01885,144.06,ussd,Abuja FCT,Municipal,18c0900df3cb458f,2025-01-22 15:24:47,15,2,False
97a942d6-e8af-481e-9f9a-f1e167831e41,CUS-01423,3020.29,pos,Lagos,Oshodi-Isolo,9b4a9315bbdb7cca,2025-01-22 15:31:27,15,2,False
20a1f618-4549-4f32-9bb0-f7818d2745d6,CUS-01731,44790.34,card,Enugu,Enugu North,82c0069192df81b9,2025-01-22 15:32:24,15,2,False
d24d8785-5be1-4266-be9c-684b82748e35,CUS-01107,805.87,pos,Kwara,Kwara-Central,3a15b34bb5d0c2d2,2025-01-22 15:33:44,15,2,False
e304258e-c7cd-4c33-9129-f6092efb297a,CUS-01836,678914.56,ussd,Lagos,Surulere,d0967b5b666bff98,2025-01-22 15:48:39,15,2,False
96940344-900a-4817-ad3e-273f0db0f5c8,CUS-00720,126.16,ussd,Gombe,Gombe-Central,54d663ff2bd1e6ff,2025-01-22 15:59:19,15,2,False
9c746802-eeb1-41b9-a50c-1fd5be564cbe,CUS-00897,322.88,pos,Nassarawa,Nassarawa-Central,5b9761b9c452f988,2025-01-22 16:00:44,16,2,False
63c2f72d-d72c-4794-9415-264fbf61b428,CUS-00394,59547.89,ussd,Kano,Fagge,ae69715490e1d162,2025-01-22 16:02:59,16,2,False
f04b7622-b1cd-4a2b-91d4-ffe4fd3296de,CUS-01655,4165.0,pos,Gombe,Gombe-Central,ee689fc86d725bb6,2025-01-22 16:05:00,16,2,True
234a5e14-7a2e-44ee-9227-109bb9e695d7,CUS-00847,627.2,pos,Ogun,Ogun-Central,7f2d38a046a3ed43,2025-01-22 16:05:29,16,2,False
f511a3eb-0dd2-406c-96d1-963e5d955d57,CUS-01190,787156.04,mobile_money,Lagos,Surulere,880b7d20de1a5a08,2025-01-22 16:08:12,16,2,False
e3fe4ab5-55aa-49b1-bd9c-e9332ee799c3,CUS-00120,3652.29,mobile_money,Benue,Benue-Central,2aa8167840b42b5e,2025-01-22 16:13:45,16,2,False
dbde53a5-3c22-4b86-a840-22c4717f78aa,CUS-00371,3619.25,pos,Lagos,Kosofe,7db25f91fbf121bf,2025-01-22 16:32:24,16,2,False
f48fd741-a927-4682-8710-34f8c806ce4a,CUS-01893,828.88,bank_transfer,Lagos,Agege,e9601e9a416b90ba,2025-01-22 16:32:57,16,2,False
3f0028a8-19e9-4d2a-b292-5cf2a50ad4f3,CUS-01411,4357.41,pos,Lagos,Kosofe,1d3ab4ab469805e9,2025-01-22 16:37:40,16,2,False
21151c26-599b-49a8-bc42-6e86f5d705bb,CUS-01189,3798.63,bank_transfer,Edo,Egor,36f1fd8d7d24e817,2025-01-22 16:41:00,16,2,True
df3159c9-c333-4401-9c09-50154a71dbc6,CUS-00786,179.83,pos,Oyo,Ibadan North,5a94533355fbe278,2025-01-22 16:41:55,16,2,False
ab7bf1a7-ee16-4be3-b3b8-f87924210c6f,CUS-00301,3094.39,bank_transfer,Oyo,Oyo East,4acd84f2fa7ac6df,2025-01-22 16:44:57,16,2,False
aec24aad-6f51-4cb9-ac55-1c1976ad3062,CUS-01208,667872.55,bank_transfer,Kano,Fagge,e98a5e1c5dd09287,2025-01-22 16:45:47,16,2,False
1e975c02-2e67-4d7e-93f8-a734c8c2efec,CUS-01500,3945.16,mobile_money,Abuja FCT,Kuje,b9a3547038ddbc74,2025-01-22 16:48:18,16,2,False
584aaec1-ebc0-4b65-8c8f-0caf9e4fb7a3,CUS-01587,18141.08,mobile_money,Rivers,Oyigbo,708ee1e12e8f243f,2025-01-22 16:50:17,16,2,False
8f46bb36-83a8-4dfc-9c9e-63a960195123,CUS-01189,94697.22,mobile_money,Edo,Egor,36f1fd8d7d24e817,2025-01-22 16:52:00,16,2,True
ec9429af-d4c3-46f1-b135-8bd71c85011c,CUS-00436,665038.13,pos,Lagos,Ikorodu,68fb798e5b124399,2025-01-22 16:52:10,16,2,False
1c0a8122-84a5-4253-a1e6-d1fc65e54683,CUS-01189,215.66,bank_transfer,Edo,Oredo,36f1fd8d7d24e817,2025-01-22 16:54:00,16,2,True
8096af11-5980-425b-bb4e-b39f3f361d4a,CUS-00955,63791.92,mobile_money,Rivers,Oyigbo,4cbfd8122c26b3ff,2025-01-22 16:59:32,16,2,False
56285526-388c-42bd-9347-415a9ab3cd2e,CUS-00928,454.15,mobile_money,Enugu,Enugu East,2cf7904fdac340ce,2025-01-22 17:05:00,17,2,False
850f7422-2b40-43b2-8113-2ee632f65dba,CUS-01199,403.82,pos,Lagos,Surulere,87823df2b69fc0a4,2025-01-22 17:14:53,17,2,False
ae486e94-f959-4b1a-9fe7-d6b715530334,CUS-01189,25949.75,mobile_money,Edo,Ikpoba-Okha,36f1fd8d7d24e817,2025-01-22 17:20:00,17,2,True
d4708206-b6cc-4c43-83df-559d9442e60f,CUS-01655,2608.05,bank_transfer,Gombe,Gombe-Central,ee689fc86d725bb6,2025-01-22 17:20:00,17,2,True
59850617-116d-41aa-a1d0-e564a2c835f7,CUS-00849,19629.25,pos,Kaduna,Kaduna South,c5fb9680abdaabbf,2025-01-22 17:31:06,17,2,False
2f4c383c-760e-40ad-9ce4-85ffa12e2cc5,CUS-00130,36012.32,pos,Rivers,Port-Harcourt,bba31a7c8dcf95ed,2025-01-22 17:33:09,17,2,False
4be02719-4d87-4fb7-8aad-2fa5dfd1afdf,CUS-00676,449.72,pos,Lagos,Ikorodu,57e05c0116363981,2025-01-22 17:36:46,17,2,False
ad9f78e4-b910-4fd9-87a5-05ab16aa03ab,CUS-01655,1744.13,pos,Gombe,Gombe-Central,ee689fc86d725bb6,2025-01-22 17:48:00,17,2,True
9797d464-6633-464b-9ffe-30e621587948,CUS-01472,4983.34,bank_transfer,Kebbi,Kebbi-Central,c72840e5ddc555fa,2025-01-22 17:58:13,17,2,False
388a646f-d0c4-4e61-aaf3-5ebef6e3565d,CUS-00235,1044.54,bank_transfer,Ondo,Ondo-Central,a7d47ba536fd676a,2025-01-22 18:02:18,18,2,False
d7c4ddaf-62b3-4582-a86e-a9fbbe61b4f3,CUS-01239,779711.85,bank_transfer,Lagos,Lagos Mainland,cbf3ba8a5623bd89,2025-01-22 18:03:32,18,2,False
6e60c7cc-fe8c-46c2-8cb7-c23cd1c28c53,CUS-01267,445.53,bank_transfer,Abuja FCT,Gwagwalada,c0e12dd6f7fccc2b,2025-01-22 18:18:37,18,2,False
5c7bf1f1-eabc-42d9-a6db-97d1d506dc22,CUS-01676,3464.06,pos,Lagos,Alimosho,4cbe72a6e828f405,2025-01-22 18:20:59,18,2,False
6f094aa5-3ca9-4582-b538-33d27dd8a167,CUS-01531,7871.71,mobile_money,Kaduna,Kaduna South,83700d33745d5518,2025-01-22 18:21:59,18,2,False
c10a063f-f76e-4ae7-be60-dfe0974fe44f,CUS-00790,1721.16,mobile_money,Lagos,Surulere,b15e711fa28274c0,2025-01-22 18:30:42,18,2,False
f96a3745-fd2a-460e-b9ea-92a5e4cf59df,CUS-01189,3596.37,ussd,Edo,Egor,36f1fd8d7d24e817,2025-01-22 18:51:00,18,2,True
9c36b1a5-3876-46c6-bbcd-d3a615299c0f,CUS-00583,51885.43,pos,Kano,Kumbotso,ee1cf351161becb3,2025-01-22 19:03:36,19,2,False
bb8b4df9-96e5-4c8b-a4b3-7ca0aba6d1c8,CUS-00474,442.85,bank_transfer,Oyo,Ibadan South-West,1ff434af9688f99c,2025-01-22 19:06:38,19,2,False
11506b66-a05f-4e1c-a9fd-d0aae7ce0d7d,CUS-01236,1310.83,pos,Zamfara,Zamfara-Central,d68479e2a9eb270f,2025-01-22 19:14:46,19,2,False
6d48a85c-02cf-4323-a880-502b6360dd84,CUS-00285,4115.01,pos,Lagos,Kosofe,72450b7e68862ec6,2025-01-22 19:17:09,19,2,False
081dee26-4cc4-4a8d-b962-a32cff9a33a3,CUS-01053,48368.58,pos,Imo,Imo-Central,239fe4560cf4f0a8,2025-01-22 19:18:07,19,2,False
67ad5fd8-d56f-42da-8e27-016337884ad4,CUS-01655,1220.52,ussd,Gombe,Gombe-Central,ee689fc86d725bb6,2025-01-22 19:22:00,19,2,True
228d147c-a575-44b9-9266-00c633f61abb,CUS-00564,39111.72,bank_transfer,Kano,Kumbotso,7b60d7573ce6dd3e,2025-01-22 19:23:02,19,2,False
bb620442-f870-4a46-9ead-9397bcff71f7,CUS-01361,1488.57,pos,Lagos,Eti-Osa,e0a5181f4315f4ad,2025-01-22 19:28:06,19,2,False
b0763700-ebd2-4fe2-a9af-ab6a0426b9f8,CUS-00688,844908.72,bank_transfer,Kwara,Kwara-Central,06ec4d841c47e02c,2025-01-22 19:31:33,19,2,False
b86a4849-807d-45ce-8b91-4db4c392b8f7,CUS-00800,64.32,pos,Edo,Ikpoba-Okha,2cd1fa6472cd8768,2025-01-22 19:32:56,19,2,False
85856af8-fa00-4d7e-868c-9c8fa1fb82c9,CUS-00187,275085.77,mobile_money,Oyo,Ogbomoso,a7abe2028646f8e2,2025-01-22 19:35:13,19,2,False
7df287aa-e2de-4d09-af1b-b17e60965d9b,CUS-00271,994.8,pos,Benue,Benue-Central,1ed4881d016ff524,2025-01-22 19:36:33,19,2,False
d87c8f65-0d19-4209-8fcc-6cabee82879f,CUS-01463,78965.28,bank_transfer,Delta,Uvwie,c8977aab38696c1b,2025-01-22 19:39:25,19,2,False
817e5ad2-055f-4f22-bbf8-eb1325f41c5c,CUS-00139,4855.98,ussd,Bayelsa,Bayelsa-Central,1b85d0b8604dea2e,2025-01-22 19:41:58,19,2,False
4ea3f572-c7da-452b-8933-498059f6756e,CUS-01655,5908.8,mobile_money,Gombe,Gombe-Central,ee689fc86d725bb6,2025-01-22 19:42:00,19,2,True
4e6aadb8-1e41-4188-b6c0-a2085e04b69d,CUS-01655,736.59,pos,Gombe,Gombe-Central,ee689fc86d725bb6,2025-01-22 19:47:00,19,2,True
5afeb875-ffc3-4664-9b93-3b3d2a19abb0,CUS-01655,199.43,bank_transfer,Gombe,Gombe-Central,ee689fc86d725bb6,2025-01-22 19:48:00,19,2,True
061c063d-2a5d-45d8-ae24-1f38b817abed,CUS-00006,2750.67,ussd,Lagos,Ikeja,8e398bc1cbdc78d0,2025-01-22 20:06:00,20,2,False
d4c70862-a7e9-4b94-9787-6de0208826c8,CUS-01866,490355.09,bank_transfer,Lagos,Kosofe,f5c9c28a915088f1,2025-01-22 20:10:43,20,2,False
eeb84139-b42c-4d3a-8d5a-f30794bfa660,CUS-00690,593.71,bank_transfer,Kano,Gwale,9b160c32acee1e9d,2025-01-22 20:20:14,20,2,False
789039ea-25a4-445f-a345-d715a3f54ada,CUS-01669,675655.06,bank_transfer,Plateau,Plateau-Central,07569bc15837dad6,2025-01-22 20:43:50,20,2,False
5d02a50e-418f-4589-8378-1c920729c2a0,CUS-00831,428.92,mobile_money,Abuja FCT,Kuje,6e4e8493235d07f0,2025-01-22 20:52:47,20,2,False
4b3a2a30-0f09-4870-8a2e-e8f9126d2ae3,CUS-01609,891.35,card,Oyo,Ibadan South-West,06948fe1f1b46a75,2025-01-22 21:03:40,21,2,False
572abb20-a34d-4bc9-8373-7be2e2ccf1aa,CUS-00773,444.92,bank_transfer,Rivers,Port-Harcourt,bf57dfc7ac1d19b3,2025-01-22 21:10:11,21,2,False
f836a07c-32ec-4074-93bd-5b346ae0a7fb,CUS-01626,1229.64,card,Lagos,Agege,cacac985ee6dde77,2025-01-22 21:22:39,21,2,False
3d7a1874-97a2-4d27-86c3-6fe1d1a20651,CUS-01006,300.61,ussd,Anambra,Onitsha North,91de6e8e293c33a0,2025-01-22 21:22:44,21,2,False
bb588a14-ce45-49be-a512-d4b0bf0c922b,CUS-01189,2494.79,pos,Edo,Oredo,36f1fd8d7d24e817,2025-01-22 21:25:00,21,2,True
14e83655-fa9a-4205-a14d-5fa0add0d8c2,CUS-01673,2842.8,ussd,Benue,Benue-Central,1a980ceb564f067f,2025-01-22 21:26:39,21,2,False
644e9a2e-4a23-41ac-b93f-26b0cae03036,CUS-01902,2832.15,ussd,Kwara,Kwara-Central,9bf23a682276144b,2025-01-22 21:30:08,21,2,False
1cd07d8a-4e1d-4e2f-a3b2-2cc55b255b6a,CUS-00965,881809.98,mobile_money,Kano,Kumbotso,ffa59c2f68f6683d,2025-01-22 21:34:49,21,2,False
3f958480-649c-4d0d-bf1a-2d32bc4bfde1,CUS-01189,71285.95,bank_transfer,Edo,Ikpoba-Okha,36f1fd8d7d24e817,2025-01-22 22:08:00,22,2,True
f62638a1-91e8-491d-9b0d-c57ff51271a7,CUS-01655,3045.31,mobile_money,Gombe,Gombe-Central,ee689fc86d725bb6,2025-01-22 22:19:00,22,2,True
8b3bfc44-84cd-416a-b18a-9739d4e2011d,CUS-01312,883604.32,mobile_money,Oyo,Ogbomoso,b0dab1b406b7d200,2025-01-23 00:44:14,0,3,False
e5899558-12de-426e-a5a9-db01de321c1a,CUS-01017,110.85,ussd,Oyo,Ibadan South-West,f8aac67eec4ac97e,2025-01-23 01:06:00,1,3,True
cc45c0f2-6e20-497a-8367-325be591b2f1,CUS-01809,1424.03,pos,Lagos,Mushin,e3c66282934feb13,2025-01-23 01:13:37,1,3,False
567426b7-78e7-40a7-a931-2c5f91e0b879,CUS-01017,154.45,pos,Oyo,Ogbomoso,f8aac67eec4ac97e,2025-01-23 01:27:00,1,3,True
5614b77a-abb0-4426-9951-61e56a22a37c,CUS-01017,218.86,ussd,Oyo,Oyo East,f8aac67eec4ac97e,2025-01-23 01:28:00,1,3,True
4dc51ca8-25ee-4378-8723-021e6800cc7a,CUS-01017,298.7,pos,Oyo,Ogbomoso,f8aac67eec4ac97e,2025-01-23 01:35:00,1,3,True
19aad415-58c3-4820-b19e-b26804668cb8,CUS-01017,221.65,mobile_money,Oyo,Ogbomoso,f8aac67eec4ac97e,2025-01-23 01:44:00,1,3,True
99752c1b-f1c2-41ad-8cce-cca8f96901ef,CUS-01017,167.28,mobile_money,Oyo,Ogbomoso,f8aac67eec4ac97e,2025-01-23 01:47:00,1,3,True
567f17f6-bbe2-4d94-8f6c-7c10ed792783,CUS-01017,104.25,mobile_money,Oyo,Ogbomoso,f8aac67eec4ac97e,2025-01-23 01:53:00,1,3,True
494d8e6c-7ee8-4b13-9a5e-d6e6ef6eab07,CUS-01557,2245.08,bank_transfer,Rivers,Port-Harcourt,581d8d836fa71304,2025-01-23 02:10:14,2,3,False
5ad5f675-d713-40cf-9dee-fca8c04fb3e5,CUS-00180,3189.09,pos,Kano,Kumbotso,97faed3ece0dc138,2025-01-23 02:15:33,2,3,False
da4924b5-e1f2-46a1-bfac-3ce9d168509e,CUS-00451,449.35,pos,Oyo,Ogbomoso,85cb2f4667738787,2025-01-23 03:09:31,3,3,False
f509c900-c1a2-4052-bbf6-162655c01f5b,CUS-01507,351.01,bank_transfer,Oyo,Ibadan South-West,f4cf870f53ea4416,2025-01-23 03:56:34,3,3,False
83bd3f5f-0bef-479f-b47a-4347ca88f467,CUS-01614,494.71,pos,Kano,Tarauni,1b4932f290b1fc00,2025-01-23 04:01:00,4,3,True
23e2baf7-9954-44e3-a8e7-8437c9213c86,CUS-00337,72.44,pos,Edo,Egor,5f045be513fff636,2025-01-23 04:10:00,4,3,True
b43a210a-63eb-474c-87fc-c90f65c9c9ac,CUS-00337,409.85,mobile_money,Edo,Ikpoba-Okha,5f045be513fff636,2025-01-23 04:14:00,4,3,True
207022aa-d317-4677-8ff8-eb7bd435d1d4,CUS-01614,186.69,ussd,Kano,Tarauni,1b4932f290b1fc00,2025-01-23 04:15:00,4,3,True
c95ae1d2-ebb7-4e03-a1ee-9359daba594d,CUS-00337,195.91,mobile_money,Edo,Egor,5f045be513fff636,2025-01-23 04:17:00,4,3,True
e3315dc0-c890-4a12-911c-abb91536a6a7,CUS-01438,77.99,ussd,Lagos,Ikeja,9e67975ac1e802bd,2025-01-23 04:20:14,4,3,False
05ea1ceb-9fb7-48c7-a607-e88e2234a454,CUS-01614,164.57,mobile_money,Kano,Dala,1b4932f290b1fc00,2025-01-23 04:25:00,4,3,True
035fc2db-6506-4e38-83bf-c956fb980cdc,CUS-01614,488.93,ussd,Kano,Gwale,1b4932f290b1fc00,2025-01-23 04:30:00,4,3,True
a80a12be-c800-4f76-b7c5-2334d3dfe099,CUS-00337,308.58,ussd,Edo,Oredo,5f045be513fff636,2025-01-23 04:31:00,4,3,True
fa549325-f2ca-4db8-b373-1e1a6a86bce8,CUS-01614,382.7,ussd,Kano,Kumbotso,1b4932f290b1fc00,2025-01-23 04:33:00,4,3,True
377106d3-c454-4ddf-bcaa-101a152a5c99,CUS-00337,319.92,mobile_money,Edo,Ikpoba-Okha,5f045be513fff636,2025-01-23 04:34:00,4,3,True
aa5616d2-00b1-4947-90f8-cda330a7be20,CUS-01614,312.8,mobile_money,Kano,Nassarawa,1b4932f290b1fc00,2025-01-23 04:34:00,4,3,True
755e943b-1638-4ef8-9baf-b949ecea63f0,CUS-00337,55.86,ussd,Edo,Ikpoba-Okha,5f045be513fff636,2025-01-23 04:40:00,4,3,True
5c1cc0ee-95a6-4dc3-8272-da9fe794656e,CUS-01614,310.62,pos,Kano,Fagge,1b4932f290b1fc00,2025-01-23 04:40:00,4,3,True
f1602301-f86a-4fe0-8c1e-b9d1b5a01f41,CUS-00337,284.48,ussd,Edo,Ikpoba-Okha,5f045be513fff636,2025-01-23 04:41:00,4,3,True
c22339cf-4352-41f9-8afa-d831db53f856,CUS-00337,327.53,mobile_money,Edo,Egor,5f045be513fff636,2025-01-23 04:50:00,4,3,True
a354fb84-6b8d-4661-bf43-5341ac62618f,CUS-01614,379.93,mobile_money,Kano,Gwale,1b4932f290b1fc00,2025-01-23 04:50:00,4,3,True
c341b210-7986-4834-a043-b1c9d9597912,CUS-00710,37517.89,mobile_money,Kwara,Kwara-Central,4e59f88826819d26,2025-01-23 05:49:33,5,3,False
4ca2b7f8-788b-470a-aebc-5c2d0c36b93d,CUS-00065,85082.93,bank_transfer,Oyo,Ibadan South-West,87baa8a35ed6745a,2025-01-23 06:36:00,6,3,True
da5445f3-084d-4be2-8d90-e34ed28d601e,CUS-00471,50.89,card,Bayelsa,Bayelsa-Central,7a9eeef4f46a3321,2025-01-23 07:32:05,7,3,False
1ea6f0b7-9d75-4b2c-b418-e980b50f9a96,CUS-00065,8625.38,pos,Oyo,Ogbomoso,87baa8a35ed6745a,2025-01-23 07:52:00,7,3,True
0076c4b1-861d-4601-bb71-7d31069c3870,CUS-00065,678942.5,mobile_money,Oyo,Ibadan North,87baa8a35ed6745a,2025-01-23 07:52:00,7,3,True
400465f0-f9c2-4df2-88f2-ae3e4a986cca,CUS-00065,4000.08,pos,Oyo,Ibadan South-West,87baa8a35ed6745a,2025-01-23 08:00:00,8,3,True
7a04380e-a5e2-4ccd-aff6-40bf8c2c4ff6,CUS-00799,426.57,ussd,Adamawa,Adamawa-Central,9770e4eba99b57b6,2025-01-23 08:01:00,8,3,True
f91a3089-8ce5-45af-89f3-90a612fa4fcb,CUS-00799,345.48,mobile_money,Adamawa,Adamawa-Central,9770e4eba99b57b6,2025-01-23 08:06:00,8,3,True
22376c08-952e-4d32-988e-09e4527b66b4,CUS-00799,320.59,pos,Adamawa,Adamawa-Central,9770e4eba99b57b6,2025-01-23 08:12:00,8,3,True
a3cb3d26-5e00-43e2-bcba-ea893d01874e,CUS-00065,75625.84,bank_transfer,Oyo,Oyo East,87baa8a35ed6745a,2025-01-23 08:26:00,8,3,True
865b120c-b1e1-41b8-bb39-e0d91bbb1534,CUS-00799,274.99,mobile_money,Adamawa,Adamawa-Central,9770e4eba99b57b6,2025-01-23 08:27:00,8,3,True
9a919132-574f-4fef-a0df-e029e1656707,CUS-00799,315.4,pos,Adamawa,Adamawa-Central,9770e4eba99b57b6,2025-01-23 08:31:00,8,3,True
e08ff3e9-ad5c-4f01-a880-d948c81684e1,CUS-00065,95290.65,bank_transfer,Oyo,Ibadan North,87baa8a35ed6745a,2025-01-23 08:33:00,8,3,True
cba7be5d-9124-4768-800e-5bf0fc059208,CUS-00799,274.94,pos,Adamawa,Adamawa-Central,9770e4eba99b57b6,2025-01-23 08:33:00,8,3,True
98b3566e-1217-4308-b9fd-0c1f881d0b2a,CUS-00799,483.11,mobile_money,Adamawa,Adamawa-Central,9770e4eba99b57b6,2025-01-23 08:39:00,8,3,True
6f62f959-a272-4534-9dd3-6c525a1315a9,CUS-00799,208.18,pos,Adamawa,Adamawa-Central,9770e4eba99b57b6,2025-01-23 08:43:00,8,3,True
60333a43-0ca7-4d9e-8abb-dab3bfc695e6,CUS-00065,824.88,bank_transfer,Oyo,Ibadan North,87baa8a35ed6745a,2025-01-23 08:51:00,8,3,True
6fca6001-fef7-41e6-9549-735e74cd3526,CUS-00741,270.24,pos,Kano,Gwale,1bb58da37496630e,2025-01-23 09:10:38,9,3,False
343c68fb-f236-46ae-8674-019e585a4e38,CUS-01419,9177.31,pos,Gombe,Gombe-Central,6afa9c9e3a1afd35,2025-01-23 09:16:47,9,3,False
aa3f2ac7-3a0d-41dd-b527-979f8bd5d674,CUS-00902,3977.57,pos,Lagos,Kosofe,74f8fb4b85130ba0,2025-01-23 09:21:38,9,3,False
d4b25437-be79-4f1b-b9df-790f30e793d4,CUS-01194,81352.11,pos,Lagos,Oshodi-Isolo,92f97f031c21451e,2025-01-23 09:22:11,9,3,False
05d958e9-c4e7-4764-8bb0-a4a1dba9b329,CUS-01028,3244.14,mobile_money,Kano,Kumbotso,daa3a38fbf2b4243,2025-01-23 09:39:12,9,3,False
c58c36d7-38cb-45c0-ae64-1cd68af9df55,CUS-01878,20829.37,bank_transfer,Kano,Fagge,2887345003145782,2025-01-23 09:50:45,9,3,False
debc517a-9ebc-4f9e-9a14-ae8f40a70152,CUS-01163,14863.05,bank_transfer,Osun,Osun-Central,3c2a17d1f83b499e,2025-01-23 09:52:04,9,3,False
cb466a85-ad36-473f-90c3-a5ee0416c1d8,CUS-01842,6591.82,bank_transfer,Rivers,Obio-Akpor,c34f3404d55f887a,2025-01-23 09:52:41,9,3,False
55381320-dbf8-4c76-9737-05543dd8822e,CUS-00639,73755.91,mobile_money,Rivers,Eleme,e31599e9b6444d86,2025-01-23 09:56:53,9,3,False
416904e9-8967-434c-bf9e-492a195bcde1,CUS-01121,559796.95,bank_transfer,Cross River,Cross River-Central,b60436e580150064,2025-01-23 10:00:00,10,3,True
81ff40d1-fcc7-406b-9a22-b391405278da,CUS-01611,55248.93,pos,Delta,Uvwie,aa648247ee837f3b,2025-01-23 10:01:21,10,3,False
04021bd8-3476-4a20-a88a-c0e4e6c96635,CUS-01571,829.1,bank_transfer,Lagos,Ikorodu,33e0329d255f3ff7,2025-01-23 10:01:31,10,3,False
14a7c487-6440-462a-83c8-592780792177,CUS-01511,161888.71,bank_transfer,Ondo,Ondo-Central,feb703ea6117aadb,2025-01-23 10:04:00,10,3,True
8c41521a-42b8-43ab-a4af-1500bc47b6f4,CUS-00738,4351.95,card,Rivers,Eleme,130806cccf311571,2025-01-23 10:09:25,10,3,False
8f96d8c0-58fb-408d-9a1f-594e90aeeb1a,CUS-00410,1040.83,mobile_money,Kano,Nassarawa,9f4f4dd35dc18f7d,2025-01-23 10:10:23,10,3,False
8dc6a788-8fc5-4e46-ab5c-4caf23267d14,CUS-01453,3679.87,pos,Oyo,Ogbomoso,fee6248a5b22adcf,2025-01-23 10:14:50,10,3,False
7bede03f-56a2-438c-886e-f18ab3312076,CUS-00065,827197.97,pos,Oyo,Oyo East,87baa8a35ed6745a,2025-01-23 10:19:00,10,3,True
3730ff32-ccea-4289-9474-c1747c08748e,CUS-00504,1496.42,pos,Anambra,Awka South,e3e9b5adc18b4128,2025-01-23 10:37:40,10,3,False
ced8462d-b9d0-448e-9292-9d3b922c3ad5,CUS-00251,135749.08,ussd,Rivers,Eleme,07442ae1baeabdbf,2025-01-23 10:45:23,10,3,False
57362c3a-277e-4369-880f-51e4f88fc524,CUS-01492,888.12,ussd,Lagos,Surulere,318dab97928f4a79,2025-01-23 10:55:05,10,3,False
c94a2b6c-ec28-4569-a7e0-712f7f9ff284,CUS-00251,4994.82,ussd,Rivers,Obio-Akpor,07442ae1baeabdbf,2025-01-23 10:55:23,10,3,False
ab35a80f-f6c3-46ce-84f5-46453d1a719f,CUS-00226,779356.54,pos,Bayelsa,Bayelsa-Central,f990c65a3cd2c255,2025-01-23 11:00:26,11,3,False
78557939-0631-47df-8fe7-56752d70e4ec,CUS-00543,351.54,ussd,Anambra,Nnewi North,e27f3865854040c1,2025-01-23 11:06:38,11,3,False
ce26512b-6e68-492c-9d1e-224309067108,CUS-00065,553.88,mobile_money,Oyo,Ibadan North,87baa8a35ed6745a,2025-01-23 11:08:00,11,3,True
3901500b-8eb8-484d-8520-666f9c7b09a3,CUS-01632,193.32,bank_transfer,Delta,Oshimili South,d46257dd5672aef5,2025-01-23 11:21:00,11,3,False
388d550f-c66a-4e15-9f1d-5ab16c961356,CUS-00076,309.29,pos,Abia,Abia-Central,4811e029a88bf94c,2025-01-23 11:23:22,11,3,False
1a3ba1fb-bf0c-41da-8075-d876d043d94e,CUS-00065,95.96,bank_transfer,Oyo,Oyo East,87baa8a35ed6745a,2025-01-23 11:28:00,11,3,True
7d8546f4-ae87-4cd0-b696-5998179d65eb,CUS-01085,34458.81,mobile_money,Abuja FCT,Gwagwalada,015ee05e5160a433,2025-01-23 11:40:38,11,3,False
99835486-7102-4eb4-82ec-040e25a5c2ab,CUS-00423,451.4,bank_transfer,Abuja FCT,Municipal,11676efe42bc94c7,2025-01-23 12:03:51,12,3,False
83feafd2-0631-4062-ac57-931bd9de0a82,CUS-00452,2606.72,bank_transfer,Rivers,Port-Harcourt,42de18a74e13aeb6,2025-01-23 12:13:52,12,3,False
d6fc339e-d939-47e1-b5c4-bbe253d25338,CUS-00786,38318.26,card,Oyo,Oyo East,5a94533355fbe278,2025-01-23 12:24:25,12,3,False
9b21cc81-76ec-413d-a3fd-32c133c80c10,CUS-01006,63514.14,ussd,Anambra,Onitsha North,91de6e8e293c33a0,2025-01-23 12:24:35,12,3,False
6bb9b989-1ebf-454a-9044-047bc21a5b1d,CUS-00204,20162.82,mobile_money,Kaduna,Kaduna North,dacf1ca0cd2282a4,2025-01-23 12:27:43,12,3,False
a93ef54f-c489-45ff-9574-022309ab4237,CUS-00787,75892.67,bank_transfer,Rivers,Eleme,f8a43fab67f661de,2025-01-23 12:28:37,12,3,False
fc8f55bc-06ff-4743-bddf-7adf3dacd4ba,CUS-01044,16778.02,pos,Niger,Niger-Central,5ab1a2bf1058e736,2025-01-23 12:29:47,12,3,False
13de1c9d-8166-479b-b175-a989a7448b07,CUS-01154,78587.27,ussd,Enugu,Enugu East,b6010d549f54bd12,2025-01-23 12:31:55,12,3,False
18aee209-67f6-4ec8-835b-de8c9bc9a9e3,CUS-00723,88115.34,bank_transfer,Osun,Osun-Central,184b6168e7b760ac,2025-01-23 12:40:02,12,3,False
e9004749-f40d-40e2-83fd-1a808e3074c0,CUS-00440,90578.12,mobile_money,Lagos,Kosofe,60263e38a39465a0,2025-01-23 12:41:54,12,3,False
068f5e34-ab01-413a-a6a0-61ca13fa2cbb,CUS-01965,2807.08,mobile_money,Kaduna,Zaria,9156bf2ac5339cda,2025-01-23 12:43:40,12,3,False
c8911ad1-7c05-44f3-a62e-054374b93f19,CUS-01804,49838.82,pos,Kano,Fagge,1732d316c82cf99c,2025-01-23 12:44:07,12,3,False
e3e201a8-5079-49b7-8c7f-d6745bdeba40,CUS-00771,74768.48,card,Borno,Borno-Central,d59a3a8ad97e5503,2025-01-23 13:02:34,13,3,False
4f8e571e-82e9-4cdb-92b5-a5c8cf7b02e6,CUS-00907,8563.95,pos,Kano,Nassarawa,5e62317a455c71c7,2025-01-23 13:10:11,13,3,False
04d1ad3f-e730-40c4-95f4-8b6ed7c5e203,CUS-01107,32496.94,pos,Kwara,Kwara-Central,3a15b34bb5d0c2d2,2025-01-23 13:21:16,13,3,False
6aa93ef0-efe3-49d3-8b14-66f74af5151e,CUS-00936,4464.39,mobile_money,Lagos,Mushin,7827022f0df66e1b,2025-01-23 13:22:20,13,3,False
56e138e7-f116-4c22-9280-856f47138aad,CUS-01333,664471.25,pos,Ogun,Ogun-Central,c2c02e62ca91cd6f,2025-01-23 13:22:39,13,3,False
6cf095d3-e30e-4360-83ff-bd4172e23b48,CUS-01184,86.58,bank_transfer,Lagos,Lagos Mainland,1240f0ee08331360,2025-01-23 13:29:25,13,3,False
7b6d52e4-1170-42c2-8768-4c6102592819,CUS-01136,261.97,mobile_money,Borno,Borno-Central,fb2927a454f16984,2025-01-23 13:29:59,13,3,False
f888e34f-99e9-4c2d-9d38-ca0cc6bb9c71,CUS-00423,18730.17,bank_transfer,Abuja FCT,Bwari,11676efe42bc94c7,2025-01-23 13:37:20,13,3,False
e81d3acc-6e15-4fa1-9bc5-aacd19bd12d1,CUS-00304,1888.46,ussd,Ondo,Ondo-Central,283deccb36c7b95c,2025-01-23 13:38:34,13,3,False
5b1dd049-a04c-480c-a3ed-e806af2bd8eb,CUS-01754,85025.28,pos,Ebonyi,Ebonyi-Central,75e5b9e76ea57df9,2025-01-23 13:42:30,13,3,False
d6d38a15-6afc-42dd-bb45-2d38d2c1e361,CUS-01461,92907.19,pos,Delta,Uvwie,1f5002689c96a0c3,2025-01-23 13:51:59,13,3,False
5752178f-04ae-47a6-af59-4c8fdb872c6a,CUS-01134,87448.22,ussd,Kano,Fagge,ecfea7797e684c1d,2025-01-23 14:00:00,14,3,True
ebccdf34-a52a-4ae8-ba64-c02f0c0a8f71,CUS-01134,2301.77,bank_transfer,Delta,Warri South,ecfea7797e684c1d,2025-01-23 14:05:00,14,3,True
6655098f-89b3-4854-885f-c28b28d8fe8c,CUS-00514,9891.38,bank_transfer,Lagos,Alimosho,f596f20231d78a05,2025-01-23 14:06:55,14,3,False
75d57c21-fbb4-4fea-9f2d-9f89ce3b8f5a,CUS-00398,2449.39,bank_transfer,Osun,Osun-Central,295ef15b1b3ae530,2025-01-23 14:07:52,14,3,False
b13fc281-1031-4765-8d9d-c57d2fec8db3,CUS-00466,4698.63,pos,Kano,Kumbotso,5ed9a67b0307bf3e,2025-01-23 14:11:19,14,3,False
2bc63389-641c-4a12-8610-418f64e41465,CUS-00204,67981.07,mobile_money,Kaduna,Zaria,dacf1ca0cd2282a4,2025-01-23 14:16:39,14,3,False
2fd4bbb5-dcd2-4fa6-9fa9-bd44db171a40,CUS-00242,122.96,pos,Taraba,Taraba-Central,3124ecd59d09a780,2025-01-23 14:20:58,14,3,False
b42ccac8-da89-4f61-9369-ea872d05b6da,CUS-00478,68374.56,pos,Bayelsa,Bayelsa-Central,a01da1f680707d34,2025-01-23 14:27:20,14,3,False
b1c46c61-9784-4557-b976-03d75aa4f828,CUS-00639,356.11,mobile_money,Rivers,Eleme,e31599e9b6444d86,2025-01-23 14:27:34,14,3,False
6c17cc71-bd09-4eb8-b452-e4dc0054bbbe,CUS-00236,88917.49,mobile_money,Kano,Nassarawa,a5603aec39b63960,2025-01-23 14:29:09,14,3,False
b67f7979-40dc-4aa0-a244-e4864b3ad798,CUS-01811,3301.92,mobile_money,Kwara,Kwara-Central,5a30902b0374f04f,2025-01-23 14:29:47,14,3,False
25549e58-9fc7-47ac-b863-6d5e6a89322f,CUS-01226,575651.16,pos,Rivers,Eleme,def91623b5e943da,2025-01-23 14:30:00,14,3,False
549b317b-e361-4d8b-9e25-54a1080f00c5,CUS-01260,78542.79,pos,Kano,Fagge,bf2d4785cb46fa2b,2025-01-23 14:31:21,14,3,False
7d3248a7-a71d-4591-95bf-dd1a98452aba,CUS-00526,476.05,pos,Rivers,Oyigbo,4b22245e0c2ece40,2025-01-23 14:35:38,14,3,False
b97cc984-5c81-4095-9f7f-b489d33739d2,CUS-01378,343.54,pos,Kano,Kumbotso,9b8e99a87eb4e70c,2025-01-23 14:35:57,14,3,False
4c605a71-4e30-412a-bf81-0f14995b3fb7,CUS-01458,3717.99,mobile_money,Lagos,Ikeja,c18dc73f7df72ee5,2025-01-23 14:46:37,14,3,False
a51d0c29-8a71-497a-ab97-93d9092974a3,CUS-01223,3467.69,pos,Jigawa,Jigawa-Central,46351918e7e1af5d,2025-01-23 14:52:38,14,3,False
a8b8fb6f-17be-4980-b4ce-c8cd3aa628f7,CUS-00264,111.15,bank_transfer,Kebbi,Kebbi-Central,e6fc28195d9c3e83,2025-01-23 15:00:15,15,3,False
493bb4c7-4c6d-41d7-a222-38f10fe8cf88,CUS-01274,18860.63,mobile_money,Abuja FCT,Municipal,c8401a675b0291f5,2025-01-23 15:04:52,15,3,False
f855bbb2-8a9e-4344-b8ff-e07e4f2d1cdb,CUS-00719,2797.56,pos,Ondo,Ondo-Central,d7f45d58c22a3dfe,2025-01-23 15:06:55,15,3,False
77a307d2-3a49-484b-ae76-b7118628c60b,CUS-01134,705476.53,pos,Anambra,Awka South,ecfea7797e684c1d,2025-01-23 15:23:06,15,3,False
2213b7d2-0f58-4814-9512-2d315eb34106,CUS-00959,297.94,ussd,Osun,Osun-Central,4636c0b345f47cd9,2025-01-23 15:26:00,15,3,True
373094f4-7c2a-4a97-bf03-58f6084085ea,CUS-00959,451.79,mobile_money,Osun,Osun-Central,4636c0b345f47cd9,2025-01-23 15:29:00,15,3,True
be535a25-3848-41ff-a97f-04c9e3069e2f,CUS-00679,31963.53,pos,Zamfara,Zamfara-Central,7e25cc8d75f3b759,2025-01-23 15:37:46,15,3,False
e696dcc5-eba7-48a3-9fa3-21a20da71d9f,CUS-00769,408.42,mobile_money,Plateau,Plateau-Central,2bf4c4b79c399a09,2025-01-23 15:44:46,15,3,False
239aa62e-1806-4058-a79b-4fb77a8f0dde,CUS-01063,407.35,bank_transfer,Rivers,Oyigbo,9e1a89fd42d907c4,2025-01-23 15:46:16,15,3,False
921f3049-734a-40ab-806d-7df1296cb1db,CUS-01531,231.36,mobile_money,Kaduna,Kaduna North,83700d33745d5518,2025-01-23 15:47:12,15,3,False
63890e2e-4685-4394-baac-7fc477e7e837,CUS-00959,475.26,ussd,Osun,Osun-Central,4636c0b345f47cd9,2025-01-23 15:50:00,15,3,True
d6b8220a-9b32-4edc-87d8-c7181ee54205,CUS-00959,90.4,pos,Osun,Osun-Central,4636c0b345f47cd9,2025-01-23 15:51:00,15,3,True
44833d59-41dd-488e-b8a8-74bd4ab2f8db,CUS-00959,353.79,pos,Osun,Osun-Central,4636c0b345f47cd9,2025-01-23 15:53:00,15,3,True
442dd7e7-b27e-407d-8c0e-7bf159214e61,CUS-00213,4383.33,card,Lagos,Lagos Mainland,9a836a307a1dd420,2025-01-23 16:01:49,16,3,False
f684b12b-a16c-46b9-b631-bfedba023da7,CUS-00122,2589.01,card,Kano,Kumbotso,42206963555634b3,2025-01-23 16:12:41,16,3,False
fcad8f64-b469-4465-a810-359036c950a2,CUS-00910,86030.09,pos,Kaduna,Kaduna North,21b2603bae87d119,2025-01-23 16:33:29,16,3,False
58bc96ca-5e3e-4be8-b63f-67aa4b00ae0d,CUS-00903,74593.37,bank_transfer,Oyo,Ogbomoso,e707cda42c6fc450,2025-01-23 16:37:22,16,3,False
b11da690-a4cd-4e46-ab84-661bcf50810d,CUS-01357,11063.94,pos,Rivers,Port-Harcourt,cf511cec9f71a1aa,2025-01-23 16:38:29,16,3,False
60d354a5-7524-4ae6-af3a-44aa85d370aa,CUS-00065,58150.31,mobile_money,Oyo,Oyo East,87baa8a35ed6745a,2025-01-23 16:40:00,16,3,True
c5e073eb-aad0-4624-86e1-d3ec08a2957a,CUS-00992,3798.64,bank_transfer,Kano,Kumbotso,9efb5fcc24e336a3,2025-01-23 16:43:30,16,3,False
24a4c135-7dd3-4fed-a358-eb3879f3b86e,CUS-00827,453.38,pos,Kano,Gwale,fa17bea891abed61,2025-01-23 16:49:35,16,3,False
c11444d9-b5a4-4805-8500-c083286bad77,CUS-00072,136.26,pos,Lagos,Mushin,9d27c4c10ac416f4,2025-01-23 16:56:36,16,3,False
8c36eaef-67c3-4d7a-b6da-3244e6a2f4b9,CUS-00128,2659.6,ussd,Lagos,Surulere,4fea8b2d9e7b6054,2025-01-23 16:57:15,16,3,False
0d5ac4f6-968e-458a-9b90-ffa7dd64f6bf,CUS-01441,8392.54,bank_transfer,Lagos,Agege,d64b70861a0a4512,2025-01-23 17:00:50,17,3,False
ff5e29df-4c73-454a-8e8e-ce6284b3fe3c,CUS-01702,79823.84,pos,Kano,Fagge,f22f0d78734c4760,2025-01-23 17:02:26,17,3,False
fb8c633e-e8fb-49c2-b90d-c9c0f711e487,CUS-00042,72522.48,bank_transfer,Lagos,Alimosho,8869723b2e9fcf16,2025-01-23 17:16:49,17,3,False
db9df13b-b888-4a39-a2aa-dda73bc8f639,CUS-00786,97446.09,card,Oyo,Oyo East,5a94533355fbe278,2025-01-23 17:17:35,17,3,False
d4b5f3c7-fd7b-4ed4-9274-f70dbe703182,CUS-00481,1112.16,ussd,Edo,Oredo,62896152bd82ae30,2025-01-23 17:36:15,17,3,False
66cf8d2e-4de4-47d6-bfb7-eb32358452f2,CUS-01987,321.75,bank_transfer,Abuja FCT,Municipal,a98ca351ffbd4c11,2025-01-23 17:56:50,17,3,False
45f2347f-5a76-4612-8ae3-dcd431810581,CUS-01813,13650.87,card,Kano,Tarauni,0d3260ac2320f98e,2025-01-23 18:00:00,18,3,True
5a1a2261-b888-496f-9a3a-132d4e23ab10,CUS-01995,500599.93,bank_transfer,Delta,Warri South,04be4355d3b8c73a,2025-01-23 18:02:22,18,3,False
f3d1b4c0-aa66-4db7-a8fd-4c733b6e55dd,CUS-00959,143.16,mobile_money,Osun,Osun-Central,4636c0b345f47cd9,2025-01-23 18:03:00,18,3,False
3eb2f86f-aef4-443e-86ef-3cc22329a0f1,CUS-00968,363.79,ussd,Oyo,Oyo East,585ed5cc12bc5507,2025-01-23 18:04:12,18,3,False
3a507c02-4927-4e35-bfb0-33e94ed2ddee,CUS-01961,248.78,pos,Rivers,Obio-Akpor,b7dff121696aa1a9,2025-01-23 18:11:17,18,3,False
e43d009a-98fd-41ae-8ba4-018879e4721b,CUS-01035,2623.59,pos,Edo,Egor,156ab5dd8a852c79,2025-01-23 18:12:04,18,3,False
235d7462-f4a5-4b46-94f2-bf9b36591817,CUS-01813,4640.93,pos,Delta,Uvwie,0d3260ac2320f98e,2025-01-23 18:13:00,18,3,True
2d8f3fb3-d7fa-4bc4-86a6-71ccdfd425f2,CUS-01789,5984.55,card,Abuja FCT,Municipal,3cb0b235257beee6,2025-01-23 18:26:48,18,3,False
2d4fddff-5809-4018-b7b7-a50df54de85a,CUS-00209,170.35,mobile_money,Lagos,Ikorodu,8387c086ce75b96e,2025-01-23 18:29:01,18,3,False
445461f1-ae4b-422a-b668-89e85ade2d04,CUS-00474,4949.12,bank_transfer,Oyo,Oyo East,1ff434af9688f99c,2025-01-23 18:30:51,18,3,False
7f3408bf-b7c2-4755-846d-e8df99813285,CUS-01537,73429.32,pos,Anambra,Onitsha North,a99f48c92dd1b94b,2025-01-23 18:38:25,18,3,False
1a178592-d5e0-4ae5-b106-24b96bd33aae,CUS-01435,93372.5,pos,Lagos,Mushin,094a78f31d5a2bb7,2025-01-23 18:48:33,18,3,False
6792968d-9d52-457a-a4ea-7d2a00fc9369,CUS-00765,494.59,card,Oyo,Oyo East,6d0444c4589009d0,2025-01-23 18:55:38,18,3,False
a4bc6286-2799-40a2-b6dc-70cee1a6ef05,CUS-01911,501.73,pos,Kebbi,Kebbi-Central,121dff989a09cda1,2025-01-23 19:02:15,19,3,False
fe906185-443f-4592-be8b-e77ed5267bac,CUS-00464,43504.19,pos,Akwa Ibom,Akwa Ibom-Central,ff4c1464f33acdfe,2025-01-23 19:02:48,19,3,False
a07ca6ce-7ce4-41bd-84bb-12fdeb0914d0,CUS-01898,484.36,bank_transfer,Kano,Gwale,73da0890ffb3c362,2025-01-23 19:13:20,19,3,False
7a0ebb83-e0b4-47b2-b007-6601f8ad7db6,CUS-01939,333.43,bank_transfer,Lagos,Ikeja,8768ba6957f10aa1,2025-01-23 19:16:40,19,3,False
613f22ec-8448-4d55-bc38-4b934aee472e,CUS-01088,1645.98,mobile_money,Ogun,Ogun-Central,2fe4c08d1ce58296,2025-01-23 19:16:48,19,3,False
3d38703f-c01f-41c9-90ef-9f5711d650a0,CUS-00692,48433.18,pos,Abuja FCT,Gwagwalada,a23dd42d3a699c35,2025-01-23 19:22:22,19,3,False
518591fe-0057-43ff-bb92-c80c538e57c1,CUS-00476,4526.49,pos,Lagos,Mushin,79aad1b10dd59d59,2025-01-23 19:24:18,19,3,False
b51dffd6-ba4f-40f5-bf40-da616087eda3,CUS-00491,82717.57,pos,Enugu,Enugu North,e00eb35a370ee76b,2025-01-23 19:25:40,19,3,False
c4102e2a-9120-49ed-b8ce-f114c04da7a5,CUS-01640,348478.06,pos,Oyo,Ibadan North,b1a1c94a7ebb459c,2025-01-23 19:26:03,19,3,False
3d85fad7-f9ce-42df-bf47-d9ef6abde21e,CUS-00039,2158.22,pos,Rivers,Port-Harcourt,6a7f7ee1f5a1712f,2025-01-23 19:31:30,19,3,False
2eab571f-83e9-40b4-a98b-44633adda759,CUS-01402,91068.85,card,Lagos,Alimosho,91a85e92e9185a19,2025-01-23 19:35:45,19,3,False
58e720df-ad8c-406c-9b46-2b6bcb73e380,CUS-01879,3921.29,pos,Oyo,Ibadan North,7d22f434161f7148,2025-01-23 19:35:54,19,3,False
4c2f446f-7944-4e38-ba17-86ae19a28fce,CUS-01753,2198.9,mobile_money,Lagos,Lagos Mainland,6711f7f87a08894a,2025-01-23 19:47:09,19,3,False
fda4f512-c091-4393-82e1-728e85be4573,CUS-00500,390.43,mobile_money,Edo,Oredo,76bd9da559324cf2,2025-01-23 19:48:44,19,3,False
ad64dfcb-9203-4fc6-bb48-25f4749de94e,CUS-00065,38881.59,pos,Oyo,Ibadan South-West,87baa8a35ed6745a,2025-01-23 19:53:00,19,3,True
f84c8858-1a5e-416d-bfd1-9e5dfc7b4c27,CUS-00477,140.91,ussd,Oyo,Ogbomoso,4a04eeeb911cfe41,2025-01-23 20:00:00,20,3,True
d237b55b-f029-40e9-81e5-0d4651806989,CUS-01092,66.89,pos,Kaduna,Zaria,655ea023cd8808e5,2025-01-23 20:01:02,20,3,False
938e7f18-2d50-4380-9e64-572e10f9d909,CUS-00477,92.06,ussd,Oyo,Ibadan North,4a04eeeb911cfe41,2025-01-23 20:08:00,20,3,True
12c44399-9d4b-4d02-88d0-22d9beb40116,CUS-00115,3453.92,pos,Zamfara,Zamfara-Central,cc9901f14e251415,2025-01-23 20:12:29,20,3,False
cb473130-6216-48db-87d9-980b08a1e37e,CUS-01014,42550.89,bank_transfer,Edo,Ikpoba-Okha,e9ebd95b3430ef73,2025-01-23 20:16:13,20,3,False
17a472a5-66c4-4d52-a327-6e14cd43a102,CUS-01264,123.13,mobile_money,Lagos,Mushin,6f3f0a8fa5427bf4,2025-01-23 20:17:19,20,3,False
eae88000-085f-4c93-8781-a5fa999f2a9b,CUS-00477,88.58,ussd,Oyo,Ogbomoso,4a04eeeb911cfe41,2025-01-23 20:18:00,20,3,True
31abcce5-b53b-45e4-bc29-7ce7d8c1455c,CUS-00477,315.51,pos,Oyo,Oyo East,4a04eeeb911cfe41,2025-01-23 20:22:00,20,3,True
c535ee35-af6e-4d55-b418-45c9e656f87f,CUS-00511,54058.15,pos,Rivers,Eleme,c0a0002344d6bd5b,2025-01-23 20:22:45,20,3,False
d8c21565-d1c1-47a6-8d21-e7a2e92f84dd,CUS-01359,797929.97,mobile_money,Kaduna,Zaria,59e88484b87c9974,2025-01-23 20:23:58,20,3,False
51e39448-c427-462d-9d9a-aa7395c1d522,CUS-01933,728163.74,pos,Kaduna,Kaduna North,5d04ebb0603b769c,2025-01-23 20:30:31,20,3,False
e641bf46-d6ea-4eca-a6d0-e04a9396947f,CUS-00477,247.64,ussd,Oyo,Ibadan South-West,4a04eeeb911cfe41,2025-01-23 20:40:00,20,3,True
d3d0effa-4196-48a5-a9b4-77bfc5dee9e7,CUS-00385,1248.04,bank_transfer,Benue,Benue-Central,fe012c67a9e98f01,2025-01-23 20:42:16,20,3,False
7a0afa03-4b5d-49cd-8157-b05ebdd2e281,CUS-00477,276.35,ussd,Oyo,Oyo East,4a04eeeb911cfe41,2025-01-23 20:47:00,20,3,True
b3ef31ff-c87c-4d3b-b841-f2e16b3131c5,CUS-00221,4731.42,bank_transfer,Oyo,Ibadan South-West,0b20f20794d35aec,2025-01-23 20:47:42,20,3,False
81e77c06-181a-4fc4-a77b-75f12f0c0a90,CUS-01938,407243.11,pos,Abuja FCT,Municipal,cd875704aee05fcf,2025-01-23 20:48:01,20,3,False
08523592-fdf0-4d98-9746-8d02a790e0fc,CUS-01722,96125.36,ussd,Kano,Nassarawa,09e337320c6f169d,2025-01-23 20:50:10,20,3,False
987052c6-f22b-45b9-80c9-aa2583bf5e12,CUS-00489,2409.71,pos,Niger,Niger-Central,6fd9e9e2be5896c6,2025-01-23 20:50:45,20,3,False
828a62c9-2dc1-4f04-8d2e-cc29d87b49ea,CUS-00477,135.53,pos,Oyo,Ibadan South-West,4a04eeeb911cfe41,2025-01-23 20:52:00,20,3,True
4b642033-381e-4970-a5f0-ab21020e648d,CUS-00886,326254.61,bank_transfer,Delta,Uvwie,33d61bca358de42a,2025-01-23 20:55:03,20,3,False
5db0c891-5169-4f32-ae8c-3209358c0e8a,CUS-01953,166.46,pos,Osun,Osun-Central,dd76f26c9b5be843,2025-01-23 21:01:12,21,3,False
352ea48f-2bf6-4e15-98fd-8b4c0e74b105,CUS-00578,487.1,pos,Abuja FCT,Bwari,11bf76c9882864cd,2025-01-23 21:13:48,21,3,False
55de9c6e-4661-4f47-83d4-811686a0edcd,CUS-00623,1686.15,ussd,Abuja FCT,Kuje,49247348eeec8a45,2025-01-23 21:14:56,21,3,False
6654e951-9f84-473f-8e37-4608f355a0d1,CUS-01461,36946.22,pos,Delta,Uvwie,1f5002689c96a0c3,2025-01-23 21:15:11,21,3,False
3b53280f-1d70-44e2-9633-e39663a2377e,CUS-01538,60765.41,mobile_money,Lagos,Ikorodu,d7fdd2ae1abcb7e9,2025-01-23 21:16:49,21,3,False
269b60da-5fed-4bff-ac2e-19f68cd4d603,CUS-00065,3853.64,pos,Oyo,Ibadan South-West,87baa8a35ed6745a,2025-01-23 21:23:00,21,3,True
ff3cd251-5510-43be-9bed-6bb278233ceb,CUS-01872,1833.68,pos,Abuja FCT,Municipal,a750e8e541116805,2025-01-23 21:31:38,21,3,False
de7d70e4-67b3-4236-8008-f5029f59fc0f,CUS-00908,4310.26,pos,Kano,Kumbotso,d99db5404c3f1b04,2025-01-23 21:32:30,21,3,False
e8087742-2d7d-474e-8cb8-98802024f433,CUS-00321,426.89,bank_transfer,Ondo,Ondo-Central,8712e0b7021fe925,2025-01-23 21:46:49,21,3,False
86ff2669-31dc-4c32-8404-e86c2e3e7de6,CUS-00087,4353.4,mobile_money,Enugu,Enugu East,19e353826f15dcb5,2025-01-23 21:48:34,21,3,False
6479c311-8ed0-4894-abb5-6cdf283f0d72,CUS-00474,14660.22,bank_transfer,Oyo,Oyo East,1ff434af9688f99c,2025-01-23 23:08:45,23,3,False
88b05400-0a7a-4121-b3f7-448106c7f933,CUS-01901,301.71,pos,Lagos,Lagos Mainland,0787bc061e3d094c,2025-01-24 00:01:12,0,4,False
122dd074-a001-441c-b0af-cef552307ee3,CUS-00530,31476.68,mobile_money,Benue,Benue-Central,c87ff27a0ddd5155,2025-01-24 00:25:09,0,4,False
12d3c60f-9c6f-4a14-88ef-edbed4e285fa,CUS-00180,3784.46,pos,Kano,Fagge,97faed3ece0dc138,2025-01-24 01:10:47,1,4,False
d5472a5b-7483-4704-80b0-c54f3336b5d7,CUS-00078,49442.65,ussd,Kano,Gwale,e87b8337b2108fa0,2025-01-24 01:44:24,1,4,False
ac230e9e-4f28-44b3-9e7a-c9ba9a67bb85,CUS-01543,236.93,pos,Lagos,Oshodi-Isolo,3a0152b6fe236ef4,2025-01-24 02:32:19,2,4,False
55ea39b6-5dc8-436d-9dc7-21866f0a3930,CUS-00066,82091.66,pos,Lagos,Kosofe,d59b6fcd5f147bb2,2025-01-24 03:59:52,3,4,False
f4ba176b-4163-4ace-ad03-d82c4f16e188,CUS-01217,447650.31,bank_transfer,Anambra,Onitsha North,ea197a474c256325,2025-01-24 05:08:00,5,4,True
3f08ab01-eb50-4743-9761-c4c538c432cd,CUS-01195,4387.49,bank_transfer,Zamfara,Zamfara-Central,6491ebee069e0ad3,2025-01-24 06:48:20,6,4,False
36123f59-adf2-45e8-a528-f5cbad9a34f4,CUS-00910,96365.45,pos,Kaduna,Zaria,21b2603bae87d119,2025-01-24 06:55:30,6,4,False
80df7e68-7ef4-4f0d-a08d-533e01e9da16,CUS-00442,385.65,mobile_money,Rivers,Obio-Akpor,b72e75b2e9754cf1,2025-01-24 07:35:33,7,4,False
287d9cda-d8b6-4f24-a3d2-ff9839011960,CUS-01530,4571.26,pos,Kano,Kumbotso,df8f607a09b331bd,2025-01-24 07:38:00,7,4,True
6684bbd4-2a88-4073-b6d6-c686cb6cd03f,CUS-01530,2613.17,pos,Kano,Tarauni,df8f607a09b331bd,2025-01-24 07:54:00,7,4,True
64195140-7fb0-4373-ac40-69ff0beeb65f,CUS-00465,293.29,pos,Rivers,Port-Harcourt,ed161ad83adcde5e,2025-01-24 08:07:00,8,4,True
40522073-3d98-45a4-9a6e-ff318b94400c,CUS-00465,317.52,mobile_money,Rivers,Obio-Akpor,ed161ad83adcde5e,2025-01-24 08:13:00,8,4,True
f765c4ed-240b-4d35-a28c-6e5b4a2cbe5a,CUS-00465,167.89,pos,Rivers,Obio-Akpor,ed161ad83adcde5e,2025-01-24 08:14:00,8,4,True
ce41f62d-c466-496f-a4c7-2545be981bef,CUS-00465,420.59,ussd,Rivers,Obio-Akpor,ed161ad83adcde5e,2025-01-24 08:26:00,8,4,True
7d3e726f-429f-4d24-b278-6db7b5ed9492,CUS-01530,367119.17,bank_transfer,Kano,Gwale,df8f607a09b331bd,2025-01-24 08:34:00,8,4,True
6d42ae12-2ab4-49e9-ab7d-0e5a3be3a26b,CUS-00465,469.26,pos,Rivers,Port-Harcourt,ed161ad83adcde5e,2025-01-24 08:44:00,8,4,True
8989e1b5-3fb9-43fa-a46e-a105b2e7740b,CUS-00465,184.66,pos,Rivers,Oyigbo,ed161ad83adcde5e,2025-01-24 08:46:00,8,4,True
b69456a1-d7a6-4733-a939-36542f0f9bc1,CUS-00465,174.39,mobile_money,Rivers,Oyigbo,ed161ad83adcde5e,2025-01-24 08:48:00,8,4,True
8c440124-3476-41b1-92c3-afb10ae5b84d,CUS-01569,16452.05,pos,Lagos,Kosofe,21d624bef1726de6,2025-01-24 09:00:00,9,4,True
41fd5905-95de-4d42-9827-22d4e77402c8,CUS-01569,2525.72,bank_transfer,Sokoto,Sokoto-Central,21d624bef1726de6,2025-01-24 09:06:00,9,4,True
ba819c45-797d-4c74-bc42-ec3175ff5126,CUS-01629,38011.08,mobile_money,Abuja FCT,Bwari,8db26fd363572d4d,2025-01-24 09:07:02,9,4,False
5ce7e9dc-06d1-4b5a-af74-ccc54466aabd,CUS-00647,332.54,card,Anambra,Awka South,0bdd31c20a61a0b5,2025-01-24 09:10:34,9,4,False
4b6084b8-1bc0-46bc-b884-84cd5f4b110e,CUS-01010,2405.45,bank_transfer,Lagos,Ikeja,235ae7f8be32021f,2025-01-24 09:22:09,9,4,False
6646eebc-2716-45da-9f38-1cf4f037b757,CUS-00963,4070.05,card,Rivers,Eleme,073e1605c265b914,2025-01-24 09:24:00,9,4,False
9b1f0637-33f5-45f4-9a31-9f740f7b0458,CUS-00992,309.44,bank_transfer,Kano,Kumbotso,9efb5fcc24e336a3,2025-01-24 09:25:20,9,4,False
e9344231-f7f6-4f73-9d8d-effada94f155,CUS-01421,124.9,mobile_money,Abuja FCT,Gwagwalada,41a21affe763edbe,2025-01-24 09:31:08,9,4,False
30e3754f-c24e-4ab8-bed9-31681b34a187,CUS-01522,3050.0,pos,Kano,Nassarawa,943007d4f4e03d9f,2025-01-24 09:33:44,9,4,False
24b4f67c-34f0-4da7-b70b-40d1bc380c69,CUS-00484,28127.93,bank_transfer,Oyo,Ogbomoso,1cec9d526e5aeb91,2025-01-24 09:45:52,9,4,False
68e51fc6-7d63-47e1-b16f-7aac58ca64f6,CUS-01477,46690.54,bank_transfer,Kwara,Kwara-Central,0c69db5eca4b3cc2,2025-01-24 09:55:55,9,4,False
69e65e14-8ed6-4039-9c5c-fd5562661e3d,CUS-01358,39749.46,mobile_money,Kano,Nassarawa,c30937aaf9c93ce0,2025-01-24 09:59:00,9,4,False
6923a930-d172-44f1-a9f6-0ff120331290,CUS-00364,167.15,bank_transfer,Jigawa,Jigawa-Central,a373311aaf47ce29,2025-01-24 10:08:29,10,4,False
35a42209-fa0e-4c01-986d-deecff042f6a,CUS-01493,529.76,mobile_money,Lagos,Mushin,a9e1d473406f0c83,2025-01-24 10:09:30,10,4,False
6b05b80e-8135-464c-a998-e1512ae7b294,CUS-00548,76148.04,bank_transfer,Abuja FCT,Bwari,ec494afb9403a35d,2025-01-24 10:29:00,10,4,False
3399cfaf-34f9-4ecc-b0b4-d192e7196d29,CUS-01931,475828.81,pos,Oyo,Ibadan North,13794813dded1c14,2025-01-24 10:31:20,10,4,False
b9aa0e07-ff52-4de7-95a7-1b2064fc5ca8,CUS-00923,3811.47,pos,Imo,Imo-Central,ebacbea70d530fdc,2025-01-24 10:48:20,10,4,False
efe823ba-b3be-48ea-8521-737a093e0ee8,CUS-00861,594.25,pos,Abuja FCT,Bwari,88c623371bdc41ff,2025-01-24 10:56:02,10,4,False
3d742c05-4d4c-4fd4-9ca2-8602152b1d1d,CUS-00147,65468.97,pos,Abuja FCT,Kuje,8331c4185bef5711,2025-01-24 10:58:14,10,4,False
48332871-65d5-4915-898e-c1492b2dce29,CUS-00605,3161.04,mobile_money,Abuja FCT,Bwari,8cb5ca4807fafe31,2025-01-24 11:37:11,11,4,False
82d06330-959f-4815-9c30-9adb933ead14,CUS-01663,394.49,pos,Abuja FCT,Gwagwalada,e87a1054d8b9be6b,2025-01-24 11:45:52,11,4,False
6375cf4f-cb1d-4c0d-bd07-9d18e8af657e,CUS-01368,1814.62,pos,Lagos,Oshodi-Isolo,0ecb0c178ea4e30e,2025-01-24 11:51:19,11,4,False
8d5227d0-e307-4f3e-af53-cbc9b6f22fbf,CUS-00066,474.51,pos,Lagos,Lagos Mainland,d59b6fcd5f147bb2,2025-01-24 11:54:47,11,4,False
47050e39-a6af-4acd-8325-c252b0c52032,CUS-00107,317.25,ussd,Kwara,Kwara-Central,92b1c29150805aed,2025-01-24 11:54:54,11,4,False
b728c81e-d6ff-4389-b1e5-f95dce512b36,CUS-00180,4998.68,pos,Kano,Tarauni,97faed3ece0dc138,2025-01-24 12:15:05,12,4,False
93b1aa36-a612-4277-b657-a5736de33216,CUS-00237,280.07,pos,Lagos,Agege,780e328ca59b422a,2025-01-24 12:17:28,12,4,False
e946f51e-d72b-42c3-94ad-02259955b1e0,CUS-01553,1668.18,bank_transfer,Niger,Niger-Central,7b99185e86891eb3,2025-01-24 12:41:04,12,4,False
05025f4f-5873-4bed-9dc4-90b8a1d8fa1e,CUS-01650,37869.44,mobile_money,Lagos,Ikorodu,66eb0412e92729a3,2025-01-24 12:43:28,12,4,False
76a62677-4230-4ea0-9db7-0e015d9759f7,CUS-00463,46231.81,bank_transfer,Oyo,Oyo East,ffff23e7a0acf476,2025-01-24 12:44:13,12,4,False
c2b651cc-d212-4d4a-a165-cfdfd093b268,CUS-00016,2697.6,pos,Kano,Nassarawa,8af9389512b674d0,2025-01-24 12:45:53,12,4,False
3432fa9a-9a89-4c4a-b127-4fe7c707bce1,CUS-00014,1934.49,pos,Lagos,Lagos Mainland,22f6bea733e5c873,2025-01-24 12:47:42,12,4,False
bc5aabad-b7ab-4bb3-8171-e9658425d07a,CUS-01530,67356.5,pos,Kano,Fagge,df8f607a09b331bd,2025-01-24 12:50:00,12,4,True
6af5802f-15e6-4e4e-aec2-0277a0fe2b95,CUS-01530,2166.2,mobile_money,Kano,Gwale,df8f607a09b331bd,2025-01-24 12:51:00,12,4,True
5cfaa721-b585-48b9-b048-a46151a4f2a4,CUS-01597,580816.24,bank_transfer,Lagos,Lagos Mainland,66b0d9200f483975,2025-01-24 12:53:41,12,4,False
541b42ee-331b-4791-9011-ad4075b69d0f,CUS-01674,2535.71,bank_transfer,Imo,Imo-Central,7cf45476250f1cf9,2025-01-24 12:55:00,12,4,False
566596bf-5179-4169-a419-58750ae7e32d,CUS-01597,4175.23,bank_transfer,Kaduna,Zaria,66b0d9200f483975,2025-01-24 13:00:00,13,4,True
10bbae3d-667a-45ca-bc07-078e53be274a,CUS-00977,545.32,pos,Lagos,Eti-Osa,ffbdca1a3ac6ce03,2025-01-24 13:02:12,13,4,False
6822d3a7-3f0a-4ebe-9c3c-63e0148115ff,CUS-00937,25715.94,bank_transfer,Taraba,Taraba-Central,db6c0c9551210daa,2025-01-24 13:09:53,13,4,False
4a0b6f9e-3583-46e3-977f-30797ed3e6fd,CUS-01627,39852.81,ussd,Oyo,Oyo East,8a68d0e2389ad1b9,2025-01-24 13:21:58,13,4,False
ca99047b-e2a4-4259-b50a-6e26dd80c634,CUS-01597,4400.57,pos,Cross River,Cross River-Central,66b0d9200f483975,2025-01-24 13:24:00,13,4,True
814d9c88-a594-4548-bfbc-66fe6cc7828d,CUS-01530,2484.23,pos,Kano,Kumbotso,df8f607a09b331bd,2025-01-24 13:29:00,13,4,True
950afd41-96bb-4cc7-a783-331e1d426c10,CUS-01371,3196.94,bank_transfer,Lagos,Ikorodu,b9de6e2bb55e2767,2025-01-24 13:29:33,13,4,False
c9c1a4be-2711-4c41-ab2f-e0373c30d81e,CUS-01262,97604.3,bank_transfer,Kano,Dala,1ab742983a1d648b,2025-01-24 13:30:53,13,4,False
d8ee6791-159f-4d96-bc74-144bf9fdc83d,CUS-01831,704933.82,mobile_money,Kaduna,Kaduna South,a929ced3de8349d3,2025-01-24 13:33:19,13,4,False
1f5159df-5dd2-49a6-a01b-5e7d60ff7aad,CUS-00196,191342.14,bank_transfer,Ondo,Ondo-Central,79d82d14604d462e,2025-01-24 13:42:12,13,4,False
7b9995a6-2c67-4277-bea5-8c597b385807,CUS-00306,13757.97,pos,Abuja FCT,Municipal,880be9776e3ab6d8,2025-01-24 13:48:59,13,4,False
11e2fc25-ef23-4eed-bbe0-2075be5bf69c,CUS-00490,2094.14,pos,Abuja FCT,Bwari,559a3ab27e289433,2025-01-24 14:19:28,14,4,False
54c80476-b825-4bd8-8d10-a7d65af78ef7,CUS-00407,1624.65,pos,Lagos,Ikorodu,9215cf956d43adbc,2025-01-24 14:24:55,14,4,False
2392bda0-f3ba-4889-ae3c-561a66e96bdd,CUS-00089,132.3,pos,Abuja FCT,Kuje,daa8eb1f1afb46f0,2025-01-24 14:32:52,14,4,False
93c78fa4-c611-4bf6-bdf1-404c68b1131d,CUS-01601,1668.92,mobile_money,Kano,Fagge,9247a632e0a859b9,2025-01-24 14:38:47,14,4,False
487b753f-7fd4-46e6-b279-fef651beb00e,CUS-01180,2547.55,pos,Akwa Ibom,Akwa Ibom-Central,1eb41ea733304795,2025-01-24 14:46:16,14,4,False
424807a1-b0d8-4bae-9185-f4d6bfed86b6,CUS-00396,1164.45,pos,Sokoto,Sokoto-Central,df4c1aa46b682abc,2025-01-24 14:59:50,14,4,False
7c472f6a-5d57-413f-92a9-b4f19facbce6,CUS-00654,87922.96,pos,Rivers,Eleme,d80e202bf8770361,2025-01-24 15:03:09,15,4,False
390cd780-5cee-4bfc-88a9-c5606e2b94b3,CUS-00061,182848.13,bank_transfer,Kano,Nassarawa,8ffdeca966e54133,2025-01-24 15:28:40,15,4,False
cd0c5dd1-3925-4317-954c-7850becec265,CUS-01581,3343.96,mobile_money,Rivers,Obio-Akpor,5a9b85d7ec8f8562,2025-01-24 15:30:27,15,4,False
03d67656-f871-449d-9d91-1f2f7cf337e6,CUS-01994,20845.21,bank_transfer,Osun,Osun-Central,24889af499de1e57,2025-01-24 15:30:56,15,4,False
57ae2724-aac7-4aab-aa1b-3a13c9569128,CUS-00381,1042.18,ussd,Edo,Oredo,5e06f51e74b733cf,2025-01-24 15:36:03,15,4,False
a0219d7d-8b87-4402-8221-e8402ffaa942,CUS-00740,37926.64,pos,Abuja FCT,Municipal,3c0b1d114141c593,2025-01-24 15:43:13,15,4,False
5e1483e7-7ab4-4b2b-a8e7-8a9e98506e17,CUS-01530,87849.64,pos,Kano,Kumbotso,df8f607a09b331bd,2025-01-24 15:45:00,15,4,True
cb615234-cbcb-4d7d-bae7-9a9ba14dd295,CUS-01397,165.08,mobile_money,Lagos,Lagos Mainland,0d87b59e6833be9b,2025-01-24 15:47:23,15,4,False
56aed19a-a5a4-4603-9f86-50409dc10377,CUS-01627,76613.86,ussd,Oyo,Oyo East,8a68d0e2389ad1b9,2025-01-24 15:55:10,15,4,False
6b363719-458a-4239-83e0-3d7524221730,CUS-00386,685.32,pos,Kano,Dala,273baa91f71df6fc,2025-01-24 16:04:16,16,4,False
dc17a5e9-a890-48c2-8d85-9ba21b122951,CUS-01530,229.07,bank_transfer,Kano,Gwale,df8f607a09b331bd,2025-01-24 16:38:00,16,4,True
fcdde2cd-7b4d-42ef-b8a2-d16a3c47c117,CUS-01578,499.13,mobile_money,Kaduna,Kaduna North,091d21964b4929f7,2025-01-24 16:39:22,16,4,False
565f4429-ba10-47f6-9444-524156fafb56,CUS-01901,69295.42,pos,Lagos,Eti-Osa,0787bc061e3d094c,2025-01-24 16:48:32,16,4,False
50acaad4-b4b5-4103-a5d2-d76a801650fc,CUS-00619,243.29,pos,Osun,Osun-Central,c6673cb638a3bb63,2025-01-24 16:52:37,16,4,False
235109ba-ab18-4842-8a65-f7a860307277,CUS-00922,54491.91,mobile_money,Nassarawa,Nassarawa-Central,4de90312f1d9291c,2025-01-24 16:53:01,16,4,False
47257996-ab58-49bb-9d52-2e67d517a2ff,CUS-01098,2649.1,pos,Abia,Abia-Central,311eb4d69dc7f861,2025-01-24 17:10:51,17,4,False
74a26497-1936-40c0-9b17-207c8a3db9b3,CUS-01262,1670.88,bank_transfer,Kano,Dala,1ab742983a1d648b,2025-01-24 17:20:01,17,4,False
f1a179f5-fb07-412c-a31f-554866728141,CUS-00387,41561.55,bank_transfer,Lagos,Alimosho,3af5f47915d1455e,2025-01-24 17:23:48,17,4,False
6144fd9f-a241-4008-8a6d-ea670bffa29c,CUS-00821,350.43,pos,Lagos,Surulere,28ef841e7a9516fb,2025-01-24 17:25:38,17,4,False
666f3261-13a2-4bba-a6de-43374290f572,CUS-00918,571.95,mobile_money,Kwara,Kwara-Central,402f6978085be2fa,2025-01-24 17:32:56,17,4,False
980bdd78-3a2d-4268-8627-04ca14f752dc,CUS-00060,739375.02,ussd,Rivers,Oyigbo,0f57eb1b8e271781,2025-01-24 17:38:02,17,4,False
3c6baab0-3388-4f7d-9547-a994b74a953c,CUS-01903,1291.79,pos,Lagos,Agege,c66db09d52261777,2025-01-24 17:54:33,17,4,False
9b53a5ed-a186-4eab-84a6-d8bc31249714,CUS-00356,24985.78,ussd,Lagos,Ikeja,887a44be65fd4c5e,2025-01-24 17:57:42,17,4,False
0bf547ce-fc83-4b95-aa97-bff683fd729d,CUS-00543,895033.8,bank_transfer,Anambra,Onitsha North,e27f3865854040c1,2025-01-24 18:07:07,18,4,False
866b76a4-70c3-4dc8-b5ff-50928833d408,CUS-01107,84.42,pos,Kwara,Kwara-Central,3a15b34bb5d0c2d2,2025-01-24 18:17:35,18,4,False
9fe30284-c3c9-4a7e-a37c-5727be6b9a6b,CUS-01924,1750.48,card,Imo,Imo-Central,a05be818d25c27b2,2025-01-24 18:20:21,18,4,False
9eb5125c-9232-4818-a052-af0935219f8a,CUS-01372,4897.01,pos,Sokoto,Sokoto-Central,713ea3cc11d3ba66,2025-01-24 18:24:45,18,4,False
f0ad0811-7533-4342-874e-94e6a6c752be,CUS-01336,89361.89,pos,Lagos,Oshodi-Isolo,c6ca128a241675c1,2025-01-24 18:34:03,18,4,False
e03f74f1-39cc-4102-a7bd-949ccac81369,CUS-01162,202.85,pos,Kano,Dala,4d4fdcee1f176dbe,2025-01-24 18:47:48,18,4,False
2f3c6590-b54c-461f-addc-72895db5e7a1,CUS-01126,270.0,pos,Lagos,Ikorodu,4dbdfcbd94e9e972,2025-01-24 18:49:54,18,4,False
7b111e82-4086-4ef2-8ba1-1ca60b3df930,CUS-00192,10200.58,mobile_money,Nassarawa,Nassarawa-Central,3be92bc242be1da2,2025-01-24 18:53:31,18,4,False
39b89e46-b47b-48ca-807f-17bc4fe6b2b1,CUS-00960,27366.8,pos,Lagos,Lagos Mainland,49ef09fbe609636a,2025-01-24 18:59:08,18,4,False
92e568fd-b6db-4b29-8297-05595257ae31,CUS-00930,21611.13,bank_transfer,Lagos,Kosofe,74c22ecde730501a,2025-01-24 19:00:28,19,4,False
d0a284ac-0b26-4897-9a44-302d86aad04e,CUS-00602,325.25,mobile_money,Lagos,Oshodi-Isolo,2f63c3ceec0cd786,2025-01-24 19:02:02,19,4,False
40713396-91f3-462e-98d1-8654cca82f8c,CUS-01079,340.3,ussd,Katsina,Katsina-Central,3e3041f5201f24c0,2025-01-24 19:06:12,19,4,False
6e99b799-f6b6-42fb-ba47-792ed7216331,CUS-00308,87.07,pos,Imo,Imo-Central,c2e5844899480571,2025-01-24 19:13:41,19,4,False
3a2ce50e-d616-4b99-8fb8-5716b3bfd666,CUS-00002,64245.83,bank_transfer,Ondo,Ondo-Central,f91bdce8d9b190e6,2025-01-24 19:17:53,19,4,False
a4dcb0c8-d2d6-40ea-b720-79545729cf78,CUS-00567,27928.44,pos,Rivers,Eleme,cb80685b5f950968,2025-01-24 19:29:03,19,4,False
218da921-0e73-4c0e-993d-9325b8db5005,CUS-00567,303.68,pos,Rivers,Port-Harcourt,cb80685b5f950968,2025-01-24 19:31:28,19,4,False
0a6a1711-c8ec-4f51-b912-8cf24154ac04,CUS-00712,24824.67,pos,Abuja FCT,Bwari,0560c126f7848a94,2025-01-24 19:33:02,19,4,False
761ea697-f4ab-49d3-9367-8e9beba64e64,CUS-01486,3755.05,pos,Rivers,Obio-Akpor,68f0f77451d5d2f5,2025-01-24 20:04:33,20,4,False
b019bdfd-7cd0-4d39-b3cf-624626057c6b,CUS-01508,3217.41,mobile_money,Kaduna,Kaduna South,c90ecdd6d89b7004,2025-01-24 20:19:36,20,4,False
0b47bb4e-d252-4fba-a17c-cd933cc64252,CUS-01530,324.25,pos,Kano,Dala,df8f607a09b331bd,2025-01-24 20:29:00,20,4,True
a13e9c77-5308-4b7f-83ec-762c3491cbf3,CUS-00041,824216.32,bank_transfer,Abuja FCT,Gwagwalada,11d829854838dbdb,2025-01-24 20:34:49,20,4,False
0b2bfae4-1e19-448a-a181-1b87bba017a6,CUS-01861,430.87,bank_transfer,Delta,Uvwie,7c59729f913bdbb9,2025-01-24 20:40:15,20,4,False
77f1d332-e7ed-4f08-8a6d-e8a6740182d5,CUS-01975,22579.11,ussd,Jigawa,Jigawa-Central,640d7e3fa91691b5,2025-01-24 20:44:11,20,4,False
96cae0fe-6a08-41ba-8700-b521db88168b,CUS-00023,99257.94,pos,Rivers,Port-Harcourt,f84e67d217d0d0ef,2025-01-24 20:44:56,20,4,False
91684ee6-e9db-4b05-acc7-56f2eb2c5232,CUS-00631,92366.32,mobile_money,Nassarawa,Nassarawa-Central,214f4c3615026b4e,2025-01-24 20:44:59,20,4,False
c9b06027-749d-4d98-acb7-dffc1c90e972,CUS-01530,2214.17,bank_transfer,Kano,Gwale,df8f607a09b331bd,2025-01-24 20:45:00,20,4,True
263bc389-8e97-4612-8e7f-8beaf2acd3ff,CUS-00256,835527.76,bank_transfer,Gombe,Gombe-Central,08f38bf0cccc23f6,2025-01-24 20:47:43,20,4,False
fe0f77c9-444f-4ea6-b759-dda0f218f452,CUS-01520,369.17,pos,Lagos,Agege,169f145f9407934a,2025-01-24 20:52:32,20,4,False
66bf76c1-4a57-49c1-a04b-cbddc7029110,CUS-00542,2990.69,mobile_money,Lagos,Ikorodu,bc51b7448e92413f,2025-01-24 20:52:40,20,4,False
a4bde1c4-47e2-4338-9b25-e6d8e4f757e1,CUS-00630,2919.16,bank_transfer,Edo,Oredo,44673a08c8fcb028,2025-01-24 20:52:50,20,4,False
3e9c1067-5ef5-40a2-9a9a-0d539d034d4f,CUS-00406,3122.7,pos,Rivers,Oyigbo,9cf20e3e6a349dd5,2025-01-24 21:02:33,21,4,False
7ca8b9d5-6c43-426d-9b3d-0e12c5183d41,CUS-01348,9640.74,ussd,Ogun,Ogun-Central,31e67fdd4542a2a3,2025-01-24 21:12:56,21,4,False
8b822663-4985-4568-8bff-2f1e3b0a41b2,CUS-01530,3615.7,bank_transfer,Kano,Tarauni,df8f607a09b331bd,2025-01-24 21:22:00,21,4,True
963c2d2e-7edf-4ec7-b4a1-b645d3e5bf20,CUS-00034,48882.33,bank_transfer,Akwa Ibom,Akwa Ibom-Central,16d056fcd36c662b,2025-01-24 21:24:51,21,4,False
279d7592-3b1a-49c2-acef-37af8a9a5e01,CUS-00961,4501.51,pos,Kaduna,Kaduna North,53c76254ebe7bddf,2025-01-24 21:33:22,21,4,False
ba94d89a-e28b-4a22-b721-e6f351f0971b,CUS-01530,850912.76,bank_transfer,Kano,Dala,df8f607a09b331bd,2025-01-24 21:36:00,21,4,True
0703fb2c-3789-4cb2-9407-ebbf3a1aabab,CUS-00021,88299.74,bank_transfer,Lagos,Eti-Osa,2afb46bcbe3e328f,2025-01-24 21:41:31,21,4,False
75d0c855-3164-47ff-9b98-611a05c831b3,CUS-01803,374.55,card,Kano,Fagge,c059c9c5a59923b7,2025-01-24 21:43:28,21,4,False
1be75b87-283e-4438-a3bf-527c6e7ef2f3,CUS-00212,37817.67,pos,Delta,Warri South,b5710344f2723025,2025-01-24 21:45:49,21,4,False
ed835a5c-185d-45ae-86f2-2f2fc574cffb,CUS-00596,56886.38,pos,Anambra,Awka South,f7565e7c280c5847,2025-01-24 21:46:22,21,4,False
17143b88-62ac-427f-8dba-36d24ca3d456,CUS-01896,407.0,pos,Kaduna,Kaduna South,6c0c831c8a5b6324,2025-01-24 21:51:38,21,4,False
aea1f46b-66ec-43ef-972b-0dcac33470a2,CUS-01919,1209.41,pos,Rivers,Oyigbo,240b82a80daf923d,2025-01-24 21:54:29,21,4,False
8019c30e-d47f-42ca-9ba2-ca0aa586b57a,CUS-01714,992420.34,card,Lagos,Surulere,d59695c0082ffb4e,2025-01-24 21:59:19,21,4,False
6ba73ced-0385-471c-9f9f-e8df358b746b,CUS-01664,28403.08,pos,Ogun,Ogun-Central,69024d426ea4f554,2025-01-24 22:12:15,22,4,False
d003f3fe-fb28-410e-97c0-1cfc7a337391,CUS-01530,4721.45,mobile_money,Kano,Fagge,df8f607a09b331bd,2025-01-24 22:36:00,22,4,True
efba3269-94be-4be5-99b9-ee668fd5aadc,CUS-00211,84786.66,mobile_money,Anambra,Nnewi North,a37b10c1b0073fe1,2025-01-25 01:15:32,1,5,False
e4dc547e-cf5b-422f-8cd0-307f32a380bd,CUS-00665,34968.04,pos,Lagos,Agege,5de9972665a5cc39,2025-01-25 01:15:36,1,5,False
3c89e68a-1b13-4e95-a6fb-fccb0b0beed8,CUS-00745,688786.58,bank_transfer,Nassarawa,Nassarawa-Central,29e2cbcd28a19312,2025-01-25 02:32:00,2,5,True
afb546a2-1adf-428c-b7e2-e18b60b1b9e4,CUS-01416,396508.15,bank_transfer,Lagos,Lagos Mainland,ec384e46e51f1e64,2025-01-25 03:17:00,3,5,True
3102df7e-d5ec-4770-8d67-6afd9dc0c1e2,CUS-01326,981747.65,mobile_money,Lagos,Surulere,d91f349461d4c224,2025-01-25 04:08:40,4,5,False
00b531b8-0fe2-45b3-8758-45d0970729dd,CUS-01394,694161.19,ussd,Kano,Tarauni,149d65e93e9aad8b,2025-01-25 05:15:02,5,5,False
98b9880b-4543-402a-ad54-fb8aee898dc9,CUS-00676,3805.95,pos,Lagos,Ikorodu,57e05c0116363981,2025-01-25 05:37:01,5,5,False
ce55d258-b440-4931-a62c-cbbf03680c2f,CUS-01373,421.44,mobile_money,Abuja FCT,Municipal,c3deb665c44d26ee,2025-01-25 05:49:57,5,5,False
409a952d-e365-4da4-a2bd-28b0f1502226,CUS-01426,216.8,pos,Lagos,Kosofe,3bf75e734c5b5dd8,2025-01-25 06:06:56,6,5,False
57224618-aead-43f2-a565-f1f7e17dc37e,CUS-01107,3909.33,pos,Kwara,Kwara-Central,3a15b34bb5d0c2d2,2025-01-25 06:21:10,6,5,False
fd4726ce-bc4f-456b-89dd-e1361cd17f17,CUS-01019,4832.62,bank_transfer,Lagos,Kosofe,854b455985debb27,2025-01-25 07:28:00,7,5,True
f9d1649d-fe07-4cc2-9539-e542f1eb069d,CUS-01019,19029.26,bank_transfer,Lagos,Kosofe,854b455985debb27,2025-01-25 08:16:00,8,5,True
1f5c5aa6-3ff3-4309-a161-b9ce4ef658ee,CUS-00990,770864.46,mobile_money,Imo,Imo-Central,867cc7228b2daf96,2025-01-25 08:38:00,8,5,True
ffbc0844-8484-49e2-99b6-d11318d14bed,CUS-00633,29970.39,ussd,Oyo,Ibadan North,588850e3ca7f47b7,2025-01-25 09:06:53,9,5,False
a48b22dc-cfa5-4161-84fd-d48c26143afa,CUS-01142,740225.62,pos,Anambra,Onitsha North,b4f03bc7e8cf05c0,2025-01-25 09:09:53,9,5,False
4f95ebef-2fe3-4f16-b076-d20eaf88984d,CUS-01702,47982.36,pos,Kano,Fagge,f22f0d78734c4760,2025-01-25 09:18:37,9,5,False
ec608e86-2157-4ebd-9f88-98c56dceb24a,CUS-00571,4557.52,ussd,Abia,Abia-Central,bb875fb6b33e6cde,2025-01-25 09:24:21,9,5,False
55fc44cd-91a6-4c67-bb6a-a582fafa5055,CUS-00788,97918.36,card,Abuja FCT,Kuje,cfa2bab673d6b5bb,2025-01-25 09:34:55,9,5,False
95e0dc5b-d3d3-4f4d-bef1-1e6f667be39a,CUS-00521,538.99,pos,Rivers,Oyigbo,a0aaebb24338c8d8,2025-01-25 09:35:45,9,5,False
ed94e3bc-8473-4c4a-8b13-d2e829c91fda,CUS-01019,41179.88,bank_transfer,Lagos,Kosofe,854b455985debb27,2025-01-25 09:36:00,9,5,True
85357690-1e43-4482-ae82-4353c5d636db,CUS-00990,75789.44,mobile_money,Imo,Imo-Central,867cc7228b2daf96,2025-01-25 09:40:00,9,5,True
d21269ca-5a91-4c1e-acad-afe6f6c6986c,CUS-01669,420167.33,bank_transfer,Plateau,Plateau-Central,07569bc15837dad6,2025-01-25 09:40:39,9,5,False
3812f28b-ecb1-48cc-9984-ffe64976d77d,CUS-00580,686862.93,pos,Abuja FCT,Kuje,b41dc106d755dab0,2025-01-25 09:42:07,9,5,False
812bcb2e-d7dc-4ea1-96c1-d7874cbd7acd,CUS-00306,56537.97,pos,Abuja FCT,Municipal,880be9776e3ab6d8,2025-01-25 09:42:37,9,5,False
42a8c44a-17b0-49da-bab1-db974a6ef062,CUS-00055,21966.41,mobile_money,Adamawa,Adamawa-Central,59d4333d73c25113,2025-01-25 10:10:29,10,5,False
ecafddcd-3a62-49a4-bba1-f6e1837ca07d,CUS-00229,208.91,ussd,Enugu,Enugu East,b213b560d21d418e,2025-01-25 10:13:57,10,5,False
18dec0ed-fc92-4609-8e01-baaa192f6284,CUS-01379,59465.95,mobile_money,Kaduna,Kaduna South,ada99f38e0e8f830,2025-01-25 10:15:47,10,5,False
8032ef8c-fa74-4192-9e14-6033fbaa54d2,CUS-00990,880337.91,pos,Imo,Imo-Central,867cc7228b2daf96,2025-01-25 10:28:00,10,5,True
a8ee7530-3502-4b0b-ab2f-b31baa814bce,CUS-01368,3926.52,pos,Lagos,Lagos Mainland,0ecb0c178ea4e30e,2025-01-25 10:28:44,10,5,False
0da45b25-5bac-42a1-9b43-ce073b76424d,CUS-00630,40326.51,bank_transfer,Edo,Oredo,44673a08c8fcb028,2025-01-25 10:29:14,10,5,False
b7de57e0-b522-478b-805a-84ffe8423726,CUS-01770,990.02,bank_transfer,Abuja FCT,Bwari,c27f86555385f66b,2025-01-25 10:34:16,10,5,False
ab7dbd4c-1dfc-4088-bf38-fad9da88c531,CUS-00182,22955.19,pos,Adamawa,Adamawa-Central,1ec1fbe050eb7edd,2025-01-25 10:36:37,10,5,False
a58bbd0d-71e1-4511-bf0e-551edf956b23,CUS-01014,1200.08,bank_transfer,Edo,Egor,e9ebd95b3430ef73,2025-01-25 10:38:43,10,5,False
54a51480-3b7f-4b5b-bec5-9ed875b21a7a,CUS-00996,9931.56,pos,Taraba,Taraba-Central,7a9b7dbe88f4f124,2025-01-25 10:54:47,10,5,False
f5bfa452-ca73-476a-8ce2-e4a0e554d4a3,CUS-01093,2760.36,mobile_money,Abuja FCT,Gwagwalada,3c0564b23a094400,2025-01-25 10:55:11,10,5,False
bb98110b-25dc-4cc3-8624-78eef5b6335f,CUS-00395,99435.24,pos,Yobe,Yobe-Central,4258914cbb051c44,2025-01-25 10:56:58,10,5,False
b4bf3f1e-38ba-4a0b-afd8-afcaa2bcc765,CUS-00849,3321.72,pos,Kaduna,Kaduna North,c5fb9680abdaabbf,2025-01-25 10:57:44,10,5,False
4c43f34c-b6f0-479c-b6b7-b69effe94d89,CUS-01660,36872.77,pos,Kaduna,Kaduna South,47d98a681f2232b5,2025-01-25 10:58:48,10,5,False
9a710126-5f95-44fd-8bb7-b632a122027a,CUS-01475,204145.72,mobile_money,Anambra,Awka South,1982e4149ad2f4cf,2025-01-25 11:04:03,11,5,False
7459286e-9398-41b6-953f-7cd8b8450176,CUS-00823,48961.89,pos,Rivers,Oyigbo,b3add7a8eb98092a,2025-01-25 11:07:51,11,5,False
903bd904-60c9-4b3d-bf7e-bcb5ee6f9f16,CUS-01658,1957.08,bank_transfer,Rivers,Eleme,19dace16c10f4388,2025-01-25 11:21:53,11,5,False
095bd539-8549-4e22-9d62-1bf57bb03ca8,CUS-00450,914.99,pos,Abia,Abia-Central,866ad03ed8fb0ca4,2025-01-25 11:22:27,11,5,False
81494258-750f-4cc3-8418-ce9dcfb4758b,CUS-00354,28319.39,mobile_money,Lagos,Kosofe,b36159d39ed584a2,2025-01-25 11:23:07,11,5,False
0b9f8fda-4dc0-43af-b77c-9c89b0be24ea,CUS-00007,1222.79,mobile_money,Zamfara,Zamfara-Central,d8d2a6dd35f76c1f,2025-01-25 11:31:07,11,5,False
a1987a62-b32f-4a69-b0b3-045991758924,CUS-01381,89.54,bank_transfer,Rivers,Obio-Akpor,f4b4ef6860ca96ae,2025-01-25 11:43:42,11,5,False
217fcc8f-24c8-47b6-b18d-69048809f18d,CUS-01026,50042.24,ussd,Sokoto,Sokoto-Central,b9f0059e1f96f53d,2025-01-25 11:44:47,11,5,False
223d5df1-221e-45da-84af-f692fdc4c05a,CUS-01086,304.39,bank_transfer,Kaduna,Kaduna North,bc03b7ced93c35fb,2025-01-25 11:52:33,11,5,False
b19f7df9-9fde-4d28-aa0f-822299d7643b,CUS-00106,384.02,ussd,Rivers,Eleme,6a04b71095cc9970,2025-01-25 11:52:36,11,5,False
0eb5e00a-6146-413d-b358-d1efdec64e6a,CUS-01899,123032.36,mobile_money,Abia,Abia-Central,4800f88391a66586,2025-01-25 12:02:31,12,5,False
83a77440-42da-4ee7-940f-fb0ce1a5d14b,CUS-00375,1894.41,pos,Kano,Fagge,83cdeb9a127a29d9,2025-01-25 12:03:54,12,5,False
5b1c32b6-05a2-49eb-8006-671c3ed5a87d,CUS-00628,57083.11,bank_transfer,Lagos,Oshodi-Isolo,ba556bfeb1b5b580,2025-01-25 12:10:36,12,5,False
069303c5-5b00-4a81-9615-37edfbf3e419,CUS-01636,147786.22,ussd,Rivers,Oyigbo,66bd3121a09da021,2025-01-25 12:14:17,12,5,False
9a0bdc0d-6c2b-4afe-9211-cdeab0bdc605,CUS-00990,450.15,mobile_money,Imo,Imo-Central,867cc7228b2daf96,2025-01-25 12:29:00,12,5,True
445d41ef-2f37-4955-8f7b-a970913154fa,CUS-00058,3611.41,mobile_money,Lagos,Oshodi-Isolo,6cc0593d9e8935b9,2025-01-25 12:38:33,12,5,False
6ed2955a-1cfe-4c8b-91b1-7019e892cac9,CUS-01748,4316.61,bank_transfer,Kwara,Kwara-Central,e247f88c921fa712,2025-01-25 12:41:58,12,5,False
0bbdfedf-7b15-4781-a2c4-8bd9db23b54b,CUS-01145,6149.22,pos,Kebbi,Kebbi-Central,925027ad2e73f2c2,2025-01-25 12:47:16,12,5,False
40031209-c6b8-4b89-858e-57d56f303361,CUS-00075,3023.13,ussd,Ondo,Ondo-Central,a51136303b3a0a60,2025-01-25 12:49:30,12,5,False
ca3f0d43-f01a-40f5-a284-0cd14c55ca72,CUS-00606,2821.5,pos,Lagos,Kosofe,60733c43bf9bf339,2025-01-25 12:55:50,12,5,False
bd058e04-7596-4477-9851-4400d29fa99b,CUS-01062,30818.03,bank_transfer,Kwara,Kwara-Central,398b5f1c492b7fbf,2025-01-25 13:00:07,13,5,False
4a3ceb9b-f0b6-446b-adf6-ae36116258e3,CUS-01128,172013.15,ussd,Rivers,Port-Harcourt,4768fdad9f4a852b,2025-01-25 13:02:03,13,5,False
8495f9d4-23be-4be1-a89a-148799f860fb,CUS-00151,3103.36,pos,Lagos,Lagos Mainland,2bf14b665bcd3a89,2025-01-25 13:10:46,13,5,False
7eee765f-c3cc-4812-a05b-ec1a2cea8cca,CUS-01339,1733.6,mobile_money,Lagos,Mushin,e3e58ca041118cf4,2025-01-25 13:13:30,13,5,False
e37066a0-4b39-4d73-90df-3f131c1497e8,CUS-00816,251.22,bank_transfer,Kaduna,Kaduna North,afe1bbf91079bbe4,2025-01-25 13:16:19,13,5,False
9b8f81cb-babf-435f-997f-3f1b6c7979de,CUS-00123,1314.95,mobile_money,Lagos,Eti-Osa,fd87e702baf7d83d,2025-01-25 13:19:44,13,5,False
4b890c76-9d44-4b5f-b39c-095a864c7247,CUS-01994,193.33,bank_transfer,Osun,Osun-Central,24889af499de1e57,2025-01-25 13:25:55,13,5,False
54fc4d0a-0714-492c-9c0b-5bd271a375b3,CUS-00652,28401.64,pos,Kaduna,Kaduna North,b53d9478f74db31d,2025-01-25 13:28:17,13,5,False
f87acd79-2c07-49d6-8131-fefbd04e4dda,CUS-01198,1936.5,pos,Osun,Osun-Central,01873dcabd0cc646,2025-01-25 13:33:45,13,5,False
3324aca2-bc84-4ce8-bb99-b026fd0917fa,CUS-01019,2087.16,bank_transfer,Lagos,Agege,854b455985debb27,2025-01-25 13:35:00,13,5,True
d22e3397-991a-4d31-b4b4-80cf56f9157d,CUS-01306,3630.34,pos,Ondo,Ondo-Central,5f47559a51fd6588,2025-01-25 13:36:04,13,5,False
04fe1ee5-710d-4255-a991-b271c0526b3e,CUS-00260,4201.99,mobile_money,Kaduna,Kaduna North,b36ce793582718ee,2025-01-25 13:45:42,13,5,False
e817d7ec-eb31-4661-8ef8-8c2bf3e75e6f,CUS-01361,61428.27,pos,Lagos,Mushin,e0a5181f4315f4ad,2025-01-25 13:53:45,13,5,False
2cca066d-5eeb-4ee4-85a5-9eb8868cf470,CUS-00604,61396.62,pos,Lagos,Lagos Mainland,31a83e595b172ac1,2025-01-25 14:04:03,14,5,False
08168505-4653-4a65-96d4-0594a48acaa4,CUS-00312,904.42,bank_transfer,Lagos,Ikeja,3494ed058a6d99ad,2025-01-25 14:27:39,14,5,False
8bdb5c4c-7c79-472c-a09a-40bc9f70e4ea,CUS-00136,128.92,pos,Abuja FCT,Municipal,8489629970648402,2025-01-25 14:29:28,14,5,False
a7c8875a-ca95-4521-9d35-9a065c99c2ee,CUS-00390,206.16,pos,Ogun,Ogun-Central,f236feca84413f89,2025-01-25 14:39:22,14,5,False
56847b15-87e9-4c4b-9f46-79e53e34d304,CUS-00595,385674.52,mobile_money,Abuja FCT,Bwari,1fc14ea080410264,2025-01-25 14:42:27,14,5,False
14574c1b-7cb5-48da-9104-7f4228e55d83,CUS-01398,3065.46,pos,Enugu,Nsukka,38bb26e921581818,2025-01-25 14:48:47,14,5,False
a3a2d5ee-baa9-4bec-b22f-114a6d631c62,CUS-00875,38503.56,bank_transfer,Lagos,Surulere,72e07687895ad0c6,2025-01-25 14:51:13,14,5,False
90bb97e2-dedb-40b7-b33d-11526de8f29e,CUS-01550,323.0,mobile_money,Katsina,Katsina-Central,fb37de2edf8c3afd,2025-01-25 14:54:20,14,5,False
7a4bd490-65a2-4a14-aa48-bc7c9d5cc039,CUS-00532,87513.25,pos,Ogun,Ogun-Central,76d5d2e4a57db02d,2025-01-25 14:57:42,14,5,False
f7a7ad3f-569f-4d52-8daa-df67858bb95d,CUS-00714,4565.17,pos,Kano,Tarauni,223a8e3d7a6f6005,2025-01-25 14:58:38,14,5,False
c8855bd1-b4f0-4866-afd6-c45ff40c35a1,CUS-01980,54.7,mobile_money,Lagos,Lagos Mainland,a42dd9da04c1821e,2025-01-25 15:00:08,15,5,False
570fa16d-9655-4c62-a325-96e9e1613b55,CUS-00990,3733.49,pos,Imo,Imo-Central,867cc7228b2daf96,2025-01-25 15:06:00,15,5,True
748d64b7-682a-44fe-9d26-98683d124a1c,CUS-01019,42810.06,pos,Lagos,Lagos Mainland,854b455985debb27,2025-01-25 15:06:00,15,5,True
98e6a905-b25e-4c3c-8a4e-5f5bdefad83b,CUS-01093,1661.48,bank_transfer,Abuja FCT,Gwagwalada,3c0564b23a094400,2025-01-25 15:16:44,15,5,False
102e792a-6a32-4c73-83e8-3e8542255336,CUS-00990,47501.73,pos,Imo,Imo-Central,867cc7228b2daf96,2025-01-25 15:22:00,15,5,True
5cf8fec3-ae22-4adb-a4df-7f306e7073c1,CUS-01357,924370.61,pos,Rivers,Obio-Akpor,cf511cec9f71a1aa,2025-01-25 15:24:23,15,5,False
1806773a-93ed-4b60-8fc6-d7132d053a53,CUS-01832,2227.26,ussd,Oyo,Oyo East,b99a33f2ec2ef27d,2025-01-25 15:24:33,15,5,False
9f48d2fd-2fdc-4158-9fe1-1c1a8ccfab96,CUS-01067,7203.44,card,Lagos,Oshodi-Isolo,a6477d2c79391ff0,2025-01-25 15:28:43,15,5,False
8bbc577b-6440-4f93-8dae-0f3eeea447ac,CUS-01611,2394.84,pos,Delta,Uvwie,aa648247ee837f3b,2025-01-25 15:31:52,15,5,False
30d71c7c-28eb-4927-9dcd-00f164a9aec3,CUS-01019,76175.75,mobile_money,Lagos,Kosofe,854b455985debb27,2025-01-25 15:32:00,15,5,True
06da87a2-3258-4ab7-8885-541a17af9b78,CUS-01777,4406.44,bank_transfer,Rivers,Obio-Akpor,3b6b26cc8eb04698,2025-01-25 15:45:23,15,5,False
81538fca-3e38-4fdf-8883-6642f257b5d9,CUS-00269,3475.6,bank_transfer,Kano,Gwale,e94f5eada21225d1,2025-01-25 15:45:51,15,5,False
9a129f0f-f71e-4cc5-8c09-e59ec485a5f0,CUS-01607,24284.04,pos,Imo,Imo-Central,984cfcfe59f2d6b7,2025-01-25 15:55:42,15,5,False
73555b83-938e-4a99-aef4-5627a852a427,CUS-00803,299.74,card,Kaduna,Zaria,1aaac49944c6a235,2025-01-25 15:56:58,15,5,False
d5b840e3-050c-4291-8bf5-d42d2027bf5c,CUS-00737,1842.05,bank_transfer,Plateau,Plateau-Central,b3fcfe129e0f1e6a,2025-01-25 16:06:05,16,5,False
daa75996-3726-4d5c-816b-206f643c3176,CUS-01019,107823.53,card,Lagos,Ikeja,854b455985debb27,2025-01-25 16:14:00,16,5,True
34b578f2-65e9-4647-9b0b-09a2fd2c4e11,CUS-01659,3871.95,pos,Abuja FCT,Gwagwalada,730cfa22f07b1396,2025-01-25 16:18:22,16,5,False
ed8bd71b-7020-4564-a71c-963b454e2669,CUS-01059,447.32,ussd,Enugu,Enugu North,e4c835e0fcbbd94b,2025-01-25 16:19:47,16,5,False
ca688e02-4d62-4ead-beb7-8d592bcbf541,CUS-00434,394.48,card,Lagos,Surulere,eccd3d6c819f827c,2025-01-25 16:22:37,16,5,False
e09737b0-db38-4b0a-bd78-8eef07a33d82,CUS-00060,3660.09,pos,Rivers,Obio-Akpor,0f57eb1b8e271781,2025-01-25 16:23:58,16,5,False
915dab74-2d8d-4410-93fd-e55ba29b3760,CUS-01149,474.41,bank_transfer,Zamfara,Zamfara-Central,200cf8aca5eef511,2025-01-25 16:27:33,16,5,False
88041421-512b-4f3b-9906-207dba134165,CUS-01800,779992.95,pos,Cross River,Cross River-Central,495085d7be707495,2025-01-25 16:30:10,16,5,False
5dc48eb7-a603-46ee-bb59-aca9722f0bec,CUS-01277,320.49,bank_transfer,Ogun,Ogun-Central,add5c891c349873a,2025-01-25 16:31:48,16,5,False
5fa85c53-dd15-4c30-9375-440d4d86d29f,CUS-01406,845022.86,ussd,Borno,Borno-Central,b14f58c7a95ce377,2025-01-25 16:35:24,16,5,False
3653a373-f924-4e71-9d76-8f4ed6a14ca4,CUS-01019,1351.81,bank_transfer,Lagos,Surulere,854b455985debb27,2025-01-25 16:43:00,16,5,True
4c97dc6f-2bfe-4fe3-bdbd-d779a6d2d2b8,CUS-00901,166.68,pos,Lagos,Kosofe,8cc6b102f1e0b742,2025-01-25 16:43:26,16,5,False
eac7241d-3f61-4049-a0b6-14d622c56adf,CUS-01323,19680.12,bank_transfer,Lagos,Agege,ab9cd435daa247d3,2025-01-25 16:53:13,16,5,False
812d462d-a6aa-4c81-a8ba-4eff953b25b2,CUS-01054,472.4,mobile_money,Ogun,Ogun-Central,dbecb9c21b3aca89,2025-01-25 16:56:56,16,5,False
fc78228c-f738-4324-a12c-8bf4e7853956,CUS-01819,4774.34,bank_transfer,Rivers,Oyigbo,1efef02c81cb87a7,2025-01-25 17:06:58,17,5,False
c15095a3-0a00-4404-80e2-301bea9fff33,CUS-01017,3869.72,bank_transfer,Oyo,Ibadan South-West,f8aac67eec4ac97e,2025-01-25 17:07:04,17,5,False
24167053-6652-4642-9dfe-ee7a978a592e,CUS-01258,397.2,pos,Lagos,Ikeja,b76535faa81b1618,2025-01-25 17:10:18,17,5,False
769bf108-4f1a-4999-a56a-d0278181f969,CUS-01801,358.79,ussd,Osun,Osun-Central,8f779f94f9d34410,2025-01-25 17:23:53,17,5,False
d9c2535d-2121-4719-9d4b-e4605bfa8480,CUS-01998,2107.67,bank_transfer,Lagos,Lagos Mainland,1b723b7d1e316182,2025-01-25 17:24:59,17,5,False
fc0afc87-415f-4b26-b08f-e00bd1191dbf,CUS-01977,3153.43,bank_transfer,Rivers,Obio-Akpor,02673b590c313531,2025-01-25 17:32:36,17,5,False
352dfb73-d50e-4e88-8bb0-861ef52390b2,CUS-01542,3070.81,pos,Oyo,Ogbomoso,61dbec9de8a78651,2025-01-25 17:38:13,17,5,False
bdd84a8b-4631-4575-b185-437175ce1f44,CUS-01861,2216.38,bank_transfer,Delta,Oshimili South,7c59729f913bdbb9,2025-01-25 17:39:56,17,5,False
ab73dd7d-60c4-46bc-9f00-d549029f5800,CUS-01620,63794.56,mobile_money,Abuja FCT,Municipal,e4273f31990db9bc,2025-01-25 17:40:28,17,5,False
4fc080a9-2b13-45f8-b803-b66be87d32d9,CUS-01655,52575.58,pos,Gombe,Gombe-Central,ee689fc86d725bb6,2025-01-25 17:43:11,17,5,False
ab1c8b46-48e6-4625-b59e-e5d471ead5c4,CUS-01094,39888.01,pos,Lagos,Ikorodu,85d7d4bf2b272403,2025-01-25 17:44:10,17,5,False
71bd6c98-36d7-4ca8-99b8-be9a8bd5631d,CUS-00387,1784.67,pos,Lagos,Alimosho,3af5f47915d1455e,2025-01-25 17:50:49,17,5,False
295979d9-b134-4eeb-a799-eb507bf06896,CUS-00602,4304.01,mobile_money,Lagos,Lagos Mainland,2f63c3ceec0cd786,2025-01-25 17:53:43,17,5,False
644067fa-7cc7-45f7-bc3f-b5845a48d7e8,CUS-00990,374.02,bank_transfer,Imo,Imo-Central,867cc7228b2daf96,2025-01-25 17:54:00,17,5,True
227c2b46-1a08-4159-897d-c28fa2ccc07a,CUS-01323,99.85,bank_transfer,Lagos,Alimosho,ab9cd435daa247d3,2025-01-25 17:57:06,17,5,False
8413fc81-4a52-40cc-93a8-3e2442fc4155,CUS-01047,462.28,pos,Lagos,Mushin,645338b224542c36,2025-01-25 18:01:33,18,5,False
31f6a86e-0b19-4553-963c-22565d5cdbd6,CUS-01309,2103.34,pos,Benue,Benue-Central,3f2e55ad5d711bdb,2025-01-25 18:12:35,18,5,False
11e8b0d6-1ec2-4a0a-8604-01bfb597d95d,CUS-00990,92064.31,mobile_money,Imo,Imo-Central,867cc7228b2daf96,2025-01-25 18:16:00,18,5,True
1a28974a-16f5-4947-ac1e-c45ff6d3eec2,CUS-00048,217.33,bank_transfer,Oyo,Ibadan South-West,2bed16a79efed2dd,2025-01-25 18:16:28,18,5,False
7d1feb7e-73aa-4c2c-b53e-4755d6feee63,CUS-01574,44637.58,ussd,Lagos,Mushin,63f248344992f732,2025-01-25 18:17:12,18,5,False
a316fadc-7025-473e-86b6-cb49beefd798,CUS-00200,2857.88,card,Delta,Uvwie,e5089c203eaf3bcc,2025-01-25 18:24:53,18,5,False
082c4c29-18d2-4662-9f5f-bfb0fc2a5a71,CUS-00655,3309.91,bank_transfer,Lagos,Ikeja,26ac79b417ba3035,2025-01-25 19:00:32,19,5,False
ef361de7-65ac-462f-b467-5bcdbae8304c,CUS-00708,2531.13,mobile_money,Lagos,Mushin,c1b6b46709d0c4f0,2025-01-25 19:16:14,19,5,False
d675c114-423a-4500-81a5-4af97ca204b9,CUS-01694,2032.31,pos,Rivers,Oyigbo,d5150cfe61edef38,2025-01-25 19:20:53,19,5,False
9beded4f-7b6d-4ff3-9742-4a9bd3a7ea82,CUS-00788,250.64,card,Abuja FCT,Gwagwalada,cfa2bab673d6b5bb,2025-01-25 19:29:24,19,5,False
5a905e33-2eaf-49e9-90ee-77220a6704b8,CUS-00189,118.15,mobile_money,Lagos,Ikeja,7fae21bb8ec0cbdf,2025-01-25 19:34:43,19,5,False
52dda667-0e8b-4b7c-8daa-e9d93074c466,CUS-00990,933.29,mobile_money,Imo,Imo-Central,867cc7228b2daf96,2025-01-25 19:35:00,19,5,True
a06e8e46-fe36-40f7-b6bd-9f851d5ca198,CUS-00877,78511.08,pos,Delta,Warri South,dbdece7179f3f47e,2025-01-25 19:38:01,19,5,False
70ca25ba-b54f-4368-80eb-f73d11c07dc4,CUS-00416,4346.84,pos,Kano,Kumbotso,b2132b1f6b86d86e,2025-01-25 19:39:03,19,5,False
d57fd2aa-2bcb-40fb-9ebf-3ebd0b6f2ff4,CUS-00292,10189.5,pos,Plateau,Plateau-Central,49b166c3345c8f4a,2025-01-25 19:43:37,19,5,False
01f1ddc9-d031-4279-9347-724672cb0852,CUS-00306,363.86,pos,Abuja FCT,Bwari,880be9776e3ab6d8,2025-01-25 19:44:40,19,5,False
1f30160c-d3ba-409c-87b6-156a07d6cb80,CUS-01784,28497.74,mobile_money,Delta,Uvwie,418192c8ffc6e281,2025-01-25 20:00:42,20,5,False
e0bf5eed-53c0-4f67-9731-4edddee24452,CUS-00606,107.29,ussd,Lagos,Ikeja,60733c43bf9bf339,2025-01-25 20:12:27,20,5,False
9affdb2c-7725-4e0c-ac2e-ecd539bf2b1f,CUS-00841,200.02,mobile_money,Delta,Uvwie,8f8993c755fc5846,2025-01-25 20:16:01,20,5,False
c779a25f-3c85-4041-900e-8234b860f02b,CUS-00532,764.58,pos,Ogun,Ogun-Central,76d5d2e4a57db02d,2025-01-25 20:25:56,20,5,False
b949f636-3cd0-4a02-8c84-1912a391b87d,CUS-01993,352.89,pos,Lagos,Alimosho,dd874e83d9f452d4,2025-01-25 20:27:41,20,5,False
b485ec88-a9b5-4d71-b804-c5b7ed6e910f,CUS-01019,3482.21,bank_transfer,Lagos,Ikeja,854b455985debb27,2025-01-25 20:45:00,20,5,True
45ffef91-8dac-40dd-919b-81a0b7a72b82,CUS-01533,51852.2,pos,Kano,Kumbotso,189df3b2a7ddc4fc,2025-01-25 20:45:12,20,5,False
c88aae5f-3e35-4e48-a881-64472acb5109,CUS-01873,119.98,mobile_money,Bauchi,Bauchi-Central,fcad9d34dfe38881,2025-01-25 20:46:39,20,5,False
6c3dfa1c-a9c5-4578-b03f-038d305bc24b,CUS-01113,15477.81,pos,Oyo,Ibadan North,380fc2921922c9ea,2025-01-25 20:48:57,20,5,False
d4f813fb-4fec-4be9-8d40-e82f1790a4fe,CUS-00416,859624.54,bank_transfer,Kano,Gwale,b2132b1f6b86d86e,2025-01-25 20:54:00,20,5,True
6cabe4fd-5665-48db-8073-4ebb58a301d6,CUS-01980,4084.17,mobile_money,Lagos,Kosofe,a42dd9da04c1821e,2025-01-25 20:59:58,20,5,False
0a827db7-5d67-4556-94e7-e97e63ef1625,CUS-01096,1844.36,card,Lagos,Alimosho,41d538220b50c361,2025-01-25 21:04:39,21,5,False
e3b740a6-8c33-4d57-a10a-59006c33f673,CUS-01858,55072.29,bank_transfer,Borno,Borno-Central,b8cde3602eceb2be,2025-01-25 21:05:21,21,5,False
efd36a48-d111-42a9-bbe1-8193a60e4a09,CUS-01300,67545.47,bank_transfer,Lagos,Alimosho,2c4c0203c97a20fc,2025-01-25 21:06:04,21,5,False
87da1120-97b2-4707-a687-927e1aabd9f8,CUS-00990,7474.48,pos,Imo,Imo-Central,867cc7228b2daf96,2025-01-25 21:14:00,21,5,True
4f0945b5-2b71-4601-9fdb-21749cc41404,CUS-01603,36089.45,mobile_money,Kano,Dala,73ddb92252538ec9,2025-01-25 21:17:49,21,5,False
b8662c34-18ff-48b1-8b8c-85c4697fc64b,CUS-00723,76212.2,bank_transfer,Osun,Osun-Central,184b6168e7b760ac,2025-01-25 21:18:43,21,5,False
df94f324-8e0a-4b03-ac79-e0f28d1a7923,CUS-01019,1475.51,bank_transfer,Lagos,Surulere,854b455985debb27,2025-01-25 21:24:00,21,5,True
f8ed3354-5cb8-4668-abf7-9998593b7c6a,CUS-01874,46607.01,pos,Ondo,Ondo-Central,bd11047ea9b53cf6,2025-01-25 21:34:27,21,5,False
4ad51f64-4df5-437d-922e-b794c1744c49,CUS-00635,145780.24,mobile_money,Abuja FCT,Gwagwalada,d3e87928d9822db9,2025-01-25 21:41:38,21,5,False
934d3e52-6c7d-48f2-9a1f-63b4199ff1fc,CUS-01924,309.42,card,Imo,Imo-Central,a05be818d25c27b2,2025-01-25 21:45:44,21,5,False
82e05dce-777a-4d66-a9f8-6159ca59e598,CUS-00714,64076.33,pos,Kano,Dala,223a8e3d7a6f6005,2025-01-25 21:46:31,21,5,False
af61497d-8a07-4707-b2c2-000486b7e949,CUS-01019,403.98,pos,Lagos,Surulere,854b455985debb27,2025-01-25 21:50:00,21,5,True
dca3bf80-1147-4406-a945-20e22b1ef1cb,CUS-00130,74931.16,pos,Rivers,Obio-Akpor,bba31a7c8dcf95ed,2025-01-25 21:52:50,21,5,False
981d6012-2ce3-49b6-b216-35222cfbd4f6,CUS-00990,831.88,mobile_money,Imo,Imo-Central,867cc7228b2daf96,2025-01-25 22:04:00,22,5,True
26a0c23d-ff6a-44c2-af1a-e9c109d5a706,CUS-00990,821.57,card,Imo,Imo-Central,867cc7228b2daf96,2025-01-25 22:06:00,22,5,True
c4665e98-1e78-4d52-a75e-4d5f4cb1c1cc,CUS-00690,565.83,bank_transfer,Kano,Tarauni,9b160c32acee1e9d,2025-01-25 22:24:26,22,5,False
aba70612-3e55-4057-bb6d-8ba0f5a56159,CUS-00990,391.09,ussd,Imo,Imo-Central,867cc7228b2daf96,2025-01-25 22:31:00,22,5,True
c160f6ea-a292-4033-85ec-9122f352722f,CUS-01222,67851.36,bank_transfer,Rivers,Port-Harcourt,710138c9fc241830,2025-01-25 23:09:01,23,5,False
24253b9d-2e3f-4167-ae64-4f58b0cfe089,CUS-01207,676.35,mobile_money,Abuja FCT,Kuje,93ede341308bf1fb,2025-01-25 23:19:29,23,5,False
84087097-27d5-4b76-a1b8-0eaf592290a8,CUS-00082,115.44,bank_transfer,Kano,Gwale,1b3d2d4d9e9c6adc,2025-01-25 23:32:55,23,5,False
22a7748e-c47e-4a1a-a3a7-60af6fc1d16d,CUS-00846,461320.97,bank_transfer,Lagos,Ikorodu,c8efc5cd1998980e,2025-01-26 00:20:00,0,6,True
0e1483be-1229-4c7a-b12a-bc7c81dd824e,CUS-01136,860.19,mobile_money,Borno,Borno-Central,fb2927a454f16984,2025-01-26 00:35:36,0,6,False
71cb9267-d1c0-4cf6-88eb-b94cffb8eb95,CUS-01584,4885.2,card,Ogun,Ogun-Central,afbd85ed89571d3b,2025-01-26 01:29:12,1,6,False
7d6a2d65-464f-4f95-a6be-13422a2331ca,CUS-00092,3189.3,pos,Kwara,Kwara-Central,7fe5d743b10ab062,2025-01-26 01:32:30,1,6,False
8281e5ba-5c13-4459-8bfd-be9a2e5420e0,CUS-00894,859595.38,bank_transfer,Anambra,Nnewi North,4d7414a6f0f8e763,2025-01-26 03:11:00,3,6,True
6ff8882a-a6c1-4388-8050-e210607f098f,CUS-00901,480.59,mobile_money,Lagos,Mushin,8cc6b102f1e0b742,2025-01-26 04:41:17,4,6,False
1a6f9117-55ee-4bb4-9a49-873057ef3511,CUS-00428,888389.15,bank_transfer,Kano,Dala,e99fa23fc8e6faf1,2025-01-26 04:42:00,4,6,True
8848d95e-ddd3-4f4d-ab60-fd2f80d7a210,CUS-00803,32478.55,pos,Kaduna,Zaria,1aaac49944c6a235,2025-01-26 05:24:07,5,6,False
7193c8de-858b-42a9-88cf-b5d9fe83324d,CUS-00492,4201.26,mobile_money,Kano,Kumbotso,b5663d62d55cfda1,2025-01-26 05:37:12,5,6,False
3732bde0-1315-46cd-bee8-92f83ae56c9f,CUS-00795,92423.27,mobile_money,Zamfara,Zamfara-Central,6f8b18aebf0d3d68,2025-01-26 05:58:52,5,6,False
11b45201-2edb-4e05-b974-c9cd4ff47732,CUS-00809,456.91,ussd,Lagos,Mushin,db69bf71f5a9ddc6,2025-01-26 07:30:00,7,6,True
28f3fe25-fb3e-49cb-845d-cd39162626f4,CUS-01812,73347.99,pos,Kano,Fagge,3673738ad941e114,2025-01-26 07:55:00,7,6,True
e57faffc-b029-4910-ab94-7d50098a9b29,CUS-01152,566483.6,bank_transfer,Edo,Egor,72ad6ac72ade3ab7,2025-01-26 07:58:02,7,6,False
f3c542de-ecbd-4427-8c70-fbd7305a0c8a,CUS-00165,1885.0,card,Bauchi,Bauchi-Central,da9388b31798113b,2025-01-26 08:04:33,8,6,False
a77e6f8c-53b3-46c0-9e98-4f89f083a04a,CUS-00192,97587.9,mobile_money,Nassarawa,Nassarawa-Central,3be92bc242be1da2,2025-01-26 08:45:48,8,6,False
080601f1-ad4b-42fa-8c61-e84e6bf7deda,CUS-01582,3892.37,pos,Kaduna,Zaria,9974cfb9c458a97a,2025-01-26 09:00:45,9,6,False
28fd1785-8844-460a-99ce-022aa17dd81c,CUS-00681,1077.57,mobile_money,Kano,Nassarawa,e028fa448514bcde,2025-01-26 09:03:38,9,6,False
35b9b676-2ade-4592-bc8b-bfddacd4b4fb,CUS-01397,273.69,mobile_money,Lagos,Oshodi-Isolo,0d87b59e6833be9b,2025-01-26 09:07:43,9,6,False
afbad481-9cdb-4d85-aff0-9faf76545f7b,CUS-00617,282.39,pos,Kano,Kumbotso,9be78ff896a57226,2025-01-26 09:20:45,9,6,False
98000da1-84f8-416e-8223-e195687b4e30,CUS-00920,274.49,pos,Zamfara,Zamfara-Central,884feff67bc100f3,2025-01-26 09:27:24,9,6,False
4ef7893c-6311-442e-afe0-65b6e0ee5df0,CUS-01296,4930.3,card,Lagos,Lagos Mainland,e228e396a2ddae15,2025-01-26 09:30:01,9,6,False
7889d669-fca7-4a56-b3cc-9dc54cecbf0f,CUS-00779,3110.64,bank_transfer,Enugu,Nsukka,161c4884b0d5f0dc,2025-01-26 09:33:49,9,6,False
dbeb227e-dc20-4165-a37c-4a8bb3943387,CUS-01812,2383.7,mobile_money,Kano,Tarauni,3673738ad941e114,2025-01-26 09:34:00,9,6,True
14ed8f01-0c4f-46bc-a0db-1d7a6ffd2d58,CUS-01524,2372.08,pos,Abuja FCT,Bwari,e9b082843f2915d1,2025-01-26 09:37:54,9,6,False
bff20242-118d-40c4-aa0d-3b486d44c0e7,CUS-00699,2265.42,mobile_money,Abuja FCT,Kuje,4d53a36d0b28e08f,2025-01-26 10:12:27,10,6,False
a7908d9a-8f68-45ce-9c81-ad699ff57628,CUS-01709,97110.71,card,Delta,Oshimili South,4b07fffe81db38c5,2025-01-26 10:12:35,10,6,False
87e48f5b-e512-4ab1-91d4-da27be86c700,CUS-00811,159.96,bank_transfer,Bauchi,Bauchi-Central,f7fcb89ac16fa82f,2025-01-26 10:24:11,10,6,False
02e997b1-307e-47cd-bc1c-4a70fe0da951,CUS-01747,3478.77,bank_transfer,Kano,Fagge,cc8cc73d43d1ea71,2025-01-26 10:27:46,10,6,False
142eea4b-c49a-478d-ae7b-d9f9ebe8d7b0,CUS-00561,23338.68,mobile_money,Lagos,Ikorodu,6b64c305fff4b7c1,2025-01-26 10:40:11,10,6,False
5894e1e6-55e9-47c3-ac61-d21917b5ab26,CUS-01706,208.22,pos,Enugu,Nsukka,86372c2220b851b3,2025-01-26 10:40:21,10,6,False
a3b2e9ae-8f23-4a05-8acb-5b0a61f9d15c,CUS-01439,2742.56,ussd,Anambra,Nnewi North,ee6a1de6a1ba11f5,2025-01-26 10:50:55,10,6,False
70210b53-523b-4019-a132-d0fd894e7d63,CUS-01708,86916.51,pos,Enugu,Enugu East,4211ce21fda32873,2025-01-26 10:54:39,10,6,False
081f76e0-9753-438a-8125-d4a6e4ed9b8f,CUS-00512,193.05,pos,Yobe,Yobe-Central,163b2a6b6d6c7512,2025-01-26 10:57:00,10,6,False
40ba6a36-5c2d-4ffe-bcce-67aea535a137,CUS-01525,61563.5,pos,Kano,Nassarawa,ebdefd77badb8caf,2025-01-26 11:05:22,11,6,False
b451173b-ab50-46d6-818e-e3dfaf3366eb,CUS-01085,2067.04,mobile_money,Abuja FCT,Bwari,015ee05e5160a433,2025-01-26 11:08:19,11,6,False
cb519f97-8a85-4529-8c22-7a63e7d4d413,CUS-00911,187.91,pos,Kano,Kumbotso,db8f9fd7a5d88e61,2025-01-26 11:17:06,11,6,False
b10621ba-b4ca-4d86-be4c-130d662254fd,CUS-01001,394.7,mobile_money,Oyo,Ibadan South-West,537f88949a0d8fb6,2025-01-26 11:17:37,11,6,False
50d4648f-4ad5-4cf5-b7e7-f8b43e172576,CUS-00649,1166.03,bank_transfer,Abuja FCT,Kuje,3f03ff507eba6113,2025-01-26 11:26:19,11,6,False
09c5e130-a076-40d3-bf36-f4f5f74ee294,CUS-01812,88926.88,pos,Kano,Tarauni,3673738ad941e114,2025-01-26 11:35:00,11,6,True
1c9b8908-0da7-4a0f-848d-60eac1387bb6,CUS-01884,794.55,ussd,Lagos,Alimosho,5f4ed3b0fde0d75c,2025-01-26 11:36:09,11,6,False
c276be71-6d9e-4e6c-8f8d-562811a067e8,CUS-00550,2963.92,pos,Abuja FCT,Municipal,2a98951d2a24f072,2025-01-26 11:37:59,11,6,False
767e50c1-49b1-4a75-936f-05276428f46f,CUS-00809,4767.87,bank_transfer,Lagos,Ikeja,db69bf71f5a9ddc6,2025-01-26 11:42:00,11,6,True
bc63abf4-0f14-4cef-9c8e-6d0661d61ff9,CUS-01892,23685.21,pos,Imo,Imo-Central,6614c00a15167cdf,2025-01-26 11:43:19,11,6,False
6e18c4b4-13db-4be9-988b-b410b951ac66,CUS-01074,52502.28,bank_transfer,Ogun,Ogun-Central,116b5e1551705cfb,2025-01-26 11:53:15,11,6,False
6ac42e6f-24a2-4c3c-85c5-f0f76d30ca90,CUS-01737,91486.3,pos,Lagos,Oshodi-Isolo,d65c63cbb8989857,2025-01-26 12:01:28,12,6,False
77784b38-fc8b-4b36-b533-b286e4bf0d50,CUS-01490,1532.82,pos,Lagos,Mushin,7f7694fe3ef66fdb,2025-01-26 12:18:23,12,6,False
75e87a63-843a-4338-a4de-4d6f7c224c4f,CUS-00288,4706.19,bank_transfer,Kano,Kumbotso,2303bb40e0492b07,2025-01-26 12:22:07,12,6,False
cb598834-ac8a-4441-a089-edc9387a928a,CUS-01633,4661.54,pos,Imo,Imo-Central,87d8962f9b1d3d70,2025-01-26 12:23:02,12,6,False
a36275ee-35cd-4219-8d21-2a15b9995414,CUS-00391,26890.39,ussd,Rivers,Oyigbo,52e45b3cfc6c465c,2025-01-26 12:24:39,12,6,False
5f84d3f6-8de6-4a1f-8fc4-51dfb4993d30,CUS-01711,72395.56,mobile_money,Lagos,Kosofe,17b68a7cdec7e709,2025-01-26 12:31:27,12,6,False
857e101d-c591-4d22-8c38-bdbf63bc5d3c,CUS-00809,114.95,pos,Lagos,Agege,db69bf71f5a9ddc6,2025-01-26 12:36:00,12,6,True
e75f21ea-0e11-4ec2-82b2-cb2d9bee0fc3,CUS-00587,13782.11,mobile_money,Lagos,Ikorodu,fda7cc6b37ded4c9,2025-01-26 12:47:42,12,6,False
7dc5da5b-2af3-4138-9b5a-1c513b405610,CUS-01671,409.2,pos,Kebbi,Kebbi-Central,d6462c62f2fa83c7,2025-01-26 12:48:13,12,6,False
f8558219-5727-43dd-9c54-88714b63fcfd,CUS-00827,79265.86,pos,Kano,Fagge,fa17bea891abed61,2025-01-26 12:51:16,12,6,False
9592a960-cca6-4548-9ca1-10511f2475a0,CUS-01167,205671.3,bank_transfer,Abuja FCT,Kuje,281007905cca8b73,2025-01-26 12:52:00,12,6,True
f047e3b6-d453-412d-a864-c467adb4200a,CUS-01360,35324.37,mobile_money,Taraba,Taraba-Central,b6f6e9047c2792c1,2025-01-26 13:04:04,13,6,False
99fba1e2-db77-4318-927f-891c14e31d54,CUS-01387,42450.3,bank_transfer,Lagos,Ikorodu,94ead7a09cb67bfc,2025-01-26 13:13:45,13,6,False
dd62f1f7-d57b-4f9c-b3fc-94507684db70,CUS-00556,198935.61,bank_transfer,Lagos,Eti-Osa,3fc3a1d0ba551e2e,2025-01-26 13:21:18,13,6,False
0501281f-db08-404b-a339-0054c1772651,CUS-00809,89356.8,card,Lagos,Eti-Osa,db69bf71f5a9ddc6,2025-01-26 13:30:00,13,6,True
6e40cd2a-f48f-4f81-ae4b-8860d62d0d51,CUS-00625,94805.89,card,Rivers,Obio-Akpor,1d090ee98ebcd277,2025-01-26 13:31:21,13,6,False
607843ea-1474-45e9-a09f-afab2437f11d,CUS-01832,3760.82,mobile_money,Oyo,Ibadan North,b99a33f2ec2ef27d,2025-01-26 13:32:51,13,6,False
afeb58b3-ac5d-46bf-a54d-ca0d69d0e01a,CUS-00809,3281.64,mobile_money,Lagos,Surulere,db69bf71f5a9ddc6,2025-01-26 13:42:00,13,6,True
6e40250b-1f30-4a25-b7fa-9a7183f686bd,CUS-01759,1743.15,mobile_money,Oyo,Ibadan South-West,f38f2638e200cb90,2025-01-26 13:50:27,13,6,False
1ef48bc5-6ad8-4bcf-b877-de9e35243856,CUS-01897,53568.17,bank_transfer,Rivers,Port-Harcourt,e94888cd3a69e633,2025-01-26 14:00:00,14,6,True
7c7d7a0d-773a-4b46-bf90-67ae9c96330f,CUS-01812,4018.03,pos,Kano,Tarauni,3673738ad941e114,2025-01-26 14:03:00,14,6,True
ac917244-308d-492b-b35c-77d763befc5e,CUS-01758,265.45,mobile_money,Lagos,Ikorodu,cddaa2a8705e5f66,2025-01-26 14:14:00,14,6,True
ced0c198-8ea3-4a4c-b8ac-bda30f33b87c,CUS-01897,4760.67,bank_transfer,Kano,Tarauni,e94888cd3a69e633,2025-01-26 14:15:00,14,6,True
aeb89331-d21a-4328-8e63-192f55d016a2,CUS-00030,3121.4,pos,Kaduna,Kaduna North,968ca543cfadacac,2025-01-26 14:15:35,14,6,False
692bf637-e18f-4591-b451-31c1452b1334,CUS-01758,432.81,mobile_money,Lagos,Mushin,cddaa2a8705e5f66,2025-01-26 14:18:00,14,6,True
42d91cd0-f724-4be0-b210-cc565c20d03c,CUS-00457,12200.45,bank_transfer,Abuja FCT,Kuje,bf419fd9bf1b95cb,2025-01-26 14:21:38,14,6,False
81874b3e-9b1a-4bc9-b73f-a6e95736f696,CUS-00912,88.72,mobile_money,Enugu,Enugu North,7bd69b4e0e8ea2a4,2025-01-26 14:24:35,14,6,False
e49b6e01-f27c-4cc1-aff0-e97fae67b627,CUS-01701,30258.72,mobile_money,Rivers,Port-Harcourt,0339e824793d49a0,2025-01-26 14:26:38,14,6,False
63cbc17e-69fb-40fd-810d-b75a5b9ea914,CUS-01758,233.27,mobile_money,Lagos,Ikeja,cddaa2a8705e5f66,2025-01-26 14:27:00,14,6,True
6be8648a-de3e-4fc2-96f9-e85188ca47da,CUS-01356,3211.11,mobile_money,Nassarawa,Nassarawa-Central,853907668826b986,2025-01-26 14:29:34,14,6,False
f60657f4-2c17-416f-a0a2-575001f5d1ee,CUS-01758,294.31,pos,Lagos,Surulere,cddaa2a8705e5f66,2025-01-26 14:34:00,14,6,True
5acf5edf-1c12-4f7c-afa2-6ddd35368c82,CUS-01475,543.77,mobile_money,Anambra,Nnewi North,1982e4149ad2f4cf,2025-01-26 14:41:38,14,6,False
9ff3f0b8-1b92-4e87-9bb9-2bdf55c6b6ca,CUS-01758,275.81,pos,Lagos,Kosofe,cddaa2a8705e5f66,2025-01-26 14:44:00,14,6,True
bf144040-11f8-4f62-b462-6a783a50e0fa,CUS-01305,1324.95,pos,Zamfara,Zamfara-Central,dfc9ae6662f00748,2025-01-26 14:44:30,14,6,False
411d6661-cebc-4de9-9eb1-c39541566930,CUS-00128,24448.44,pos,Lagos,Ikeja,4fea8b2d9e7b6054,2025-01-26 14:45:22,14,6,False
e6730b37-006f-48d6-9f97-671a422f6cc2,CUS-01812,1374.0,card,Kano,Nassarawa,3673738ad941e114,2025-01-26 14:46:00,14,6,True
86da7862-a587-44eb-bc8c-c8e03a71400a,CUS-01758,264.21,pos,Lagos,Mushin,cddaa2a8705e5f66,2025-01-26 14:48:00,14,6,True
a683af64-37d0-4079-9403-c0b9fba2dd0b,CUS-01706,51936.89,pos,Enugu,Nsukka,86372c2220b851b3,2025-01-26 14:53:38,14,6,False
c62e0f5b-6b7c-4ef6-9b6d-28b7c1d0121d,CUS-01812,3212.64,mobile_money,Kano,Fagge,3673738ad941e114,2025-01-26 15:00:00,15,6,True
39ac9aa2-052f-41a0-8270-e37d584f7301,CUS-00474,4782.8,mobile_money,Oyo,Ibadan North,1ff434af9688f99c,2025-01-26 15:00:35,15,6,False
e87dd93e-08cc-41b4-afb2-bdd7cc3e5ab6,CUS-01426,316.73,bank_transfer,Lagos,Agege,3bf75e734c5b5dd8,2025-01-26 15:10:57,15,6,False
8e3ccb13-6ce7-43a6-be0b-e8c2710a83a1,CUS-00903,69.12,bank_transfer,Oyo,Ibadan North,e707cda42c6fc450,2025-01-26 15:12:08,15,6,False
be8c6559-117f-4f28-81fc-1687f239a1f0,CUS-01730,53144.19,pos,Kano,Tarauni,ccdd451e2764643f,2025-01-26 15:16:08,15,6,False
8b3a69a6-db8a-4f91-8bbe-715dd499e618,CUS-01259,305.04,ussd,Oyo,Ibadan South-West,43decebaedfb8c27,2025-01-26 15:24:58,15,6,False
84a7b6df-1c22-45bb-89fd-72f6662b3a3a,CUS-00759,48283.02,pos,Imo,Imo-Central,23919a584a845bba,2025-01-26 15:27:59,15,6,False
0ada883a-1a66-41d3-b6e1-ad95a3339b2d,CUS-00282,40909.43,bank_transfer,Rivers,Oyigbo,98cd637cafd56335,2025-01-26 15:33:56,15,6,False
43f0c974-b243-4e98-ba81-da5845e5097c,CUS-01292,2302.18,pos,Oyo,Ibadan South-West,8bd8d926d6ec6dda,2025-01-26 15:37:08,15,6,False
3d588606-7214-46fe-910d-6dc484abedf4,CUS-01185,255.32,bank_transfer,Gombe,Gombe-Central,a6b4370cecc956b7,2025-01-26 15:43:06,15,6,False
a9714ebf-f8ae-4285-bf8b-69110a079d45,CUS-00929,4065.76,pos,Kano,Nassarawa,395eff550cc0a560,2025-01-26 15:53:25,15,6,False
0adce364-5c42-4f92-882f-c6e7e13747cd,CUS-00454,223.47,bank_transfer,Lagos,Eti-Osa,6ef7ad5156b9d3a1,2025-01-26 15:59:00,15,6,False
b76836b6-517e-44b3-b993-c5e7a7d7197f,CUS-01216,32595.5,pos,Lagos,Surulere,b767a7d60b9a3865,2025-01-26 15:59:20,15,6,False
8a93d699-ad35-4628-910f-4fe2261c529b,CUS-01812,1685.74,bank_transfer,Kano,Gwale,3673738ad941e114,2025-01-26 16:00:00,16,6,True
bed9ffc1-a55f-4d97-a731-37c792c6cc7f,CUS-01388,111489.76,pos,Bayelsa,Bayelsa-Central,64b0cf503a5e25b7,2025-01-26 16:00:27,16,6,False
86d1ee47-49f7-45cc-93fd-9c518963ce7c,CUS-00591,470.22,mobile_money,Enugu,Enugu North,b0b6b7ab4a04ad56,2025-01-26 16:01:39,16,6,False
d736c3ad-18d0-41c6-b7fc-12b2e7d21dd2,CUS-00022,2930.49,ussd,Kano,Dala,790afffe6907fb50,2025-01-26 16:17:07,16,6,False
fa59cbee-6640-4b4e-b11d-7e0fc4de723a,CUS-01461,60928.69,pos,Delta,Uvwie,1f5002689c96a0c3,2025-01-26 16:25:23,16,6,False
4fccbfac-573b-4a5f-b8ee-0b5c8ac9a865,CUS-00923,166.28,pos,Imo,Imo-Central,ebacbea70d530fdc,2025-01-26 16:31:38,16,6,False
94eee3b6-fa26-450d-b503-fa65a2855e9e,CUS-00809,335.89,bank_transfer,Lagos,Agege,db69bf71f5a9ddc6,2025-01-26 16:36:00,16,6,True
562d7024-84f7-4db5-954b-5e7a1315d793,CUS-00874,261451.32,mobile_money,Lagos,Alimosho,cd035f7d44ab3770,2025-01-26 16:41:05,16,6,False
5f0545fa-0221-450f-827e-5254b7bb26ad,CUS-01814,207.07,pos,Lagos,Alimosho,46056a504b319207,2025-01-26 16:45:39,16,6,False
278d1484-5b06-480d-873d-0d1b08992400,CUS-01336,40557.91,ussd,Lagos,Ikeja,c6ca128a241675c1,2025-01-26 16:50:46,16,6,False
e2ec25e5-02de-4810-a6b5-51ab478ecc3e,CUS-00416,497.61,pos,Kano,Gwale,b2132b1f6b86d86e,2025-01-26 17:02:14,17,6,False
ef6a37b3-0695-4bb9-8dc5-51da7f0d76cd,CUS-01273,458.35,pos,Lagos,Eti-Osa,4a8421a02c35e770,2025-01-26 17:03:27,17,6,False
dcfb510a-fabe-4ab0-8523-87afa694248d,CUS-01318,3263.32,mobile_money,Lagos,Alimosho,0d53a7e44c1ebaa4,2025-01-26 17:14:20,17,6,False
16dea552-f507-493e-bc40-9cd0f324a5d4,CUS-01541,1827.71,mobile_money,Lagos,Eti-Osa,1891cd5abfb020bb,2025-01-26 17:18:15,17,6,False
54ec8ff0-ca50-4c1b-80a9-57f8fe1ea960,CUS-00809,4984.04,mobile_money,Lagos,Lagos Mainland,db69bf71f5a9ddc6,2025-01-26 17:41:00,17,6,True
219dbc80-dac4-4447-bacd-5cf9a6bf0263,CUS-00646,397.23,mobile_money,Kaduna,Zaria,2b7015d78d5d685e,2025-01-26 17:44:35,17,6,False
ece12fa6-5f98-4c91-858a-014318cecaf9,CUS-01771,791082.15,pos,Abia,Abia-Central,9bef20b0925967ba,2025-01-26 17:46:25,17,6,False
032b176a-0412-4d6d-bc01-f54c03b71dbb,CUS-01843,780101.16,bank_transfer,Kaduna,Kaduna South,ce512cfe586768b6,2025-01-26 17:47:50,17,6,False
9146f1c0-d598-4318-9cfb-781ffab6875f,CUS-01003,32349.11,bank_transfer,Ondo,Ondo-Central,439e1cb89f05b12e,2025-01-26 17:53:48,17,6,False
6edda7c1-6d03-4f3a-b6e8-226da941a71e,CUS-00060,2050.91,pos,Rivers,Obio-Akpor,0f57eb1b8e271781,2025-01-26 18:00:00,18,6,True
b7bcf782-eeeb-4bea-b08f-497862bf32af,CUS-00498,4282.4,card,Ebonyi,Ebonyi-Central,f32247001390f347,2025-01-26 18:14:01,18,6,False
df687913-8997-4d49-a168-3f308c0f61ce,CUS-01812,714764.83,pos,Kano,Kumbotso,3673738ad941e114,2025-01-26 18:15:00,18,6,True
ede79def-04f9-4dc4-9355-74f93f3a5c00,CUS-00060,1266.87,pos,Kano,Fagge,0f57eb1b8e271781,2025-01-26 18:17:00,18,6,True
a7348e2f-07dd-4e1f-b31f-0f65e19433af,CUS-00433,412.3,pos,Lagos,Mushin,dc214b9c85be517a,2025-01-26 18:26:11,18,6,False
c13f28be-d1ca-4e5b-adcb-158700917d0b,CUS-00809,83778.88,mobile_money,Lagos,Mushin,db69bf71f5a9ddc6,2025-01-26 18:40:00,18,6,True
00561327-5dda-4b52-a343-7380e6b1d307,CUS-01812,4576.71,pos,Kano,Kumbotso,3673738ad941e114,2025-01-26 18:40:00,18,6,True
cadb6056-e7d0-4fcb-ab3f-97d568e819e7,CUS-00759,295.66,pos,Imo,Imo-Central,23919a584a845bba,2025-01-26 18:43:41,18,6,False
74957a8a-b3a1-4f01-8fdc-a87e93f1232a,CUS-01815,3296.83,bank_transfer,Akwa Ibom,Akwa Ibom-Central,4fd188f02b5f6a2f,2025-01-26 18:46:52,18,6,False
3c2c4561-8f67-445b-b439-929a9b6e8b76,CUS-01747,2620.32,bank_transfer,Kano,Kumbotso,cc8cc73d43d1ea71,2025-01-26 18:47:18,18,6,False
e29f763c-1a18-48d8-ba49-13278cc35007,CUS-00820,201.02,ussd,Benue,Benue-Central,7b3f2a1c343fa5e5,2025-01-26 18:51:01,18,6,False
0c39d9ef-9eaa-44f7-b4b1-75eeadffa740,CUS-00944,8909.37,pos,Lagos,Ikorodu,50fc92000a61d043,2025-01-26 18:51:52,18,6,False
1752ff2b-1bcb-49bc-a86d-42116d64d2f3,CUS-01938,315.48,pos,Abuja FCT,Gwagwalada,cd875704aee05fcf,2025-01-26 18:55:42,18,6,False
aa11ca29-0406-4677-afe4-6d01ea7e9f5b,CUS-01979,303890.19,bank_transfer,Borno,Borno-Central,9d5dd236bdaf1bc7,2025-01-26 18:57:53,18,6,False
e47c89e7-6911-42ab-a5cc-729b64f87ad3,CUS-01356,175.14,pos,Nassarawa,Nassarawa-Central,853907668826b986,2025-01-26 19:04:52,19,6,False
aaab8cf2-6639-46f3-8174-98b4aa388c82,CUS-00185,3658.75,ussd,Delta,Warri South,d898e5104d1303b0,2025-01-26 19:06:27,19,6,False
ee8b9423-90e4-4991-ab52-4891c3e2a3ca,CUS-00974,2419.3,pos,Lagos,Alimosho,c996ce5477003036,2025-01-26 19:07:52,19,6,False
6d0a5342-3ab3-4449-a48b-3e26ff9b2b48,CUS-00838,3490.88,mobile_money,Oyo,Oyo East,478f6f1657b2a00c,2025-01-26 19:16:39,19,6,False
41a593b2-afe3-4641-b639-6e8c075ce0d5,CUS-01855,66147.82,pos,Lagos,Ikorodu,5f2890bf6a138d02,2025-01-26 19:25:42,19,6,False
fa77763c-7c53-4389-bc5e-fdf68b834ce5,CUS-00018,286.94,pos,Rivers,Oyigbo,64be6769e0ecccb4,2025-01-26 19:38:32,19,6,False
4bcf663f-d977-4672-b9ea-46ad7da7d84f,CUS-01672,583.43,mobile_money,Zamfara,Zamfara-Central,62f20bbb589f3230,2025-01-26 19:40:18,19,6,False
a93bdc0a-a27a-4e67-abec-77f7872b1df5,CUS-01726,315.67,pos,Abuja FCT,Bwari,bd622d69a1d09731,2025-01-26 19:48:02,19,6,False
06da9326-25b4-419e-9621-f390d323f92a,CUS-00951,716536.46,mobile_money,Delta,Uvwie,4973e4e26b1c17dd,2025-01-26 19:53:38,19,6,False
4cf92b95-7925-427f-9736-e603adfea9af,CUS-00833,47132.63,pos,Lagos,Lagos Mainland,3304a5aa1d13da71,2025-01-26 19:59:12,19,6,False
a6e98281-5ff8-40ca-b0f4-d8f4615feb7a,CUS-00467,989.63,pos,Zamfara,Zamfara-Central,bbda5494e485c011,2025-01-26 20:04:50,20,6,False
d64dd3ec-ffaa-4780-97fb-aebca3fd12d6,CUS-01545,255.62,pos,Abuja FCT,Gwagwalada,375992b2e94a47bf,2025-01-26 20:32:36,20,6,False
8d2c0ae4-14f2-4f36-87ae-217588e74cda,CUS-00809,2026.94,pos,Lagos,Ikorodu,db69bf71f5a9ddc6,2025-01-26 20:34:00,20,6,True
e14e60e4-3b2c-4218-a99d-50fb55b9b41e,CUS-01297,635.09,pos,Lagos,Eti-Osa,321568580cd1b7bd,2025-01-26 20:35:25,20,6,False
a6361d98-ce2e-457f-8c88-5bf005f46f71,CUS-01179,75386.87,mobile_money,Oyo,Ogbomoso,d58684393c60ad84,2025-01-26 20:40:14,20,6,False
afa9ac51-f41d-4276-b488-ad39b8c961a6,CUS-00893,642746.56,mobile_money,Rivers,Obio-Akpor,e86cf8938c710ffe,2025-01-26 20:41:02,20,6,False
9ec41fef-e1e0-4b8f-8837-145a3e2a1e68,CUS-00147,4820.53,pos,Abuja FCT,Municipal,8331c4185bef5711,2025-01-26 20:50:39,20,6,False
0996e919-7a94-4013-a923-b41bc9ec0e40,CUS-00778,1242.08,bank_transfer,Ondo,Ondo-Central,734366b03ca116fb,2025-01-26 20:54:28,20,6,False
33ec4a6d-55ca-4293-aa1f-56031dd1ea91,CUS-00597,147843.45,bank_transfer,Lagos,Ikorodu,c0926ee4a0783d90,2025-01-26 21:15:55,21,6,False
b61dc82f-2f93-4987-9aef-8a52ff30ae11,CUS-00273,1182.01,mobile_money,Taraba,Taraba-Central,cccbd53cee404658,2025-01-26 21:19:08,21,6,False
6aab800f-8c3b-487a-824c-6d76a778ca3c,CUS-01662,181.72,pos,Adamawa,Adamawa-Central,5fb1527086435d69,2025-01-26 21:21:42,21,6,False
ba6697e6-cf71-4206-a5d3-9de26bd81fd3,CUS-01881,367.4,mobile_money,Kebbi,Kebbi-Central,cc777f8275aeca85,2025-01-26 21:37:38,21,6,False
4431eb8e-2cb7-4500-940c-494061d43ce1,CUS-00088,96252.39,mobile_money,Niger,Niger-Central,f349a09331d62ed0,2025-01-26 21:47:43,21,6,False
a819ca32-5120-4378-b02b-7be653481a4f,CUS-00015,993938.47,bank_transfer,Lagos,Lagos Mainland,18c3701a26db3a75,2025-01-26 21:49:14,21,6,False
bc1b9772-c954-4046-b0f7-c2c2169622fc,CUS-01812,99039.74,pos,Kano,Fagge,3673738ad941e114,2025-01-26 21:51:00,21,6,True
5d77ab45-f8a0-46fd-bace-7bd186868ba6,CUS-01567,1229.85,mobile_money,Lagos,Ikorodu,30c29ebcbd60bd63,2025-01-26 21:58:44,21,6,False
7c6201c8-359b-4710-af3a-4ea777c7e3e6,CUS-00220,204116.52,mobile_money,Delta,Oshimili South,86abb464750be17b,2025-01-26 21:59:50,21,6,False
317d9ab6-7c8f-4aa3-88c0-4135e0db8d64,CUS-00809,43790.94,mobile_money,Lagos,Kosofe,db69bf71f5a9ddc6,2025-01-26 22:20:00,22,6,True
608f9d18-997f-4963-9641-84aa999e5c8e,CUS-00695,434.14,bank_transfer,Kaduna,Kaduna South,81e192968c626dfd,2025-01-26 22:24:20,22,6,False
2d6d4638-3439-4042-8364-4a7600e56a7f,CUS-00809,70998.36,bank_transfer,Lagos,Surulere,db69bf71f5a9ddc6,2025-01-26 22:32:00,22,6,True
99200217-b35f-49ae-829e-d78d34f8991c,CUS-01924,64200.01,card,Imo,Imo-Central,a05be818d25c27b2,2025-01-26 22:43:11,22,6,False
b181dae2-79f4-42db-a883-af743b5dac31,CUS-00389,3784.5,mobile_money,Benue,Benue-Central,3433de2d776d5914,2025-01-26 22:50:08,22,6,False
e6a5748c-cf3d-43e0-974e-bd6da2403bbb,CUS-01253,370.15,pos,Lagos,Oshodi-Isolo,c8054b1af1495193,2025-01-26 22:57:06,22,6,False
068df62f-5b31-4d07-b210-1e9f8c9ec7b5,CUS-01954,149.82,mobile_money,Ogun,Ogun-Central,bf394652ceb2a1a9,2025-01-26 23:08:13,23,6,False
88e01769-d264-45ab-81f5-59179f72bf58,CUS-01145,479.51,pos,Kebbi,Kebbi-Central,925027ad2e73f2c2,2025-01-27 00:47:20,0,0,False
d6b6cb8b-3401-4035-a437-a790d680dce0,CUS-01900,75633.6,bank_transfer,Oyo,Oyo East,8be9efcf44f18c7e,2025-01-27 02:32:31,2,0,False
aacef87d-960b-4394-ad20-f8d0f6d4d959,CUS-00499,112.4,mobile_money,Ogun,Ogun-Central,24073aefc48b8a94,2025-01-27 03:02:00,3,0,True
bcae42dc-ad5f-46ce-82bf-9cb96aedfca7,CUS-00499,313.25,ussd,Ogun,Ogun-Central,24073aefc48b8a94,2025-01-27 03:23:00,3,0,True
b3223dee-433c-4155-b167-979d0027f896,CUS-00499,327.93,pos,Ogun,Ogun-Central,24073aefc48b8a94,2025-01-27 03:23:00,3,0,True
3d5553e9-fff8-422b-b5cd-5e5b219785ce,CUS-00499,384.86,pos,Ogun,Ogun-Central,24073aefc48b8a94,2025-01-27 03:24:00,3,0,True
1f59abcd-45f4-48ca-b0f2-9cbbdd6bdc18,CUS-00499,460.42,pos,Ogun,Ogun-Central,24073aefc48b8a94,2025-01-27 03:36:00,3,0,True
cdb44c1e-3b14-46aa-b4a7-aa47c5b2cebe,CUS-00499,449.86,pos,Ogun,Ogun-Central,24073aefc48b8a94,2025-01-27 03:38:00,3,0,True
ee9ffe86-52ac-40c2-b73e-3906d5d6d420,CUS-00499,250.99,pos,Ogun,Ogun-Central,24073aefc48b8a94,2025-01-27 03:42:00,3,0,True
bec6c3f8-0c54-4f0f-8760-7c0e6c947371,CUS-00499,236.77,ussd,Ogun,Ogun-Central,24073aefc48b8a94,2025-01-27 03:43:00,3,0,True
58b48e1a-32d0-4592-8ba7-f74abfa38fc6,CUS-01716,40439.72,pos,Lagos,Mushin,876514bdb0606ae7,2025-01-27 06:48:00,6,0,True
df39d8ca-2711-469e-b25d-c7b9ffc0dbc0,CUS-00459,4858.81,bank_transfer,Lagos,Alimosho,ed4e3fe47d06a4a2,2025-01-27 07:30:32,7,0,False
b0fb2602-dce4-47de-afff-23098efd6c31,CUS-00370,27247.58,bank_transfer,Kano,Nassarawa,90ecea92534cd57f,2025-01-27 08:00:00,8,0,True
bbc9a01f-4baf-46b6-b8f3-79bc1186ae00,CUS-01534,68034.33,pos,Rivers,Obio-Akpor,e79d47ca860c90f8,2025-01-27 08:13:57,8,0,False
af7c0cbf-dd22-4e35-bb28-4e165af43a5c,CUS-01716,260.76,mobile_money,Lagos,Oshodi-Isolo,876514bdb0606ae7,2025-01-27 08:18:00,8,0,True
01212ae0-ef58-417d-ae48-61f16cd671bb,CUS-00370,30321.95,pos,Delta,Oshimili South,90ecea92534cd57f,2025-01-27 08:22:00,8,0,True
114a31a4-9c4f-4901-b43f-1d2694a2a70d,CUS-00126,456.94,bank_transfer,Plateau,Plateau-Central,c27704b9a020a1f7,2025-01-27 08:53:01,8,0,False
3c39e4d2-f79f-4579-b56b-b9cbaa1205e2,CUS-01299,4090.29,mobile_money,Edo,Egor,463bb7d0d1220095,2025-01-27 09:01:34,9,0,False
b92d118c-6259-455e-8416-3e4256295785,CUS-01452,15458.88,mobile_money,Zamfara,Zamfara-Central,8af2244a304d26f8,2025-01-27 09:03:25,9,0,False
cf435825-adcc-4c6f-9a23-f36bac4708fb,CUS-01869,84443.24,ussd,Ondo,Ondo-Central,e944f19504bc9d53,2025-01-27 09:06:46,9,0,False
de4e3786-6458-4120-ae41-53fd5e6560a3,CUS-00836,592508.73,card,Taraba,Taraba-Central,ba636c1a13a3a541,2025-01-27 09:11:27,9,0,False
8202b9ac-d8ee-400c-abc5-9b36e2faf8ba,CUS-00930,230690.52,bank_transfer,Lagos,Kosofe,74c22ecde730501a,2025-01-27 09:20:37,9,0,False
5dd8e6b4-5961-4c84-aab6-d37cd83a0974,CUS-01452,191.44,mobile_money,Zamfara,Zamfara-Central,8af2244a304d26f8,2025-01-27 09:23:11,9,0,False
4cea11ea-247b-45a3-a1ce-59d59fdb3809,CUS-00452,127.84,bank_transfer,Rivers,Obio-Akpor,42de18a74e13aeb6,2025-01-27 09:29:31,9,0,False
024931c0-99d1-4deb-97ea-979d9d1cb0dd,CUS-01655,58903.82,pos,Gombe,Gombe-Central,ee689fc86d725bb6,2025-01-27 09:30:27,9,0,False
6d2b7e63-e587-468a-b424-5f329cd5694f,CUS-00112,2097.42,pos,Yobe,Yobe-Central,9b1f8128591d3700,2025-01-27 09:31:52,9,0,False
0383005f-3511-47a0-8ddb-501b8e10c5a4,CUS-00008,37653.85,pos,Kaduna,Zaria,0c54ccb814a42c2d,2025-01-27 09:32:15,9,0,False
39c9665c-4deb-4f7c-a1ec-d32092437826,CUS-00759,64905.54,pos,Imo,Imo-Central,23919a584a845bba,2025-01-27 09:50:23,9,0,False
819a26f7-6824-438f-bb14-b4655a3ef2f2,CUS-00034,2892.94,bank_transfer,Akwa Ibom,Akwa Ibom-Central,16d056fcd36c662b,2025-01-27 09:59:28,9,0,False
7fdc324e-bacd-432d-9811-3a466736468f,CUS-00561,73654.69,mobile_money,Lagos,Kosofe,6b64c305fff4b7c1,2025-01-27 10:06:37,10,0,False
4af97469-43c7-4aac-8a6c-ebc9f0ff3712,CUS-01209,97142.93,bank_transfer,Ogun,Ogun-Central,0bbfc21575dc4370,2025-01-27 10:17:41,10,0,False
d3d129ab-223a-4384-95d2-62eabfa6678c,CUS-00592,7622.61,bank_transfer,Lagos,Ikorodu,739ccc5da6223c73,2025-01-27 10:19:22,10,0,False
04959dba-f12f-4824-b3f2-e730ab5b5a57,CUS-01838,51802.6,pos,Yobe,Yobe-Central,6a7ec85c1aa650c1,2025-01-27 10:27:01,10,0,False
d1e14bec-b489-4df8-ac3f-810965030a06,CUS-00376,910.25,pos,Borno,Borno-Central,30d2cce2a11ef3e3,2025-01-27 10:33:20,10,0,False
19a96bb9-a7fc-4ae8-b51b-0ec8f69b2ced,CUS-01333,221.9,pos,Ogun,Ogun-Central,c2c02e62ca91cd6f,2025-01-27 10:34:16,10,0,False
7bfd1fae-de32-48b2-b31e-044a7d29482e,CUS-01076,262.59,ussd,Rivers,Obio-Akpor,8fb4ce490c245fca,2025-01-27 10:41:29,10,0,False
5804ed44-706c-454a-bcea-5e6f11d5f360,CUS-00824,3456.7,pos,Oyo,Oyo East,e5648df22a55e5b7,2025-01-27 10:45:39,10,0,False
8d097cff-f53c-4044-8b5c-7f03ae0a370e,CUS-00804,2268.48,bank_transfer,Rivers,Obio-Akpor,77e85fd09a04681d,2025-01-27 10:49:24,10,0,False
24a17023-8985-45f7-a70f-9312f5fac321,CUS-01617,3847.12,mobile_money,Delta,Warri South,649e38bb07b7b488,2025-01-27 10:50:51,10,0,False
b5119a1f-c580-487b-8d4f-da672d7314bd,CUS-01225,56737.39,pos,Enugu,Nsukka,a1e9aec4d038252e,2025-01-27 10:52:37,10,0,False
df5cca69-f50b-4885-8d13-ad98fdcb91de,CUS-00745,1394.33,mobile_money,Nassarawa,Nassarawa-Central,29e2cbcd28a19312,2025-01-27 11:05:01,11,0,False
ee36d647-c299-4a17-a41a-6e129392a1ed,CUS-01805,2465.5,card,Abia,Abia-Central,60c5236958f0c092,2025-01-27 11:05:54,11,0,False
827ddb49-c4ad-42a1-bcc0-2a2c5d3a925a,CUS-01562,46555.13,pos,Abia,Abia-Central,30c69cd206591d60,2025-01-27 11:12:53,11,0,False
d81a3813-542b-4ad1-8be9-17ba5b9bf14a,CUS-00848,984124.34,bank_transfer,Abuja FCT,Gwagwalada,b8495cc2e07bf6b9,2025-01-27 11:35:55,11,0,False
f1de7926-d3cc-4c6c-a30f-ec257dcf029a,CUS-01618,9871.08,mobile_money,Oyo,Oyo East,a5d3e4c3c00502e8,2025-01-27 11:44:46,11,0,False
340cced0-da2d-4076-82fd-206dc9222004,CUS-01464,115.64,pos,Ogun,Ogun-Central,4ee532963b3526bb,2025-01-27 11:50:20,11,0,False
bdf6b377-5e5d-4f41-b27e-0d58626982de,CUS-01209,382.83,bank_transfer,Ogun,Ogun-Central,0bbfc21575dc4370,2025-01-27 11:59:10,11,0,False
ab3a280d-929c-4685-90d8-715d89fe3b28,CUS-00063,195.73,bank_transfer,Kano,Gwale,a36558e5a3b91b6e,2025-01-27 12:01:54,12,0,False
c984a55d-93fc-4d66-8e59-de0f44989644,CUS-00407,939.66,pos,Lagos,Agege,9215cf956d43adbc,2025-01-27 12:16:48,12,0,False
a74a2f05-4e95-461a-bcd0-b7fa4a6dd948,CUS-01798,98964.16,pos,Lagos,Ikorodu,da09249edbf8957c,2025-01-27 12:29:02,12,0,False
c5c3a3a2-1391-4c44-9f71-977d500bf38f,CUS-01812,78399.98,pos,Kano,Tarauni,3673738ad941e114,2025-01-27 12:29:17,12,0,False
d8fea5ed-3897-4807-b75a-8ba7227094bc,CUS-01066,2768.5,pos,Lagos,Oshodi-Isolo,49a6701b8f3838cc,2025-01-27 12:30:34,12,0,False
93c754f2-baa6-410a-9576-3ced218f1dfd,CUS-00371,93203.39,pos,Lagos,Ikeja,7db25f91fbf121bf,2025-01-27 12:36:29,12,0,False
c446ef53-5e13-4818-8c38-c5040f86d1dc,CUS-01716,186.08,pos,Lagos,Ikorodu,876514bdb0606ae7,2025-01-27 12:39:00,12,0,True
6809239c-6ed6-4b8c-8e40-61bf14fc02ab,CUS-01326,3921.91,mobile_money,Lagos,Agege,d91f349461d4c224,2025-01-27 13:01:15,13,0,False
950a609b-0024-4235-a9eb-880ad2d4f8b3,CUS-01692,2665.69,mobile_money,Rivers,Port-Harcourt,5b48574b68806858,2025-01-27 13:02:28,13,0,False
9d7fee19-1d96-42da-a94e-2f5e449cfdf2,CUS-01692,288.14,mobile_money,Rivers,Port-Harcourt,5b48574b68806858,2025-01-27 13:03:03,13,0,False
8651c3ed-d3c2-43a7-9ffd-f957d9eac286,CUS-00618,80.29,ussd,Benue,Benue-Central,ef3877fe8a94f510,2025-01-27 13:12:22,13,0,False
7f4802f9-7087-4833-8f92-839a4d9c8ed2,CUS-01059,3732.7,mobile_money,Enugu,Nsukka,e4c835e0fcbbd94b,2025-01-27 13:19:51,13,0,False
e11b11e4-dd98-4694-aa49-7f9b06623085,CUS-00195,87815.21,ussd,Kano,Gwale,34442a744fa9c028,2025-01-27 13:27:49,13,0,False
4362c0ab-5088-47d3-a15d-f4b0a1c66a4e,CUS-00805,732.75,card,Osun,Osun-Central,1bd77958d113fdcf,2025-01-27 13:52:34,13,0,False
36a4c5e2-9a2f-4cb0-982a-59d1e30dce85,CUS-01290,597825.75,pos,Rivers,Port-Harcourt,cd99b4bdf6d249d0,2025-01-27 14:03:13,14,0,False
4c937068-6933-4641-8e54-860e79321556,CUS-01257,62430.16,pos,Abuja FCT,Municipal,77ef1ea1d75fd442,2025-01-27 14:15:31,14,0,False
624c254a-8f2b-4a4f-93cf-38422728da7e,CUS-00739,1648.55,pos,Rivers,Oyigbo,deb40db8640bcb51,2025-01-27 14:25:31,14,0,False
cde3258c-8293-46cc-9779-913162bc2cb2,CUS-01744,579272.99,bank_transfer,Rivers,Obio-Akpor,ab5a10f2aee58b71,2025-01-27 14:27:00,14,0,True
87a606e6-cb83-4cdd-9a1b-bc28815e76be,CUS-01528,1425.47,card,Benue,Benue-Central,f61ecd1138c844c4,2025-01-27 14:28:39,14,0,False
652f5a02-ed74-48a1-a0b3-ff5c676fd94d,CUS-01716,2257.96,pos,Lagos,Surulere,876514bdb0606ae7,2025-01-27 14:30:00,14,0,True
7bc285f9-2bc7-43d3-bef6-d9be31f80a2b,CUS-00112,367.2,pos,Yobe,Yobe-Central,9b1f8128591d3700,2025-01-27 14:46:08,14,0,False
d6154741-617c-4d30-b3a7-757a0ff316d7,CUS-01005,95576.69,mobile_money,Delta,Uvwie,dbe7ce2edc6a7b4d,2025-01-27 14:46:36,14,0,False
083acd2f-b6d0-4855-a1cd-bcbf4354f9ad,CUS-01174,128.25,pos,Enugu,Enugu East,e9982c9770e0c56e,2025-01-27 14:47:42,14,0,False
fe5b359d-2797-4448-992f-3543c9e09b77,CUS-00154,54762.17,pos,Ogun,Ogun-Central,bec8cb887466247e,2025-01-27 14:57:42,14,0,False
76059529-fefa-43c0-9083-ee23d62f032b,CUS-00687,72896.39,bank_transfer,Kano,Nassarawa,861f932bcda67d65,2025-01-27 14:58:34,14,0,False
4eac4f7f-f92a-4b1b-9f5f-90f4a52004d6,CUS-00813,363.79,pos,Adamawa,Adamawa-Central,722ce8c70b4a19cd,2025-01-27 15:00:12,15,0,False
36ea3442-e64e-4f23-93d6-3c1631c0ae10,CUS-01309,4282.2,bank_transfer,Benue,Benue-Central,3f2e55ad5d711bdb,2025-01-27 15:10:52,15,0,False
353f0457-20cf-4372-af79-1062f784bd5f,CUS-01790,3147.35,pos,Lagos,Mushin,451e302ca37d6129,2025-01-27 15:20:00,15,0,False
3ec827e3-8e99-4aa2-804f-47cd5a60ed36,CUS-00628,67286.37,bank_transfer,Lagos,Kosofe,ba556bfeb1b5b580,2025-01-27 15:37:28,15,0,False
0058361a-e743-4e50-9bba-f3acfe881ec3,CUS-01276,26998.93,pos,Lagos,Surulere,990dec7a88b42303,2025-01-27 15:57:32,15,0,False
478bcaa5-9e28-474b-ae26-6313ae1388ca,CUS-00438,35372.35,bank_transfer,Edo,Egor,13939ba62a5e19d3,2025-01-27 15:57:59,15,0,False
992c2556-37f6-498e-8cae-17905ef42bbd,CUS-01980,4017.13,mobile_money,Lagos,Mushin,a42dd9da04c1821e,2025-01-27 16:34:27,16,0,False
59b87295-5470-4ba0-ab3c-f6b2fe6c1a3b,CUS-01730,2207.3,pos,Kano,Fagge,ccdd451e2764643f,2025-01-27 16:39:13,16,0,False
e00161a7-ff7c-42d6-9c5d-fff5ba87d944,CUS-01564,729200.38,bank_transfer,Plateau,Plateau-Central,de56d3da703b6adb,2025-01-27 16:40:08,16,0,False
d6915262-3fa7-4fe1-a209-d2104b7eabba,CUS-01512,4935.62,card,Cross River,Cross River-Central,a41949725c54d7c9,2025-01-27 16:50:52,16,0,False
42a60747-2d3d-41ab-905f-7a02d745c7e7,CUS-01716,629358.49,mobile_money,Lagos,Surulere,876514bdb0606ae7,2025-01-27 16:51:00,16,0,True
a5e71f6f-b398-4274-903b-3318dc6dc4a1,CUS-00001,3744.29,pos,Katsina,Katsina-Central,5aa95e554d626a96,2025-01-27 16:57:16,16,0,False
020f7379-2745-4aae-8b15-f48312c0e7a0,CUS-00126,1415.91,bank_transfer,Plateau,Plateau-Central,c27704b9a020a1f7,2025-01-27 17:03:02,17,0,False
5d923817-80f7-4682-94bf-4041977f2b0b,CUS-01505,1163.54,pos,Rivers,Eleme,9f574008966d27f8,2025-01-27 17:16:51,17,0,False
14e678e3-d0e0-4d46-8113-f72739fb7206,CUS-00413,91489.05,pos,Oyo,Ibadan North,5f8b7caf2b8b3341,2025-01-27 17:31:03,17,0,False
d5c52011-064e-4f47-99b8-3278593f052b,CUS-01716,608.96,ussd,Lagos,Ikeja,876514bdb0606ae7,2025-01-27 17:48:12,17,0,False
959d8ac1-8170-4b3a-9ca0-377ec41137f5,CUS-01082,339990.57,pos,Rivers,Port-Harcourt,ba4abb559ef4a036,2025-01-27 17:55:45,17,0,False
de6afc58-75a6-447d-91a3-c5eea091dfd5,CUS-00703,4363.19,pos,Lagos,Ikorodu,4720b0e4b3263da4,2025-01-27 17:56:57,17,0,False
bc8c6b98-abe8-4faf-bb67-9d5dc3df8d0f,CUS-00293,967485.06,bank_transfer,Rivers,Port-Harcourt,3d5162763556b232,2025-01-27 18:06:05,18,0,False
c5412143-34b2-49d3-9d61-6c6ba784a0e4,CUS-01927,114.01,mobile_money,Abuja FCT,Gwagwalada,f2eeaed31f982ebf,2025-01-27 18:15:44,18,0,False
772de7a8-4108-4014-96a8-bffbeed29422,CUS-00415,480632.15,card,Abuja FCT,Municipal,b708121e15a95f92,2025-01-27 18:20:00,18,0,False
3f1e86bb-b170-418e-83a2-48560b3f4d6e,CUS-00611,614046.85,bank_transfer,Imo,Imo-Central,4fd5ba40c68d9677,2025-01-27 18:21:20,18,0,False
1370f21e-9045-4f48-b610-6808df6e8988,CUS-01868,1148.52,mobile_money,Lagos,Lagos Mainland,a7cd11e4e6a10447,2025-01-27 18:24:47,18,0,False
5eecf52e-c8ed-4ee3-b6d4-cffe3231a8d1,CUS-01716,4586.56,pos,Lagos,Surulere,876514bdb0606ae7,2025-01-27 18:30:00,18,0,True
431844e9-7797-4b47-9795-0aa6f3c17bd2,CUS-00016,4967.46,pos,Kano,Gwale,8af9389512b674d0,2025-01-27 18:38:32,18,0,False
f6a43127-4fe5-44d2-b688-199ce32f5d23,CUS-01556,1604.55,pos,Kaduna,Kaduna South,c43fb64fc547fd6f,2025-01-27 18:39:40,18,0,False
2acebca8-ab0c-4fd9-b9c4-5719a979bd74,CUS-00845,55036.29,pos,Rivers,Eleme,a273ddb69945855e,2025-01-27 18:41:47,18,0,False
c809a77c-1fa7-481e-9d9b-a8d50630822c,CUS-01209,57936.02,pos,Ogun,Ogun-Central,0bbfc21575dc4370,2025-01-27 18:43:06,18,0,False
f0b45929-161e-4bde-8fca-db0adb2b0d85,CUS-01412,483.81,pos,Kano,Tarauni,f6ccae4908f13600,2025-01-27 18:49:33,18,0,False
49835932-248c-4aad-a311-9b71a61f7f68,CUS-00163,336.22,mobile_money,Oyo,Ibadan South-West,8d5738008732b193,2025-01-27 18:59:22,18,0,False
7c025a39-3b2f-4480-933e-1ebf167dce0e,CUS-01716,25708.65,bank_transfer,Lagos,Lagos Mainland,876514bdb0606ae7,2025-01-27 19:06:00,19,0,True
b8f66d89-e174-476e-922f-434db6cd603b,CUS-00518,150.43,pos,Ogun,Ogun-Central,4110312c0dc9f57c,2025-01-27 19:10:00,19,0,True
c2bf865a-85d2-4bbc-9822-fb6515c551c2,CUS-00518,137.29,ussd,Ogun,Ogun-Central,4110312c0dc9f57c,2025-01-27 19:12:00,19,0,True
7140606c-b001-4beb-ab18-9572b4a4704d,CUS-00518,156.68,ussd,Ogun,Ogun-Central,4110312c0dc9f57c,2025-01-27 19:13:00,19,0,True
27dec8a9-f1d7-4c4e-8ddf-f79b5b9de5d8,CUS-00518,151.51,pos,Ogun,Ogun-Central,4110312c0dc9f57c,2025-01-27 19:15:00,19,0,True
6358d2a4-9001-4a2f-a849-7ec00172ed97,CUS-01318,2148.44,mobile_money,Lagos,Eti-Osa,0d53a7e44c1ebaa4,2025-01-27 19:15:00,19,0,False
995ca188-e9a5-4c41-8e60-752bf223a773,CUS-00491,278.66,pos,Enugu,Enugu North,e00eb35a370ee76b,2025-01-27 19:27:32,19,0,False
15793561-8726-48a2-bb02-0a75cc2a03b8,CUS-00518,137.43,ussd,Ogun,Ogun-Central,4110312c0dc9f57c,2025-01-27 19:33:00,19,0,True
823e6460-0763-4b67-a74a-7168886d6acb,CUS-00518,186.3,mobile_money,Ogun,Ogun-Central,4110312c0dc9f57c,2025-01-27 19:33:00,19,0,True
5b99af4b-544d-49b5-a8c9-546f2bf550ed,CUS-00373,383.73,bank_transfer,Anambra,Onitsha North,e49e584a125d0350,2025-01-27 19:37:42,19,0,False
e70bd7dc-cc88-42ed-a79f-03461c52637d,CUS-00878,4214.89,bank_transfer,Lagos,Surulere,fe7bc21e8a9162fe,2025-01-27 19:44:53,19,0,False
3921e009-2cbf-49e6-aa64-75287a881858,CUS-01283,7441.96,ussd,Lagos,Oshodi-Isolo,c5bbd7ccda625b32,2025-01-27 19:48:39,19,0,False
10e5787b-0437-4fe7-af9e-7710e951847a,CUS-01262,79462.85,pos,Kano,Tarauni,1ab742983a1d648b,2025-01-27 19:51:53,19,0,False
35173d36-afbb-4a9e-b16b-d3fbff325b3b,CUS-01414,309.19,mobile_money,Oyo,Oyo East,d4d3c0f8c47d790d,2025-01-27 20:01:42,20,0,False
c680ff01-5a0a-4d4a-b65e-5c1a25070a82,CUS-01183,4654.77,pos,Yobe,Yobe-Central,107d30a4e2840ced,2025-01-27 20:14:01,20,0,False
d0b625dd-edda-430c-a738-9efd523db349,CUS-01504,87498.1,ussd,Rivers,Obio-Akpor,f335f5754e24756b,2025-01-27 20:35:06,20,0,False
27b3fe83-e104-4f1a-a463-08ced5a12a80,CUS-01100,18821.85,pos,Lagos,Lagos Mainland,df1461afa6ea20c9,2025-01-27 20:38:01,20,0,False
32ec69b0-2083-490e-84d9-59e8f3c0f8b5,CUS-01124,94701.2,pos,Delta,Oshimili South,3dbb07609529ef76,2025-01-27 20:39:18,20,0,False
42b9fd3b-662f-47eb-aaee-134f35f3271a,CUS-00433,480119.81,bank_transfer,Lagos,Agege,dc214b9c85be517a,2025-01-27 20:49:00,20,0,True
420aaa04-200f-4a6c-a074-d4a19c6c4bd0,CUS-01221,4856.92,pos,Lagos,Ikorodu,3e2dfe6458677c2a,2025-01-27 20:54:37,20,0,False
cbd743b9-42d8-4bd1-be95-422dda3b0d59,CUS-00727,74285.47,pos,Imo,Imo-Central,5e2631ade3332edb,2025-01-27 20:55:02,20,0,False
514086b7-714d-4fed-a0ce-b3e8703a52f1,CUS-00698,346.36,mobile_money,Lagos,Eti-Osa,5f2762a71ad1b9a9,2025-01-27 20:58:42,20,0,False
e8834e40-e9df-4f48-9051-546f6b3061e0,CUS-01485,9623.84,bank_transfer,Rivers,Oyigbo,25b0414821785e33,2025-01-27 21:01:06,21,0,False
0b610085-f741-4af8-a20e-2c9bec2d6659,CUS-01716,375.14,pos,Lagos,Alimosho,876514bdb0606ae7,2025-01-27 21:02:00,21,0,True
4890ee6d-4b77-48af-bd74-901e41fb6332,CUS-01193,16199.0,pos,Enugu,Enugu North,0a7b88ee0f737985,2025-01-27 21:02:21,21,0,False
2437577c-e3ec-4c59-9ef0-13c7e5f2c67a,CUS-01250,2771.38,bank_transfer,Imo,Imo-Central,0731972790fd691c,2025-01-27 21:08:43,21,0,False
401e3198-f8c7-4939-8379-0a13bc8c198c,CUS-00036,950622.84,pos,Kano,Tarauni,92bbe47fe9f49240,2025-01-27 21:14:53,21,0,False
c0009715-5acd-4dbe-bf8c-6c0d21d01110,CUS-00467,2054.15,pos,Zamfara,Zamfara-Central,bbda5494e485c011,2025-01-27 21:19:43,21,0,False
3ad5d746-c07e-4bc1-a062-0b26b087ea18,CUS-01716,1875.28,mobile_money,Lagos,Surulere,876514bdb0606ae7,2025-01-27 21:30:00,21,0,True
a4eb4916-ff7d-4294-92e1-ae8ea00ea53e,CUS-00473,265.71,mobile_money,Niger,Niger-Central,941680179217c16f,2025-01-27 21:30:58,21,0,False
af6946fb-379a-404c-80f7-67fe683975f7,CUS-01998,23840.64,bank_transfer,Lagos,Surulere,1b723b7d1e316182,2025-01-27 21:33:40,21,0,False
8a7b154b-0c4c-4391-b1bc-9ed2fb81d06b,CUS-01948,37963.15,pos,Kano,Fagge,1441d70925770ee5,2025-01-27 21:34:36,21,0,False
e1cf1d4b-efe0-40bf-8fed-1be2961b16ca,CUS-01996,65970.0,pos,Cross River,Cross River-Central,1c2e0e7a6f265ff1,2025-01-27 21:43:33,21,0,False
191e1bd2-9ed0-484b-85f4-241873f3045c,CUS-00514,4397.58,bank_transfer,Lagos,Lagos Mainland,f596f20231d78a05,2025-01-27 21:45:58,21,0,False
353afd3f-ebe8-4214-b958-d18747f17d4a,CUS-01079,430721.27,ussd,Katsina,Katsina-Central,3e3041f5201f24c0,2025-01-27 21:50:40,21,0,False
5c07b13d-ae31-4e13-8874-e100e530b6c1,CUS-00590,284.58,mobile_money,Lagos,Eti-Osa,6f8c6cb8a638714d,2025-01-27 21:52:01,21,0,False
4c2a0d39-fad3-492f-9f4d-0099408c5aaa,CUS-01405,11460.97,mobile_money,Abuja FCT,Gwagwalada,9033ea62c400217c,2025-01-27 21:57:30,21,0,False
582076fd-7de4-4435-8f63-1990cb25c8be,CUS-00449,84598.85,pos,Lagos,Alimosho,cb29b45a0a9e6da2,2025-01-27 21:59:03,21,0,False
49901a02-0dc0-42b0-8c69-d73f87540ee8,CUS-01716,63909.24,pos,Lagos,Eti-Osa,876514bdb0606ae7,2025-01-27 22:01:00,22,0,True
cf176ba8-0b59-4312-9efa-71057c8a8812,CUS-00481,435.88,ussd,Edo,Oredo,62896152bd82ae30,2025-01-27 22:13:33,22,0,False
32af2dd3-536e-4df5-a054-55b18a1540a5,CUS-01991,17028.09,pos,Lagos,Oshodi-Isolo,abb9607a0f5b6000,2025-01-27 22:48:55,22,0,False
d9e3c921-036e-4752-8240-d8ec14c1574f,CUS-01258,81794.53,pos,Lagos,Mushin,b76535faa81b1618,2025-01-27 23:26:55,23,0,False
3ff84952-6de1-472d-857e-0c14660e0d1e,CUS-01193,1169.53,pos,Enugu,Nsukka,0a7b88ee0f737985,2025-01-27 23:31:11,23,0,False
1be81480-ca09-41cb-a7f4-57166abc7508,CUS-01273,3860.61,pos,Lagos,Ikeja,4a8421a02c35e770,2025-01-27 23:38:30,23,0,False
8d9dfde7-6139-4365-aef2-6d148df079a2,CUS-01987,804926.05,bank_transfer,Abuja FCT,Kuje,a98ca351ffbd4c11,2025-01-27 23:39:00,23,0,False
374cdf3e-d6eb-43de-b5c4-d9ba28749146,CUS-00677,474610.38,bank_transfer,Rivers,Oyigbo,4e9702015e299de8,2025-01-28 01:53:00,1,1,True
f3c8f105-bc4c-4a21-9a96-22827b26eb8e,CUS-01646,115.21,bank_transfer,Lagos,Agege,47fd3830210a5886,2025-01-28 02:02:56,2,1,False
6cca0cf8-1978-4c87-8cc2-5e60d53dcc96,CUS-00215,390.58,pos,Lagos,Mushin,3ce10d63fd005851,2025-01-28 05:02:00,5,1,False
f37fd2c6-a0ef-4a73-9540-33235b13b5f9,CUS-00371,36050.44,bank_transfer,Lagos,Surulere,7db25f91fbf121bf,2025-01-28 05:51:11,5,1,False
f79f6ac4-37d7-41f8-b5a4-f9e155fd963e,CUS-01187,157.58,pos,Lagos,Ikorodu,b3f9592ad1d5de57,2025-01-28 07:02:00,7,1,True
18d7d6df-3d9b-467f-bd58-2ecadad59aef,CUS-00036,358.38,pos,Kano,Gwale,92bbe47fe9f49240,2025-01-28 07:02:00,7,1,True
11749d6a-f24d-4f6b-9aff-79f8f96bf3c2,CUS-01187,366.21,pos,Lagos,Surulere,b3f9592ad1d5de57,2025-01-28 07:05:00,7,1,True
3eba60c9-b661-4f7f-9479-64e7f4130c3a,CUS-01187,468.87,pos,Lagos,Agege,b3f9592ad1d5de57,2025-01-28 07:08:00,7,1,True
bd80669d-d4c6-43b5-94b8-01d371579884,CUS-00036,2616.31,mobile_money,Kano,Gwale,92bbe47fe9f49240,2025-01-28 07:15:00,7,1,True
ff46eeaf-9bea-4139-bef4-4d11611f4ae5,CUS-01187,366.72,pos,Lagos,Alimosho,b3f9592ad1d5de57,2025-01-28 07:32:00,7,1,True
2add3dd2-164d-4b55-b030-d80f8fb3fa23,CUS-01397,21543.73,mobile_money,Lagos,Eti-Osa,0d87b59e6833be9b,2025-01-28 07:37:43,7,1,False
f79489f2-3e67-46d5-a140-185c356c8688,CUS-01187,341.45,pos,Lagos,Surulere,b3f9592ad1d5de57,2025-01-28 07:40:00,7,1,True
107a1883-3465-4f52-94e8-f2d686d5a380,CUS-00974,1535.54,pos,Lagos,Eti-Osa,c996ce5477003036,2025-01-28 08:30:04,8,1,False
8daedb6c-6255-4764-a757-7d43d31a699b,CUS-01558,11644.68,pos,Bauchi,Bauchi-Central,7f04b0f4ed5414f4,2025-01-28 09:05:10,9,1,False
e0648cca-015b-4f02-b710-de1cc4f03aea,CUS-01938,4489.4,pos,Abuja FCT,Municipal,cd875704aee05fcf,2025-01-28 09:09:07,9,1,False
01e6206e-59f3-4e0e-a687-7dedfe634177,CUS-00596,4000.77,pos,Anambra,Nnewi North,f7565e7c280c5847,2025-01-28 09:15:02,9,1,False
512cae7e-11d1-448a-847d-5d9fc5c8d383,CUS-00769,99.49,mobile_money,Plateau,Plateau-Central,2bf4c4b79c399a09,2025-01-28 09:20:04,9,1,False
dd36b823-788f-4d7e-881c-f6ce2d2057d0,CUS-00968,73937.27,bank_transfer,Oyo,Oyo East,585ed5cc12bc5507,2025-01-28 09:27:21,9,1,False
d9d812cf-c50b-4628-b3a8-4046858ff0f0,CUS-00113,53398.78,bank_transfer,Benue,Benue-Central,7424f512c08e218e,2025-01-28 09:31:28,9,1,False
de325d76-2528-4920-912e-3f6253b47937,CUS-00967,87478.07,bank_transfer,Kano,Fagge,6f657410240da930,2025-01-28 09:34:47,9,1,False
ce07ce3e-64af-4e7b-a44b-71f0d5740eef,CUS-00036,2378.14,mobile_money,Kano,Fagge,92bbe47fe9f49240,2025-01-28 09:51:00,9,1,True
7834cdd9-5aea-48fb-a2d9-e603e3a4538a,CUS-01800,1210.0,pos,Cross River,Cross River-Central,495085d7be707495,2025-01-28 10:01:54,10,1,False
e0a6d91d-4de3-4a80-954c-4c116fecf71d,CUS-00552,61908.6,mobile_money,Oyo,Ibadan South-West,39540e3ee814dbfd,2025-01-28 10:05:18,10,1,False
4d407386-de64-47a7-96a2-bdc8eea097e0,CUS-00125,2391.94,pos,Rivers,Eleme,b21c8566ae744018,2025-01-28 10:12:32,10,1,False
11f63e9e-315e-45b8-bec7-9ace934f1cc6,CUS-00668,3631.44,mobile_money,Lagos,Kosofe,5e53bf0f5aecd7ec,2025-01-28 10:15:38,10,1,False
15cf6854-5c5a-4921-9b40-bb6cfba241aa,CUS-01681,235.33,pos,Ebonyi,Ebonyi-Central,90b8992bfab5317d,2025-01-28 10:21:11,10,1,False
faeb1fac-c9cc-4759-af85-a438e93f9b2c,CUS-00558,1349.84,pos,Kwara,Kwara-Central,de6228374a9d4b7e,2025-01-28 10:29:46,10,1,False
95c8728b-f30e-4827-8fd8-aef6bed43f47,CUS-00036,51961.33,bank_transfer,Kano,Nassarawa,92bbe47fe9f49240,2025-01-28 10:32:00,10,1,True
acdd875e-641f-4ead-aa3f-ab51980ffa13,CUS-00927,393.7,card,Oyo,Ibadan South-West,8b5d30c6df5ac645,2025-01-28 10:35:46,10,1,False
02a787cd-4338-457c-9bb4-9da5c87d227b,CUS-01011,282.77,mobile_money,Ogun,Ogun-Central,cce9d1e841c327a7,2025-01-28 10:52:15,10,1,False
0fba6a54-3138-4605-bbca-8de7fe2ba6c9,CUS-01108,4766.54,bank_transfer,Edo,Oredo,eea88849f4648862,2025-01-28 10:56:43,10,1,False
fdeac55c-1c83-4005-9a50-c1a3c71c427e,CUS-01060,82166.44,pos,Kebbi,Kebbi-Central,b82de4bf598b7a40,2025-01-28 11:10:29,11,1,False
56508777-200e-44fd-823b-966c2879d0af,CUS-00331,95938.36,pos,Kwara,Kwara-Central,957709893e267ffb,2025-01-28 11:23:29,11,1,False
0a57ec75-fbdb-471f-8f3e-2219911a3bc0,CUS-00838,82458.21,mobile_money,Oyo,Ibadan North,478f6f1657b2a00c,2025-01-28 11:28:58,11,1,False
a0904646-eaf4-4cd1-83f4-03030f76deed,CUS-00212,3642.29,pos,Delta,Warri South,b5710344f2723025,2025-01-28 11:30:42,11,1,False
d5e94354-09b7-4628-b8f7-c3a6949898b7,CUS-01936,467.0,bank_transfer,Kano,Gwale,75054c6e04621ec8,2025-01-28 11:32:22,11,1,False
6fd39341-9298-405b-8edd-2e982df1c0db,CUS-00665,4379.57,pos,Lagos,Alimosho,5de9972665a5cc39,2025-01-28 11:45:49,11,1,False
fa11f4de-0e04-430b-8b33-701af6a4a771,CUS-00777,1346.07,pos,Ondo,Ondo-Central,51d6d7cec988fd85,2025-01-28 11:52:03,11,1,False
ca29a01d-6ce7-4a0f-b4fa-29e72f683dad,CUS-00146,83055.43,bank_transfer,Kaduna,Kaduna South,ffbadfb973b5ec03,2025-01-28 11:54:56,11,1,False
bff65d73-b6a6-42b9-bc8e-a85772ac931c,CUS-00587,1136.94,mobile_money,Lagos,Agege,fda7cc6b37ded4c9,2025-01-28 12:15:12,12,1,False
bb53983c-388b-40c1-a939-3a1f7830d133,CUS-01896,3286.09,pos,Kaduna,Kaduna South,6c0c831c8a5b6324,2025-01-28 12:24:20,12,1,False
d860dbd8-c2a1-4e7a-8a5c-84a4dc047269,CUS-00897,19141.81,card,Nassarawa,Nassarawa-Central,5b9761b9c452f988,2025-01-28 12:25:14,12,1,False
59d04f20-4cb0-4471-9cc5-e4c12106887b,CUS-00528,4937.85,pos,Lagos,Surulere,97f0bebd566ad442,2025-01-28 12:26:39,12,1,False
ec6febe0-ab64-4464-96da-00aba4566241,CUS-01907,2073.63,pos,Rivers,Eleme,e7b4e56a88b72877,2025-01-28 12:30:57,12,1,False
75ed151e-7313-40e1-b697-cd67312d8484,CUS-00165,1553.76,card,Bauchi,Bauchi-Central,da9388b31798113b,2025-01-28 12:37:02,12,1,False
fc679bc2-cc86-4588-a7d9-c9e509f0c72e,CUS-00562,3696.25,pos,Lagos,Ikeja,5638a1f9b6523012,2025-01-28 12:38:14,12,1,False
2d22d5e1-9c0b-4ca4-a533-706693d77eb1,CUS-00036,2509.35,pos,Kano,Tarauni,92bbe47fe9f49240,2025-01-28 12:45:00,12,1,True
100148e6-bca8-4051-aea2-c5cbbd733455,CUS-00238,127.85,pos,Delta,Uvwie,508e599aa4f29bec,2025-01-28 12:49:39,12,1,False
0fc1a11a-3bb4-4cfd-8476-efe1d991800e,CUS-00184,1825.92,mobile_money,Kano,Nassarawa,2612a20c83785e17,2025-01-28 12:56:18,12,1,False
1b09c6c1-af67-4f9a-92f0-6307d0bdd16c,CUS-01629,460.8,pos,Abuja FCT,Gwagwalada,8db26fd363572d4d,2025-01-28 13:02:44,13,1,False
4590dcb4-170f-4dbf-8dcf-1cb82b805149,CUS-01407,133341.54,card,Benue,Benue-Central,7cec58c867ee345b,2025-01-28 13:03:16,13,1,False
cf48ae14-70b5-4fb5-acda-9d3dd037b6dc,CUS-00036,3878.3,pos,Kano,Gwale,92bbe47fe9f49240,2025-01-28 13:08:00,13,1,True
d5cb437e-7007-482f-b37c-697b17957f1b,CUS-01771,3568.09,ussd,Abia,Abia-Central,9bef20b0925967ba,2025-01-28 13:09:48,13,1,False
61d6847a-5c3e-4d83-800e-2e9f238970f6,CUS-00203,4748.28,pos,Nassarawa,Nassarawa-Central,28e1a249d12d9596,2025-01-28 13:10:26,13,1,False
3da2700e-d561-419a-ba68-b1e7d4466ddd,CUS-01832,67210.65,mobile_money,Oyo,Ogbomoso,b99a33f2ec2ef27d,2025-01-28 13:18:22,13,1,False
e9b2ce1b-8e85-4952-b389-90db5e040761,CUS-00014,3755.51,mobile_money,Lagos,Oshodi-Isolo,22f6bea733e5c873,2025-01-28 13:19:10,13,1,False
0d14f143-3c1c-4ea8-a547-ac811f38945f,CUS-01768,416.28,pos,Rivers,Eleme,b6aa9c1e85e68262,2025-01-28 13:47:25,13,1,False
f3d522de-cfb9-4dc0-bb78-8e60f0ad2667,CUS-01396,2570.77,mobile_money,Rivers,Port-Harcourt,98610eeb8849a59b,2025-01-28 13:47:44,13,1,False
22c75e8e-535a-4542-8a55-45cdd2954647,CUS-00639,3837.64,pos,Rivers,Port-Harcourt,e31599e9b6444d86,2025-01-28 13:55:40,13,1,False
f58e0e4e-c05d-4e74-aea0-3d55f3a74f9e,CUS-00279,48383.24,pos,Imo,Imo-Central,58f65ee3752265ba,2025-01-28 13:57:15,13,1,False
3e0d0e50-05c0-400c-993a-a7e42a9ec293,CUS-01283,3253.56,ussd,Lagos,Eti-Osa,c5bbd7ccda625b32,2025-01-28 14:04:12,14,1,False
7158b4ef-9298-44ea-a602-22bd88a0cf8b,CUS-00305,112.13,pos,Ebonyi,Ebonyi-Central,9e787051cfcebf91,2025-01-28 14:06:33,14,1,False
4cfd8212-c411-4159-b4d4-f7dc940dc251,CUS-00635,32988.74,mobile_money,Abuja FCT,Bwari,d3e87928d9822db9,2025-01-28 14:06:44,14,1,False
979d426b-5547-4fcb-92aa-3cce0b3cadfa,CUS-00036,377.88,pos,Kano,Tarauni,92bbe47fe9f49240,2025-01-28 14:07:00,14,1,True
7a1ea6ff-3260-474c-af1c-4b2d93c941a3,CUS-01000,3370.88,mobile_money,Lagos,Oshodi-Isolo,9b21b53089a7e7c4,2025-01-28 14:07:03,14,1,False
ba6eaf46-ebe3-4d83-b262-bd2b9b2b8129,CUS-01685,835677.42,bank_transfer,Sokoto,Sokoto-Central,445899ed480707b4,2025-01-28 14:07:25,14,1,False
3c9f7c15-a0e9-4921-970b-cba13ed4ee8f,CUS-01639,7525.79,pos,Yobe,Yobe-Central,ae90b6ac4ac47787,2025-01-28 14:27:12,14,1,False
4c3b3a7e-633c-44ca-8e6b-9a40e4973cf8,CUS-01361,2754.04,pos,Lagos,Kosofe,e0a5181f4315f4ad,2025-01-28 14:32:26,14,1,False
532e4b57-7d4b-4f23-8958-d3de8eccdf2e,CUS-01656,327.46,pos,Oyo,Ibadan South-West,860e2d70efd1fbab,2025-01-28 14:37:05,14,1,False
cf360e28-9f97-4d52-8ad0-70838f61af5e,CUS-00778,144.88,pos,Ondo,Ondo-Central,734366b03ca116fb,2025-01-28 14:39:02,14,1,False
b4a47a45-0e57-41d4-9cfc-1ad874400e0a,CUS-01366,1736.71,pos,Ondo,Ondo-Central,bb1761bfcb6e4105,2025-01-28 14:43:20,14,1,False
ffdf87a0-4f42-42a8-a403-7b95040460c5,CUS-00177,38698.87,ussd,Rivers,Obio-Akpor,a4dcc499bf9a97dd,2025-01-28 14:46:29,14,1,False
49f641d9-0d61-4024-9c3f-99078adb0ac6,CUS-00664,235191.53,bank_transfer,Lagos,Kosofe,a0143ffa4ba86491,2025-01-28 14:51:13,14,1,False
ae9a9951-14e3-4588-9a21-de70c404eb31,CUS-01248,328.23,pos,Adamawa,Adamawa-Central,c5a6a2858112bc45,2025-01-28 14:54:10,14,1,False
b8923c83-a019-4013-afd8-dd861bcd5f4f,CUS-01467,1132.61,mobile_money,Rivers,Oyigbo,13aeaced423d48ec,2025-01-28 15:00:38,15,1,False
57499f4f-d481-4cd3-acb4-d901bba78878,CUS-01191,417.32,ussd,Oyo,Ibadan North,371b42a69e8e1d4d,2025-01-28 15:07:08,15,1,False
43206098-53c0-4b9e-9990-6a4101451bd5,CUS-01186,789.8,mobile_money,Anambra,Awka South,6289ff269db8f2ac,2025-01-28 15:09:08,15,1,False
d3665620-9740-4e43-93d0-d68f7348d947,CUS-00848,46997.67,bank_transfer,Abuja FCT,Gwagwalada,b8495cc2e07bf6b9,2025-01-28 15:18:30,15,1,False
6a3740dd-3a98-4123-9c23-36e3892d4786,CUS-00036,3070.15,mobile_money,Kano,Nassarawa,92bbe47fe9f49240,2025-01-28 15:35:00,15,1,True
18065130-0b8a-4eee-8c3a-d426a6ba380e,CUS-00003,29467.48,pos,Kaduna,Kaduna South,18718776213837dc,2025-01-28 15:50:40,15,1,False
a0ff8f49-cd29-453b-a850-f51612cf44e3,CUS-01126,30377.59,pos,Lagos,Alimosho,4dbdfcbd94e9e972,2025-01-28 16:23:36,16,1,False
744e8beb-b013-4af4-9efd-df9822725a4f,CUS-00996,303.16,pos,Taraba,Taraba-Central,7a9b7dbe88f4f124,2025-01-28 16:40:37,16,1,False
20fc5964-75bf-497e-8fb4-40eff1915233,CUS-00528,76557.62,pos,Lagos,Eti-Osa,97f0bebd566ad442,2025-01-28 16:45:57,16,1,False
c9167d8d-203a-4924-9d79-58b0b7396c5e,CUS-00255,1562.93,bank_transfer,Oyo,Ogbomoso,dcacaf3c9934b195,2025-01-28 16:53:06,16,1,False
f4defb6d-a01e-4fec-bc35-0839773062e2,CUS-00111,4759.09,pos,Lagos,Ikeja,b4139af7343c44e3,2025-01-28 16:53:48,16,1,False
418ccc30-6e94-4295-992a-f911603430d9,CUS-00728,5166.04,pos,Lagos,Mushin,10616442c654b4ec,2025-01-28 16:58:36,16,1,False
6133448d-d6c8-4fd1-abc5-2417b468166f,CUS-01093,2155.0,mobile_money,Abuja FCT,Bwari,3c0564b23a094400,2025-01-28 16:58:59,16,1,False
93429d13-0a3d-4a7f-9b18-05a9abd4c5ed,CUS-00083,115.18,ussd,Lagos,Ikorodu,d08d1bc4a38fcfc5,2025-01-28 17:04:01,17,1,False
d04a204c-0c7c-414c-9c2f-48f300b2a835,CUS-01939,62064.96,bank_transfer,Lagos,Alimosho,8768ba6957f10aa1,2025-01-28 17:04:08,17,1,False
f2712461-349c-4639-a05d-a9048feb73a4,CUS-01295,925612.48,pos,Lagos,Ikorodu,ed59bae45fd6a782,2025-01-28 17:05:03,17,1,False
fc5c0b6e-787a-4993-84a2-099e20434d25,CUS-01350,386043.66,pos,Zamfara,Zamfara-Central,7a1763d6a096d54e,2025-01-28 17:12:20,17,1,False
57ae3e4c-c3c0-4215-b361-6e9400595c50,CUS-01070,310.13,mobile_money,Kano,Tarauni,33d5e150880b49ae,2025-01-28 17:12:30,17,1,False
30303f7b-2b75-48a6-a573-0c21162368e4,CUS-00527,68266.73,card,Kano,Dala,48afef767dcffb2e,2025-01-28 17:26:25,17,1,False
f434e4b8-21c1-48dd-a5ef-a068b5a5f546,CUS-01471,1170.62,mobile_money,Osun,Osun-Central,9d63300a6714af82,2025-01-28 17:40:10,17,1,False
c6f8b125-5778-4a69-a0f9-07761903ebb6,CUS-00382,2751.46,ussd,Enugu,Enugu East,6a5ee0585b3d56be,2025-01-28 17:49:22,17,1,False
0723adf9-b7ee-4182-9596-1e8b4dc02386,CUS-01491,1939.97,bank_transfer,Rivers,Eleme,051469751774e3bd,2025-01-28 17:56:08,17,1,False
2877193a-8d89-423a-ba8b-2454ff9dcb33,CUS-00292,818022.13,pos,Plateau,Plateau-Central,49b166c3345c8f4a,2025-01-28 17:57:51,17,1,False
947839ca-98f3-497f-84a9-159b278933cc,CUS-01676,2132.31,pos,Lagos,Alimosho,4cbe72a6e828f405,2025-01-28 17:59:11,17,1,False
66607def-a6b2-44b6-ab52-6001fb387bb0,CUS-00298,64615.11,pos,Enugu,Nsukka,2a174906e6fcc26b,2025-01-28 18:01:57,18,1,False
66099116-00ab-4391-bed4-9db48c6dd1e3,CUS-01212,604.73,pos,Lagos,Alimosho,e5e69af6a4993c4a,2025-01-28 18:03:36,18,1,False
23651c8d-fb3f-4539-a5f9-e07318052cf3,CUS-01493,80568.08,ussd,Lagos,Ikorodu,a9e1d473406f0c83,2025-01-28 18:07:42,18,1,False
5e97fe40-98e2-4c21-ba54-d0af4e454353,CUS-01162,3847.38,pos,Kano,Gwale,4d4fdcee1f176dbe,2025-01-28 18:11:52,18,1,False
20aea5eb-1ae3-42df-a30b-c7abe57ef130,CUS-01085,11713.88,mobile_money,Abuja FCT,Bwari,015ee05e5160a433,2025-01-28 18:12:18,18,1,False
a058c549-13e0-4015-a195-1310d66d92b8,CUS-00783,64872.74,mobile_money,Kano,Tarauni,6bc82361eb609984,2025-01-28 18:12:24,18,1,False
a5d7a27f-4613-4a23-8caf-2501e12a14c2,CUS-01139,4298.38,pos,Kaduna,Zaria,13916b9e716e5198,2025-01-28 18:13:37,18,1,False
d3c7bdb3-3073-4d42-9ac2-5a4b45d74032,CUS-01498,493.93,pos,Rivers,Obio-Akpor,06084f23b47782c5,2025-01-28 18:14:39,18,1,False
1f85c85b-6cdf-47b1-9023-ca8e46758726,CUS-01039,162.13,bank_transfer,Kano,Gwale,f45c910b731e4816,2025-01-28 18:21:52,18,1,False
1e2b6f37-4b12-46bb-98d2-753271ef9e41,CUS-00036,27925.75,bank_transfer,Kano,Dala,92bbe47fe9f49240,2025-01-28 18:32:00,18,1,True
c4854605-821d-45c8-8fe8-35d8cf98bf64,CUS-00731,1133.43,bank_transfer,Benue,Benue-Central,caeb10505ac3e1ce,2025-01-28 18:47:55,18,1,False
53730f76-4ed1-4a7a-8baa-e70c884403d4,CUS-01054,1026.19,mobile_money,Ogun,Ogun-Central,dbecb9c21b3aca89,2025-01-28 18:53:55,18,1,False
b4969625-9809-4e26-8ee8-95e40c380e8d,CUS-00036,338.36,mobile_money,Kano,Nassarawa,92bbe47fe9f49240,2025-01-28 18:54:00,18,1,True
e30dfdd0-c995-48e7-a0e9-66fd794da70d,CUS-01606,19143.47,mobile_money,Lagos,Ikeja,9d2943be2622aa4c,2025-01-28 18:56:09,18,1,False
2fa33a9c-a86b-4056-9fa2-6c910748f8ef,CUS-01665,110.79,bank_transfer,Borno,Borno-Central,f822c218fdd2c293,2025-01-28 18:58:04,18,1,False
5aead6ad-ca16-4ffe-802e-57d8be9851b3,CUS-01012,387.48,pos,Jigawa,Jigawa-Central,620b41a6cde49986,2025-01-28 19:08:56,19,1,False
4c3e2951-9872-4a2f-bddc-e08f5b11a9e2,CUS-00450,446.41,pos,Abia,Abia-Central,866ad03ed8fb0ca4,2025-01-28 19:09:11,19,1,False
92f8dd41-93b2-4065-bb68-cf0d618398cb,CUS-01676,930990.34,pos,Lagos,Eti-Osa,4cbe72a6e828f405,2025-01-28 19:16:41,19,1,False
c8f3656a-83dd-4014-93f9-9c6e6374c682,CUS-00276,337.53,bank_transfer,Imo,Imo-Central,9487056a11d10a77,2025-01-28 19:24:45,19,1,False
43d70560-36ff-442c-90da-89e664304f9b,CUS-01524,36533.03,pos,Abuja FCT,Gwagwalada,e9b082843f2915d1,2025-01-28 19:31:40,19,1,False
168ba297-c5df-4b30-8ded-478d7bb09c7a,CUS-00231,23884.84,pos,Abuja FCT,Municipal,4e6b4b041a5e1044,2025-01-28 19:35:34,19,1,False
24adb1cb-7005-47c7-91f6-fab51df227b7,CUS-00224,4878.81,pos,Kano,Tarauni,4dcb9c5799d8cfbf,2025-01-28 19:40:53,19,1,False
7b514ccd-e32c-4b84-9765-da60a93e18bd,CUS-00652,33781.02,pos,Kaduna,Kaduna South,b53d9478f74db31d,2025-01-28 19:52:05,19,1,False
f5540f42-541a-4aa1-8453-52967cb6fd55,CUS-00860,489.87,ussd,Abia,Abia-Central,0fc42ad3f8af3841,2025-01-28 19:58:12,19,1,False
42fbd37b-7579-4693-81f0-3ed951f427c4,CUS-00733,80391.31,card,Abuja FCT,Kuje,47a5dfc0b178c136,2025-01-28 20:07:25,20,1,False
27b48300-bc67-4c40-8e47-0be25b442ddd,CUS-00177,43405.82,bank_transfer,Rivers,Eleme,a4dcc499bf9a97dd,2025-01-28 20:12:20,20,1,False
23d5bdee-34c1-4ffc-b8e9-97958b1b304d,CUS-00408,60.75,card,Kogi,Kogi-Central,113ca9141230a8f2,2025-01-28 20:12:56,20,1,False
30bea2e0-ee30-4846-924d-0262ffd9af75,CUS-01120,4576.03,pos,Niger,Niger-Central,d82a46dd625584cc,2025-01-28 20:18:51,20,1,False
62338f1a-7931-4ee1-81c9-527edf19b147,CUS-01144,60235.25,pos,Kano,Fagge,79f2ca9dea7f4c82,2025-01-28 20:26:07,20,1,False
7bbc5990-e9db-461d-9b91-93382ac8e12c,CUS-01546,530643.15,pos,Benue,Benue-Central,07f4f42f28f9e9cc,2025-01-28 20:33:50,20,1,False
c5734e4a-a925-455d-9007-b5019288f194,CUS-01479,45788.02,bank_transfer,Rivers,Eleme,ca1f578fbe8c3972,2025-01-28 20:36:29,20,1,False
b4f7040c-56d9-45c6-ba41-300926ccaf62,CUS-01953,398.59,pos,Osun,Osun-Central,dd76f26c9b5be843,2025-01-28 20:42:12,20,1,False
229f31b2-3a04-4502-94e4-c14545851944,CUS-00490,494.05,pos,Abuja FCT,Kuje,559a3ab27e289433,2025-01-28 20:47:43,20,1,False
f180848e-e476-4940-a8f8-b85e44e8625e,CUS-01469,2453.42,pos,Abia,Abia-Central,b7d959007e88c959,2025-01-28 20:47:54,20,1,False
ab59273e-3cf2-44cc-8456-2324e8bf22e3,CUS-00157,1193.56,pos,Kwara,Kwara-Central,5a88b3464efae3ec,2025-01-28 20:55:43,20,1,False
6686f868-32da-4343-9fbb-aad278dbd2b8,CUS-01525,410.11,pos,Kano,Gwale,ebdefd77badb8caf,2025-01-28 20:59:19,20,1,False
aa7583f7-0dfc-4832-bf29-6c2bfddc2de7,CUS-00090,2886.48,card,Enugu,Nsukka,fcd524f43913e0eb,2025-01-28 21:00:00,21,1,True
1408298e-059e-46a0-917b-ac885fb944d2,CUS-01260,225.89,pos,Kano,Fagge,bf2d4785cb46fa2b,2025-01-28 21:02:28,21,1,False
06e5fa17-e1f2-4405-aa8c-719c52834f2d,CUS-00090,817.97,bank_transfer,Zamfara,Zamfara-Central,fcd524f43913e0eb,2025-01-28 21:08:00,21,1,True
29b667bd-9852-4caf-810e-b3067983d7f6,CUS-01538,749207.65,mobile_money,Lagos,Eti-Osa,d7fdd2ae1abcb7e9,2025-01-28 21:09:26,21,1,False
976d1d53-fc17-443d-a0a1-3eefba07cf36,CUS-01684,76719.49,mobile_money,Lagos,Mushin,c502b63d2b4acfae,2025-01-28 21:10:58,21,1,False
a7a6333a-df32-46e9-8834-23ac15475818,CUS-01271,833988.52,pos,Sokoto,Sokoto-Central,7373474fe2ebb6c3,2025-01-28 21:11:42,21,1,False
74eec34b-da52-4d11-81c9-1a7ad1b894c1,CUS-01259,4432.94,ussd,Oyo,Ibadan South-West,43decebaedfb8c27,2025-01-28 21:25:50,21,1,False
21b868de-a53e-4372-a638-65cb19fb9b67,CUS-00093,318.05,bank_transfer,Oyo,Ibadan South-West,05a21485fe081204,2025-01-28 21:26:44,21,1,False
cc9eea99-1d78-4609-b1d5-4f2fc98dbf97,CUS-01634,157.84,ussd,Yobe,Yobe-Central,665b394f3b341135,2025-01-28 21:34:21,21,1,False
1de33bdf-5a13-4078-a5d1-af5b5f1cc5ec,CUS-01800,57009.62,pos,Cross River,Cross River-Central,495085d7be707495,2025-01-28 21:39:59,21,1,False
12d09895-9e18-442d-9faa-808683803070,CUS-01569,129.97,ussd,Abuja FCT,Gwagwalada,21d624bef1726de6,2025-01-28 21:42:39,21,1,False
26a01357-4b6b-44ed-a775-d70d7f81d0a0,CUS-00162,928700.15,mobile_money,Enugu,Nsukka,392a058a52ccbf40,2025-01-28 21:46:54,21,1,False
cb880fb9-c258-4cbc-b7a9-1d3f27b997d7,CUS-01893,659.58,bank_transfer,Lagos,Ikorodu,e9601e9a416b90ba,2025-01-28 21:51:00,21,1,False
aca88574-a13a-4a22-ba4c-c835a775c9b4,CUS-00172,3591.61,pos,Abuja FCT,Municipal,eb1fc4a3af643718,2025-01-28 21:56:12,21,1,False
9c346103-7fcb-437e-a528-7c8de139588c,CUS-00078,20996.09,card,Kano,Gwale,e87b8337b2108fa0,2025-01-28 23:28:04,23,1,False
e9aaa089-7486-48a0-8035-33b92a0d7248,CUS-00625,3050.28,card,Rivers,Oyigbo,1d090ee98ebcd277,2025-01-28 23:56:34,23,1,False
5f8e7e55-b5cd-468b-847c-daa59756f2c6,CUS-00158,72554.6,bank_transfer,Lagos,Mushin,917312f18359f92b,2025-01-29 00:03:19,0,2,False
56b65a2b-6789-49ed-9316-495419503fa9,CUS-00898,475093.24,bank_transfer,Lagos,Lagos Mainland,836f5054e1ab3d9e,2025-01-29 00:06:00,0,2,True
b0813c59-73a0-4e82-a015-54f6a22e3e27,CUS-00288,3088.37,bank_transfer,Kano,Nassarawa,2303bb40e0492b07,2025-01-29 00:23:04,0,2,False
73847b51-c3f4-487e-b1f9-bc9e40cfbede,CUS-00636,4050.93,bank_transfer,Oyo,Ogbomoso,0e03d5f724baf012,2025-01-29 00:37:57,0,2,False
ae0f4300-2fb6-4090-bc1d-002f6d215bd9,CUS-01847,147.93,pos,Lagos,Ikorodu,c635e7b67ef870da,2025-01-29 01:02:00,1,2,True
582a1a32-c5e1-4859-b61e-19714d33264a,CUS-01847,429.74,mobile_money,Lagos,Oshodi-Isolo,c635e7b67ef870da,2025-01-29 01:31:00,1,2,True
380802db-1045-47b8-9745-27c3dc7fa7dc,CUS-01847,339.98,mobile_money,Lagos,Oshodi-Isolo,c635e7b67ef870da,2025-01-29 01:33:00,1,2,True
d1aad5db-9b41-4f1f-ba8d-6024acdfb627,CUS-01847,423.93,mobile_money,Lagos,Surulere,c635e7b67ef870da,2025-01-29 01:33:00,1,2,True
560f15e0-ace1-40d0-99c7-908456fdc470,CUS-01847,496.91,ussd,Lagos,Lagos Mainland,c635e7b67ef870da,2025-01-29 01:39:00,1,2,True
14327a23-444c-41f1-a33d-a4100788382f,CUS-01847,373.96,pos,Lagos,Kosofe,c635e7b67ef870da,2025-01-29 01:44:00,1,2,True
60af1f5e-b0a0-41e7-bb21-ab1937234f36,CUS-01847,339.32,ussd,Lagos,Alimosho,c635e7b67ef870da,2025-01-29 01:45:00,1,2,True
c2e56e9e-fdf4-4303-9a3f-cc173c0cdee0,CUS-01963,378.54,bank_transfer,Rivers,Oyigbo,555417b66f8a3e57,2025-01-29 03:37:13,3,2,False
5ad78e07-5909-4a06-ad8c-1bcf1cbe23da,CUS-01769,2510.0,pos,Rivers,Oyigbo,1118a0d8bb9220e4,2025-01-29 03:50:12,3,2,False
9e961c42-98b9-42d3-814f-92386064aa18,CUS-01445,1677.29,bank_transfer,Lagos,Alimosho,dd998a910227d567,2025-01-29 04:09:09,4,2,False
6672be79-5653-4902-9f26-3bc24f542a87,CUS-01369,940357.78,bank_transfer,Lagos,Alimosho,487afd3a4af3077a,2025-01-29 04:13:00,4,2,True
7e851cc6-445f-4ef4-820d-7333b3a2ac76,CUS-01449,14856.66,pos,Anambra,Nnewi North,1136ae79af32c0d4,2025-01-29 06:29:22,6,2,False
4cc8fc01-846c-4f94-92a2-fed530ba4ade,CUS-01369,79902.12,mobile_money,Lagos,Mushin,487afd3a4af3077a,2025-01-29 07:36:00,7,2,True
a2d2be28-ccb7-4a5d-949d-6ece2a3e19b8,CUS-00529,422.83,card,Zamfara,Zamfara-Central,157f629fa128876d,2025-01-29 08:06:37,8,2,False
21bbb14a-0297-437b-87d8-298817edcc7d,CUS-00256,269.36,card,Gombe,Gombe-Central,08f38bf0cccc23f6,2025-01-29 08:55:16,8,2,False
84ce227f-b4e4-4493-9f91-6f468514ac2d,CUS-00827,95448.47,pos,Oyo,Oyo East,fa17bea891abed61,2025-01-29 09:00:00,9,2,True
46ce77a0-26e3-47fb-ac4d-5d59ea31001a,CUS-01734,35326.4,pos,Lagos,Lagos Mainland,280dbfa5463b5bb0,2025-01-29 09:13:39,9,2,False
36f32998-b52a-4c5d-9e12-d59e759f0398,CUS-01790,173.75,pos,Lagos,Eti-Osa,451e302ca37d6129,2025-01-29 09:19:13,9,2,False
0e422076-956a-46dd-8a2e-c7dce5fd436d,CUS-00827,681.86,mobile_money,Adamawa,Adamawa-Central,fa17bea891abed61,2025-01-29 09:21:00,9,2,True
5b7e5087-1942-45cd-a1e8-62b1a4d63183,CUS-01369,9301.54,mobile_money,Lagos,Surulere,487afd3a4af3077a,2025-01-29 09:28:00,9,2,True
fe0927e7-ab7a-4e10-b194-9f3446bc25b5,CUS-00059,1026.42,bank_transfer,Kano,Tarauni,75d2af6a62a0cb52,2025-01-29 09:32:24,9,2,False
884d5386-608f-4e8c-9ff3-6cc2511dd07f,CUS-00138,483290.34,bank_transfer,Rivers,Obio-Akpor,f79e2765a2b6dbad,2025-01-29 09:37:00,9,2,True
605065cd-03a5-42bb-8714-018388b7af38,CUS-00077,1390.85,bank_transfer,Lagos,Ikeja,002e09c381b02971,2025-01-29 09:41:05,9,2,False
f0c28d9b-444d-4426-8033-2f735cee16df,CUS-00375,85843.45,pos,Kano,Nassarawa,83cdeb9a127a29d9,2025-01-29 09:43:16,9,2,False
9b75bf43-144b-48e1-91be-4ef02cc2d81e,CUS-00623,2441.62,pos,Abuja FCT,Gwagwalada,49247348eeec8a45,2025-01-29 10:04:55,10,2,False
c204f9a4-628f-4dd9-bb00-525171e4beb8,CUS-00799,275.33,pos,Adamawa,Adamawa-Central,9770e4eba99b57b6,2025-01-29 10:11:35,10,2,False
64b55dfe-97da-4085-b785-cb7d4f66478c,CUS-00013,98104.24,pos,Lagos,Ikorodu,c3b8b5c1699a40c1,2025-01-29 10:21:44,10,2,False
884df932-f6d5-408e-8d06-66455faa5533,CUS-01830,635.22,mobile_money,Ekiti,Ekiti-Central,0d66db8252412143,2025-01-29 10:22:43,10,2,False
3284baa9-7407-4e3e-b383-f90f841e5a3b,CUS-01308,11735.78,pos,Kano,Fagge,c99975fc77f75453,2025-01-29 10:24:20,10,2,False
273db149-c1a3-4ca4-be79-8637ca760e90,CUS-00743,1232.24,pos,Abuja FCT,Municipal,3c89eb93ecd23ea3,2025-01-29 10:33:02,10,2,False
c380fd3a-fc32-4a1c-a4f8-aaac0bbf1d2b,CUS-00213,291.02,card,Lagos,Surulere,9a836a307a1dd420,2025-01-29 10:53:12,10,2,False
9ae3efaf-fa13-499b-b7c6-6c95ea8488bd,CUS-01948,4770.04,pos,Kano,Tarauni,1441d70925770ee5,2025-01-29 10:57:46,10,2,False
e2349878-b61f-4a34-a1c0-ea9c76d8a20a,CUS-01546,279632.21,pos,Benue,Benue-Central,07f4f42f28f9e9cc,2025-01-29 11:14:38,11,2,False
110fda2b-e5d9-44ec-81d6-622b6aab4c5f,CUS-00778,274.56,bank_transfer,Ondo,Ondo-Central,734366b03ca116fb,2025-01-29 11:15:41,11,2,False
d0874c22-c78a-456a-bd4e-041dcd4ea31f,CUS-01472,420.17,bank_transfer,Kebbi,Kebbi-Central,c72840e5ddc555fa,2025-01-29 11:29:16,11,2,False
d5366e44-9d4e-40b1-8210-33544d63f8fe,CUS-00425,75.48,ussd,Oyo,Ibadan North,ef34cae7e42e4b03,2025-01-29 11:35:46,11,2,False
9d0c1b19-b768-49f6-ad45-0cd665055897,CUS-01609,63034.66,card,Oyo,Ogbomoso,06948fe1f1b46a75,2025-01-29 11:40:02,11,2,False
17f3a047-c494-443b-b074-e8e2ef7f833a,CUS-00778,150.54,bank_transfer,Ondo,Ondo-Central,734366b03ca116fb,2025-01-29 11:47:20,11,2,False
3a18c55e-91db-4f78-a9b4-0a05925a460a,CUS-01369,95940.99,pos,Lagos,Lagos Mainland,487afd3a4af3077a,2025-01-29 12:00:00,12,2,True
07675fa1-5225-4e4c-8a2d-52245883a986,CUS-00274,3404.56,card,Abuja FCT,Municipal,0043d9354f88a060,2025-01-29 12:02:53,12,2,False
3817b186-43ef-42af-b4a4-1490799c42cf,CUS-01656,235.34,mobile_money,Oyo,Ibadan South-West,860e2d70efd1fbab,2025-01-29 12:17:00,12,2,True
da27d8e9-39ef-4ffe-a4b3-7d4d4e8eb8ef,CUS-01656,440.43,ussd,Oyo,Ibadan North,860e2d70efd1fbab,2025-01-29 12:17:00,12,2,True
d725117f-8c9a-4a41-b4f7-7ca4a150d495,CUS-00328,2241.02,bank_transfer,Rivers,Oyigbo,c6ea48448e01a500,2025-01-29 12:26:13,12,2,False
0b86b2ca-decb-46e9-b32f-305d55439f62,CUS-00057,4025.34,pos,Lagos,Oshodi-Isolo,7176e72fa68d4e40,2025-01-29 12:28:43,12,2,False
1533605a-b7a9-43de-b48f-eb4348dd9c75,CUS-01377,649444.13,bank_transfer,Abuja FCT,Municipal,0df666d41c1ea0b3,2025-01-29 12:30:00,12,2,True
9ef0076c-a25f-490a-a82e-8ed9a1f5de3b,CUS-01178,1142.01,mobile_money,Kwara,Kwara-Central,94f90507e81b387e,2025-01-29 12:33:16,12,2,False
102c7f27-222b-4c40-8d1c-d7dbe7757b33,CUS-00516,3027.53,pos,Rivers,Oyigbo,a9e4532a82bbee62,2025-01-29 12:34:34,12,2,False
94822823-b9f2-489a-989b-0adf2e5d32fb,CUS-00125,242.0,mobile_money,Rivers,Obio-Akpor,b21c8566ae744018,2025-01-29 12:36:28,12,2,False
e056ee1a-5760-4f91-99cd-b44cceeec02e,CUS-00029,2312.94,mobile_money,Lagos,Kosofe,a05457497b410a44,2025-01-29 12:38:16,12,2,False
72fb00d8-e04e-4092-aa24-c5523d54149f,CUS-01656,477.22,pos,Oyo,Ibadan South-West,860e2d70efd1fbab,2025-01-29 12:40:00,12,2,True
e07062fc-7fb0-42a5-b529-9d359a4d9c35,CUS-01618,98283.67,mobile_money,Oyo,Oyo East,a5d3e4c3c00502e8,2025-01-29 12:40:24,12,2,False
d2a27e83-c1a5-43ba-a740-502c77ea22c9,CUS-01656,384.87,ussd,Oyo,Ibadan South-West,860e2d70efd1fbab,2025-01-29 12:48:00,12,2,True
c9a71c20-1439-44f2-a360-0e691ceb7d27,CUS-00638,88981.7,card,Kano,Gwale,10a3f70099baa52a,2025-01-29 12:52:21,12,2,False
6f49b839-ef24-4a19-91cb-474b39c8fab2,CUS-01656,183.32,ussd,Oyo,Ibadan North,860e2d70efd1fbab,2025-01-29 12:53:00,12,2,True
c234f274-edf0-459f-9487-4e328e0bfd5a,CUS-00596,86781.99,pos,Anambra,Awka South,f7565e7c280c5847,2025-01-29 12:54:23,12,2,False
61a06c1c-5393-434c-a4a1-7bcccb263310,CUS-00919,4087.76,pos,Lagos,Kosofe,cf89ee5c3153e958,2025-01-29 12:54:29,12,2,False
1c48f630-8525-446b-9446-58b0241fae50,CUS-01825,3130.77,pos,Oyo,Ibadan South-West,67bd0a3396337975,2025-01-29 13:02:17,13,2,False
72676b09-f6c1-4f9e-a2e5-9d42b92795fe,CUS-01482,45027.28,pos,Oyo,Ibadan South-West,304c1b645c7fc091,2025-01-29 13:12:56,13,2,False
7babfcad-2471-42f7-b1b3-2412f81a8bea,CUS-00342,97155.12,pos,Lagos,Surulere,1ef61af4ad918042,2025-01-29 13:18:55,13,2,False
e5f90365-fa1d-468d-9a0e-3425d96263a5,CUS-01175,4195.64,mobile_money,Oyo,Ibadan South-West,576106d204850a52,2025-01-29 13:31:51,13,2,False
b2de6c71-ea8f-4d3c-b72b-5b828365e532,CUS-00630,4287.61,bank_transfer,Edo,Ikpoba-Okha,44673a08c8fcb028,2025-01-29 13:34:18,13,2,False
902f429f-815a-4d08-9206-3dcb02d3b841,CUS-00332,179.53,bank_transfer,Lagos,Oshodi-Isolo,3fe7ddf458a60195,2025-01-29 13:40:29,13,2,False
b7d6f150-acb4-4012-a468-f936663a2ecc,CUS-01843,2573.2,bank_transfer,Kaduna,Kaduna South,ce512cfe586768b6,2025-01-29 13:43:28,13,2,False
cbcfaa0c-3d8e-46f4-9c3a-9aa82d0f4c13,CUS-00904,18144.13,pos,Rivers,Obio-Akpor,d0e1243f2b62d140,2025-01-29 13:43:35,13,2,False
96080ab3-cd4f-45c5-be03-0d56f6d15a83,CUS-01772,375.8,mobile_money,Niger,Niger-Central,19b1abc87809440d,2025-01-29 13:44:02,13,2,False
06e4f614-5b1c-4917-af27-c4b2cbb2d893,CUS-00357,61.12,pos,Kaduna,Zaria,8638c1721d400034,2025-01-29 13:49:47,13,2,False
a7825f2c-dfe8-4685-b119-133bee32b012,CUS-00970,2665.23,pos,Delta,Oshimili South,c69f331db4db0418,2025-01-29 13:53:51,13,2,False
72a79492-e597-451c-befd-b696149c6cf8,CUS-00629,924367.03,pos,Lagos,Eti-Osa,df45b1aef8e52b4d,2025-01-29 13:56:07,13,2,False
58b02705-3ae1-4751-bfef-a6474580e28d,CUS-01902,4851.39,ussd,Kwara,Kwara-Central,9bf23a682276144b,2025-01-29 14:11:15,14,2,False
6ea80131-d9c9-4bc1-b0ea-8c203ca0c0b0,CUS-01431,4564.33,card,Abuja FCT,Kuje,495d3248fee65305,2025-01-29 14:11:49,14,2,False
1dc248f7-4773-4188-86d9-fb4d6941780d,CUS-01886,69530.5,ussd,Lagos,Surulere,fcdeb95d42646c7b,2025-01-29 14:14:50,14,2,False
ff9d3aad-086a-48c5-b47a-60ccc72d042d,CUS-01369,4352.77,pos,Lagos,Agege,487afd3a4af3077a,2025-01-29 14:23:00,14,2,True
211e2bb9-ce90-4a30-b346-15934b7dcc27,CUS-00612,316.75,pos,Enugu,Enugu East,d6b72576a75baa04,2025-01-29 14:26:37,14,2,False
0c1f4e53-cdf7-4f25-936e-0cb5709b0d01,CUS-00034,697.26,pos,Akwa Ibom,Akwa Ibom-Central,16d056fcd36c662b,2025-01-29 14:36:16,14,2,False
e5c12f1a-6720-4f7c-8b49-fe11b137629e,CUS-01448,100440.07,bank_transfer,Jigawa,Jigawa-Central,61416da760c38dee,2025-01-29 14:47:15,14,2,False
b67216ae-ad2e-4bb5-80b5-7065103a4439,CUS-01197,225.09,pos,Akwa Ibom,Akwa Ibom-Central,5efac0a27f8fb3df,2025-01-29 14:52:14,14,2,False
55ee108f-e6fb-49e7-8018-410e2672c1c0,CUS-00705,2503.34,mobile_money,Ogun,Ogun-Central,0635d7b00630607a,2025-01-29 14:57:44,14,2,False
19b83edf-274b-480b-9938-a2cdce599ae4,CUS-01792,41454.52,bank_transfer,Abuja FCT,Bwari,58f65a3d58004213,2025-01-29 14:59:50,14,2,False
7a5fd06f-67d4-4370-bf5b-ef88b124acf6,CUS-00127,347005.13,pos,Sokoto,Sokoto-Central,8f4bb563c3deb65c,2025-01-29 15:02:21,15,2,False
610963c1-6bc5-43aa-affe-8b353badd82c,CUS-00363,58.24,bank_transfer,Oyo,Ogbomoso,89065733662aeed2,2025-01-29 15:19:43,15,2,False
d1f02345-32ab-49cd-b2cb-5709e93fa9fc,CUS-00529,18758.7,card,Zamfara,Zamfara-Central,157f629fa128876d,2025-01-29 15:24:16,15,2,False
950eb2e8-75b9-4f96-8e4f-ca499d6fb44a,CUS-01913,161.74,bank_transfer,Rivers,Port-Harcourt,bdf92898e045a617,2025-01-29 15:32:20,15,2,False
27822adb-859f-43a5-bc0f-51864bb923e6,CUS-00301,398.81,bank_transfer,Oyo,Ibadan North,4acd84f2fa7ac6df,2025-01-29 15:34:46,15,2,False
2df6bd33-2afb-46f4-90cc-4670e4289d0c,CUS-00619,2309.59,pos,Osun,Osun-Central,c6673cb638a3bb63,2025-01-29 15:37:27,15,2,False
f98a4803-3298-41a8-8470-d742e3dbcfae,CUS-00863,476.4,bank_transfer,Rivers,Eleme,a133f84deb5ccf1d,2025-01-29 15:37:40,15,2,False
0e1463bc-63de-48ae-8b65-fbaa8181563d,CUS-01719,3334.88,pos,Lagos,Surulere,3bca07c7e0c085d6,2025-01-29 15:43:05,15,2,False
d515c9ae-9240-4321-af18-6848bd2a031c,CUS-01031,951028.89,bank_transfer,Kaduna,Kaduna South,b843bc845143730b,2025-01-29 15:46:14,15,2,False
2e267403-f5d1-4e1a-80f5-168b8e81dbb7,CUS-00324,40464.96,mobile_money,Cross River,Cross River-Central,eadd563a73f69909,2025-01-29 16:00:28,16,2,False
d9c9dc3d-fab5-45c3-8167-f988008330fd,CUS-00615,1612.86,pos,Adamawa,Adamawa-Central,70794346772b0ba7,2025-01-29 16:08:31,16,2,False
db4ff914-3f05-4df1-aca6-c631175faeba,CUS-00310,357.16,bank_transfer,Rivers,Port-Harcourt,320091fe12a777cf,2025-01-29 16:12:45,16,2,False
137407e4-b695-4de4-a159-0c4da9d417a2,CUS-01211,62779.33,mobile_money,Abuja FCT,Municipal,17a52123552cece8,2025-01-29 16:17:44,16,2,False
5bc8ad57-88e9-4dbd-b828-6c7354fc689e,CUS-01196,69.81,ussd,Bayelsa,Bayelsa-Central,697b638cd9e27c9f,2025-01-29 16:23:24,16,2,False
1bd3ff2a-8e2a-47ab-bf9b-f3fbcf894103,CUS-00411,36575.25,pos,Katsina,Katsina-Central,a3aa5c70552aaa99,2025-01-29 16:24:51,16,2,False
e678b4af-b94e-4311-b6dc-42340911c957,CUS-01939,546601.97,bank_transfer,Lagos,Ikorodu,8768ba6957f10aa1,2025-01-29 16:26:38,16,2,False
a3f33e6f-1994-4d46-9862-692c8c112e35,CUS-00484,1923.56,bank_transfer,Oyo,Ogbomoso,1cec9d526e5aeb91,2025-01-29 16:26:48,16,2,False
e4007f7a-7bcd-4e75-b7ea-cddd23c2ca54,CUS-01789,453206.52,card,Abuja FCT,Gwagwalada,3cb0b235257beee6,2025-01-29 16:29:21,16,2,False
ae18582c-a7cb-484e-8fc1-e34f9a952e8c,CUS-01297,14566.89,pos,Lagos,Eti-Osa,321568580cd1b7bd,2025-01-29 16:36:23,16,2,False
d4745796-c096-4280-bc31-cd6d29981959,CUS-01803,37653.61,card,Kano,Fagge,c059c9c5a59923b7,2025-01-29 16:42:12,16,2,False
f7930114-2cce-493e-8873-5127a7d14d34,CUS-00260,451.4,mobile_money,Kaduna,Zaria,b36ce793582718ee,2025-01-29 16:42:42,16,2,False
0f43def6-ad2f-4f08-830d-e025559a6053,CUS-00033,402.06,card,Katsina,Katsina-Central,aa5d722eb3b158d1,2025-01-29 16:47:29,16,2,False
3ebc9d5e-5f68-41e7-af2b-748c7776a14f,CUS-01265,310.41,pos,Lagos,Kosofe,3aa6fe9b92916bd6,2025-01-29 16:54:12,16,2,False
74b45e07-6cd9-4219-8ad8-82e73ec0e6b6,CUS-00002,85455.15,ussd,Ondo,Ondo-Central,f91bdce8d9b190e6,2025-01-29 17:08:39,17,2,False
a830270b-46b1-45c4-a0fb-46a7c7fa7e55,CUS-00426,1686.23,bank_transfer,Abuja FCT,Municipal,a6c9458cb98726fc,2025-01-29 17:09:40,17,2,False
6c353b75-27e7-4847-a283-f6a167e1ab7c,CUS-00236,25091.74,ussd,Kano,Nassarawa,a5603aec39b63960,2025-01-29 17:13:58,17,2,False
f9360fd8-aa6a-4eaf-83a0-9955390b98d0,CUS-01846,56334.56,card,Lagos,Surulere,467f415db3efcd6d,2025-01-29 17:17:28,17,2,False
1737d3c6-8d47-48c7-854f-fbdea88eaa1c,CUS-00337,36626.77,pos,Edo,Egor,5f045be513fff636,2025-01-29 17:23:42,17,2,False
1e7b7642-5aab-442c-84b1-0e10a0414b21,CUS-00150,356.25,pos,Kogi,Kogi-Central,d62ade57f04a8d7d,2025-01-29 17:34:49,17,2,False
2e6b3c70-7a5f-45fc-b09c-e8ca9351dde9,CUS-00959,4370.0,mobile_money,Osun,Osun-Central,4636c0b345f47cd9,2025-01-29 17:45:10,17,2,False
27347825-38f1-4192-9272-cde2f92cead0,CUS-01369,4936.67,pos,Lagos,Kosofe,487afd3a4af3077a,2025-01-29 17:54:00,17,2,True
c422974d-238a-44ef-8e56-61d318267735,CUS-01090,51032.46,mobile_money,Enugu,Enugu North,7e20ad09c8305175,2025-01-29 18:00:00,18,2,True
524654b5-4879-4360-8ac9-fa4cc956f546,CUS-00968,444.18,ussd,Oyo,Oyo East,585ed5cc12bc5507,2025-01-29 18:05:15,18,2,False
a49c4e32-0675-4cbb-9270-ed904c82b672,CUS-00192,2048.93,mobile_money,Nassarawa,Nassarawa-Central,3be92bc242be1da2,2025-01-29 18:06:09,18,2,False
fa4c998b-6828-441a-a04c-bb8e81a51f34,CUS-00228,26274.1,pos,Niger,Niger-Central,beaef1b0d933b705,2025-01-29 18:11:42,18,2,False
81722b28-4b38-4611-a4c0-a824c54d05c5,CUS-00924,140363.78,pos,Rivers,Obio-Akpor,d494faa3deaae833,2025-01-29 18:12:51,18,2,False
6fc8cdc3-a34a-40a4-8173-483b8fe0cc9c,CUS-01090,86346.83,bank_transfer,Zamfara,Zamfara-Central,7e20ad09c8305175,2025-01-29 18:13:00,18,2,True
b13a8e76-db3d-4dce-bd8d-3699bc58a428,CUS-01369,28563.69,card,Lagos,Lagos Mainland,487afd3a4af3077a,2025-01-29 18:17:00,18,2,True
2a525a77-29b1-45d0-8a33-af41fae82edd,CUS-00359,54613.8,pos,Oyo,Oyo East,c013c0a17c1c88db,2025-01-29 18:17:46,18,2,False
8ecb9aaa-20a9-43b9-a4d3-5e32187b824b,CUS-01028,1523.93,card,Kano,Nassarawa,daa3a38fbf2b4243,2025-01-29 18:18:47,18,2,False
0324fc50-fe08-4ffb-a8c0-15eb4d6992d3,CUS-01369,4638.35,pos,Lagos,Oshodi-Isolo,487afd3a4af3077a,2025-01-29 18:21:00,18,2,True
6ea28782-9a0a-4677-994a-1b9a3906bad7,CUS-01253,1888.71,pos,Lagos,Mushin,c8054b1af1495193,2025-01-29 18:23:35,18,2,False
f4706dbb-2fda-4d0d-8014-97a6c264e02b,CUS-00414,666415.33,bank_transfer,Enugu,Enugu East,65a27c169aa9b061,2025-01-29 18:26:33,18,2,False
2242b099-d1da-400b-96f2-93b046b76aab,CUS-01828,54158.31,mobile_money,Imo,Imo-Central,d5abe3c4211b70f8,2025-01-29 18:29:30,18,2,False
ac5401e8-57c7-4702-9a05-d04dd24e98a0,CUS-01285,2458.75,pos,Abuja FCT,Gwagwalada,cee16795f7e6c260,2025-01-29 18:30:23,18,2,False
98b53d71-f450-4364-a5a7-e6d4a27a6f26,CUS-00832,2100.83,pos,Lagos,Alimosho,a50745698a3d08e4,2025-01-29 18:34:39,18,2,False
d5c0fb23-9c75-4888-9720-0eb1db98981a,CUS-00104,909338.44,mobile_money,Kogi,Kogi-Central,a3a1376fb84af329,2025-01-29 18:35:11,18,2,False
7e107d3e-c3d7-48d0-a9ce-90c184368065,CUS-01369,69996.74,bank_transfer,Lagos,Oshodi-Isolo,487afd3a4af3077a,2025-01-29 18:36:00,18,2,True
917ac613-2d50-4a01-a31f-faf163a6720d,CUS-00142,4061.96,mobile_money,Abuja FCT,Municipal,105188bd14032836,2025-01-29 18:36:12,18,2,False
bae22886-5acd-488d-97ee-25793baf9dea,CUS-00375,43505.32,pos,Kano,Dala,83cdeb9a127a29d9,2025-01-29 18:39:23,18,2,False
69dc721b-ad58-4765-808c-b84570403af3,CUS-01910,757287.9,pos,Kano,Tarauni,ea6850c62e2c1350,2025-01-29 18:40:02,18,2,False
595d52d9-1eb7-4c6e-863f-be7f837a92e8,CUS-00002,140.93,ussd,Ondo,Ondo-Central,f91bdce8d9b190e6,2025-01-29 18:42:07,18,2,False
8e065974-3081-4bb9-88e6-d64099e706f5,CUS-01088,2364.46,bank_transfer,Ogun,Ogun-Central,2fe4c08d1ce58296,2025-01-29 18:48:29,18,2,False
5f49a108-ccab-4060-997d-13590b2aed74,CUS-01360,4071.4,mobile_money,Taraba,Taraba-Central,b6f6e9047c2792c1,2025-01-29 18:49:56,18,2,False
7579e2ff-ca3c-463c-ab4a-bc9c7654c524,CUS-01486,88227.73,pos,Rivers,Port-Harcourt,68f0f77451d5d2f5,2025-01-29 18:51:00,18,2,False
343c65f4-183c-4af1-b2fe-290499d9006a,CUS-01310,3913.3,mobile_money,Lagos,Eti-Osa,fbf8322e87a45abb,2025-01-29 18:51:10,18,2,False
8ca0752f-c395-414a-8209-db9f7bafd3da,CUS-01285,65227.15,pos,Abuja FCT,Kuje,cee16795f7e6c260,2025-01-29 19:09:17,19,2,False
afb3bb27-de49-40ed-a2a0-a617482582a3,CUS-01878,55931.07,bank_transfer,Kano,Tarauni,2887345003145782,2025-01-29 19:21:14,19,2,False
6c9ee466-d634-4baf-9176-24e4de3e2f29,CUS-01369,1448.04,bank_transfer,Lagos,Ikeja,487afd3a4af3077a,2025-01-29 19:22:00,19,2,True
8e46e2e2-3357-4d61-91c8-df2f70112503,CUS-00989,170645.8,pos,Plateau,Plateau-Central,9f93c7107d5e5ece,2025-01-29 19:27:04,19,2,False
3cc519df-839c-4e43-b4b3-23bace216043,CUS-01259,49523.32,ussd,Oyo,Oyo East,43decebaedfb8c27,2025-01-29 19:34:07,19,2,False
90d12d49-09ce-4b28-974b-cb17e1a67716,CUS-00358,121.49,bank_transfer,Gombe,Gombe-Central,a8241fb952fbd723,2025-01-29 19:39:57,19,2,False
0cf261bd-137c-4764-92c0-dbb867f7542f,CUS-01369,59943.47,card,Lagos,Ikeja,487afd3a4af3077a,2025-01-29 19:43:00,19,2,True
e1026ca2-5bad-4e22-9cf4-6f7d4d46914f,CUS-01488,946.69,pos,Rivers,Obio-Akpor,0a0786a2f6b2a6d2,2025-01-29 19:44:17,19,2,False
7e37bd91-2c7f-4758-b205-b2e339526e8f,CUS-01382,4657.25,pos,Bayelsa,Bayelsa-Central,e574935d513d27c9,2025-01-29 19:46:09,19,2,False
e4ae5c4d-4134-48ec-9744-af7bb9555e0a,CUS-00391,876330.32,pos,Rivers,Obio-Akpor,52e45b3cfc6c465c,2025-01-29 19:46:44,19,2,False
ae1b17ea-9238-415b-9f91-dca3d0d78a65,CUS-01369,205.04,pos,Lagos,Alimosho,487afd3a4af3077a,2025-01-29 19:53:00,19,2,True
1076b51b-f8ea-4ca0-9832-1d7e7fe4a6ab,CUS-01063,2031.68,pos,Rivers,Obio-Akpor,9e1a89fd42d907c4,2025-01-29 20:14:56,20,2,False
ab3b20b4-a98d-431e-be0c-91ab4f26eb72,CUS-01369,2312.25,pos,Lagos,Surulere,487afd3a4af3077a,2025-01-29 20:21:00,20,2,True
5fab5ea5-7717-4452-a014-28abc5293148,CUS-01798,98054.52,pos,Lagos,Mushin,da09249edbf8957c,2025-01-29 20:34:16,20,2,False
83566138-1599-4333-896f-0328f69009a2,CUS-01212,81314.73,pos,Lagos,Ikeja,e5e69af6a4993c4a,2025-01-29 20:37:40,20,2,False
25da3828-fb9c-4c85-ad6f-5e990a914a53,CUS-00852,397.75,pos,Lagos,Lagos Mainland,dd00bd8dbc71a10f,2025-01-29 20:42:49,20,2,False
0e6aaa79-2a43-490e-8f37-820de3105c06,CUS-00139,68.84,ussd,Bayelsa,Bayelsa-Central,1b85d0b8604dea2e,2025-01-29 20:57:40,20,2,False
08ba4d42-1800-4f88-89b4-ea88763da9b5,CUS-00177,98269.7,bank_transfer,Rivers,Obio-Akpor,a4dcc499bf9a97dd,2025-01-29 20:59:48,20,2,False
befb715c-c7c2-4a7f-854a-6b184aef422c,CUS-00197,304.38,ussd,Nassarawa,Nassarawa-Central,5a1a0842daf75e05,2025-01-29 21:01:34,21,2,False
b35ce480-a709-4cfb-b075-3616fbc8f8b8,CUS-00920,185.12,pos,Zamfara,Zamfara-Central,884feff67bc100f3,2025-01-29 21:08:13,21,2,False
9345455d-fb9a-43ef-b87c-d69c00f7dedd,CUS-01047,28769.68,card,Lagos,Alimosho,645338b224542c36,2025-01-29 21:16:32,21,2,False
6018fadc-6d49-4781-9c52-230a2da00d81,CUS-01067,420480.74,card,Lagos,Agege,a6477d2c79391ff0,2025-01-29 21:26:30,21,2,False
dc58426a-2e32-41ae-a50b-be1fe35a851c,CUS-00410,454.2,mobile_money,Kano,Gwale,9f4f4dd35dc18f7d,2025-01-29 21:30:12,21,2,False
e619ca5f-8fe2-44f8-96a2-b7be5c5353ee,CUS-01776,76.63,mobile_money,Anambra,Onitsha North,7c36fdafee67b187,2025-01-29 21:30:16,21,2,False
180a4746-7782-49a4-8ba0-5a5ab9d5f0d0,CUS-01985,1026.67,ussd,Lagos,Oshodi-Isolo,e60e86688a83e9d7,2025-01-29 21:39:58,21,2,False
05056228-ec02-4431-b557-a07d3a19e75e,CUS-01731,171.35,card,Enugu,Enugu East,82c0069192df81b9,2025-01-29 21:55:56,21,2,False
7d298370-3021-4299-bb40-4d470a14d6b1,CUS-01531,66385.19,mobile_money,Kaduna,Kaduna South,83700d33745d5518,2025-01-29 21:56:12,21,2,False
4a2f3e81-8a62-45ff-b747-82e17038389e,CUS-01586,951657.21,bank_transfer,Edo,Egor,ac26d5b5ca0ca689,2025-01-29 21:57:30,21,2,False
9eaf082e-1a3a-4f8f-8190-607afc6579ad,CUS-01369,3701.61,bank_transfer,Lagos,Alimosho,487afd3a4af3077a,2025-01-29 22:03:00,22,2,True
f0b51290-5a1d-44b3-a887-cd8d3a745e1d,CUS-01369,198365.63,pos,Lagos,Agege,487afd3a4af3077a,2025-01-29 22:10:00,22,2,True
8f0a766f-df70-4780-be55-807ecc9f2b05,CUS-00294,2886.32,bank_transfer,Lagos,Ikorodu,b4d76a0aefaa7938,2025-01-29 22:12:06,22,2,False
f57effb8-bd0e-41ed-8a15-ab14c112b05d,CUS-01127,9521.46,pos,Rivers,Oyigbo,82121e9423b06b7e,2025-01-30 00:37:42,0,3,False
b7ae23c0-d2d4-43b9-be93-65a9085c4f53,CUS-01550,33981.46,pos,Katsina,Katsina-Central,fb37de2edf8c3afd,2025-01-30 00:55:04,0,3,False
4976bf52-abfc-469c-82e4-fa3184c939f7,CUS-01187,3652.51,pos,Lagos,Oshodi-Isolo,b3f9592ad1d5de57,2025-01-30 01:35:38,1,3,False
1e33b63c-2a23-4bb1-a2e1-63db656a6ad7,CUS-00609,1496.85,pos,Anambra,Nnewi North,d1e653e0daf0e6cc,2025-01-30 01:36:12,1,3,False
b4162f9c-30da-43ef-a73f-7831febb9b9a,CUS-00211,389324.98,bank_transfer,Anambra,Onitsha North,a37b10c1b0073fe1,2025-01-30 02:01:00,2,3,True
404854b9-1377-4f10-adb4-a41042176f8c,CUS-00401,209889.67,pos,Kogi,Kogi-Central,88de5a0ca9c36515,2025-01-30 02:44:30,2,3,False
99683f5e-bd9a-4393-aac9-93d0c8fd7b90,CUS-01302,4834.01,bank_transfer,Lagos,Oshodi-Isolo,e64a5a877ba327d2,2025-01-30 03:56:07,3,3,False
3bfd26ac-df94-4373-8a24-c690f4c7c33a,CUS-01833,120145.99,pos,Osun,Osun-Central,a73b31364fdacb79,2025-01-30 04:46:35,4,3,False
6f84f802-c986-4557-81db-dcdd5e4b1aa0,CUS-01712,270.82,mobile_money,Abia,Abia-Central,41745fe862a83d71,2025-01-30 05:47:07,5,3,False
442cbc20-30f9-4a3c-8bf2-87968127031f,CUS-01154,37320.45,bank_transfer,Enugu,Enugu North,b6010d549f54bd12,2025-01-30 05:58:30,5,3,False
2079feb0-fa3c-42a1-84ad-07fafb6a9443,CUS-00793,383.68,pos,Kaduna,Kaduna North,e85e2c7fb40f65fb,2025-01-30 06:34:39,6,3,False
1248d1c7-6749-43c7-866a-7ae3c817e483,CUS-01737,987.96,bank_transfer,Lagos,Ikorodu,d65c63cbb8989857,2025-01-30 06:36:00,6,3,True
11cd45d6-52ea-4505-884b-a1aeba43a831,CUS-01864,342898.53,bank_transfer,Ogun,Ogun-Central,30d210bf341300b3,2025-01-30 06:49:00,6,3,True
3ac02903-dc9b-4add-8c67-af63d838edc2,CUS-01892,126.65,ussd,Imo,Imo-Central,6614c00a15167cdf,2025-01-30 07:01:00,7,3,True
6dfa9f62-8f7d-4dbc-aeac-d4452c42d69e,CUS-01892,178.74,pos,Imo,Imo-Central,6614c00a15167cdf,2025-01-30 07:39:00,7,3,True
11550b11-0690-4b84-bf0a-9e07b1944b7a,CUS-01346,79698.13,ussd,Kano,Nassarawa,c0097357ef2523fd,2025-01-30 08:00:43,8,3,False
98f6f962-91d5-4fbe-8ada-add5889354b9,CUS-01737,55424.49,pos,Lagos,Eti-Osa,d65c63cbb8989857,2025-01-30 08:04:00,8,3,True
c96339a4-c004-48e3-8c0f-ecd38f50f56d,CUS-01737,1816.0,mobile_money,Lagos,Oshodi-Isolo,d65c63cbb8989857,2025-01-30 08:04:00,8,3,True
fc7279f3-7090-4d47-bbe1-2e6eb146a89a,CUS-01892,56338.53,mobile_money,Imo,Imo-Central,6614c00a15167cdf,2025-01-30 08:10:00,8,3,True
7a8f463a-8510-4c49-96e0-2f43a3ea03c4,CUS-01737,193.44,mobile_money,Lagos,Agege,d65c63cbb8989857,2025-01-30 08:17:00,8,3,True
e7269881-e946-4a9e-92e7-df6e72ac830c,CUS-01892,4513.53,mobile_money,Imo,Imo-Central,6614c00a15167cdf,2025-01-30 08:19:00,8,3,True
06698678-d762-41c3-8042-550e583bd62d,CUS-01737,185.48,pos,Lagos,Mushin,d65c63cbb8989857,2025-01-30 08:26:00,8,3,True
ccc5ac5d-5b7d-4416-8ffe-d9c240a26429,CUS-01624,72715.82,pos,Lagos,Surulere,766976ee8cdbe429,2025-01-30 09:05:12,9,3,False
168ea1e2-c9fe-4537-b1dc-77ca9eef0f92,CUS-00454,23906.68,bank_transfer,Lagos,Ikorodu,6ef7ad5156b9d3a1,2025-01-30 09:17:45,9,3,False
06b776c8-87e3-416f-887d-bceadee4af4b,CUS-01279,323.46,mobile_money,Abuja FCT,Gwagwalada,b56cc1990c02d164,2025-01-30 09:32:48,9,3,False
f0530de6-4ff7-41f0-a46e-725abdf9212a,CUS-01892,3676.27,pos,Imo,Imo-Central,6614c00a15167cdf,2025-01-30 09:33:00,9,3,True
3d477a5e-d118-41dc-bc5c-85b03904fc37,CUS-00149,1737.41,pos,Kano,Gwale,ab33a8613e43d0f0,2025-01-30 09:40:43,9,3,False
5d9a6fd5-19b7-4479-9892-e34f054da4cc,CUS-01321,92228.22,pos,Lagos,Agege,13cdbc6936f7c1bd,2025-01-30 09:43:54,9,3,False
bc56ef7d-514c-4bbc-af18-69da97f2c07d,CUS-00951,205369.7,mobile_money,Delta,Oshimili South,4973e4e26b1c17dd,2025-01-30 09:55:46,9,3,False
ea99fd92-d0d6-4afd-8df9-a7024b08dd6f,CUS-00014,2389.44,bank_transfer,Lagos,Oshodi-Isolo,22f6bea733e5c873,2025-01-30 09:56:36,9,3,False
cff86cf6-6d95-4ab6-9616-fa871e4d4638,CUS-01885,3733.33,ussd,Abuja FCT,Gwagwalada,18c0900df3cb458f,2025-01-30 09:59:39,9,3,False
071110bc-30af-453e-8d2c-f21989e3706f,CUS-00644,802536.76,bank_transfer,Lagos,Lagos Mainland,02a0acac00402ca5,2025-01-30 10:00:00,10,3,True
c5d1ace8-407c-4345-a645-7e8ec0459b89,CUS-00525,290542.22,bank_transfer,Abuja FCT,Kuje,f40d6919fc724ebb,2025-01-30 10:18:00,10,3,True
b46b9373-8edd-4734-8496-61ed20c821f8,CUS-01756,34944.94,pos,Cross River,Cross River-Central,4992e34bc44b3870,2025-01-30 10:44:17,10,3,False
79d9ef4a-f4de-46fd-bd25-418c3d4f995a,CUS-01892,1495.73,pos,Imo,Imo-Central,6614c00a15167cdf,2025-01-30 10:57:00,10,3,True
5ca00995-427a-42c4-b671-332be7f130a3,CUS-01976,200.63,pos,Kano,Tarauni,51bdf1774320a714,2025-01-30 10:57:35,10,3,False
e8e6bc5e-134e-45a3-8622-96d016bab6b2,CUS-00625,1195.73,card,Rivers,Eleme,1d090ee98ebcd277,2025-01-30 11:01:29,11,3,False
94daaf50-c7be-4301-803e-4eaec0f5189f,CUS-00172,1990.52,pos,Abuja FCT,Kuje,eb1fc4a3af643718,2025-01-30 11:02:57,11,3,False
8c47014e-213a-4f03-94dc-31d006d987f7,CUS-01739,601265.09,bank_transfer,Rivers,Oyigbo,e0adb1db04a2c04e,2025-01-30 11:10:52,11,3,False
e1c77501-06c1-47a9-bed8-ccf6c1c1fe98,CUS-01320,2181.7,bank_transfer,Lagos,Surulere,1cea17001a33563e,2025-01-30 11:15:39,11,3,False
c51021b1-6023-4cd2-9194-b4a4ecb0a8fe,CUS-01297,94625.66,pos,Lagos,Mushin,321568580cd1b7bd,2025-01-30 11:23:02,11,3,False
9a9933cb-e042-442f-a359-3c6c1dad4e92,CUS-01892,4407.33,pos,Imo,Imo-Central,6614c00a15167cdf,2025-01-30 11:30:00,11,3,True
2e6c7f50-14cf-4416-b97a-c9d30ccfa1d7,CUS-00424,986.3,card,Lagos,Mushin,91994fb841d39732,2025-01-30 11:33:27,11,3,False
1a7b0b41-f67d-4736-aa0e-456eb86acdfe,CUS-01902,1801.7,ussd,Kwara,Kwara-Central,9bf23a682276144b,2025-01-30 11:36:32,11,3,False
12a0b60f-b7ce-4ba8-a5a0-7091d3204c8a,CUS-00906,3531.15,card,Plateau,Plateau-Central,98117148c7a5e4fa,2025-01-30 11:42:20,11,3,False
f69f30c7-fcc0-41ea-8074-a03566d72b77,CUS-01892,151.34,pos,Imo,Imo-Central,6614c00a15167cdf,2025-01-30 11:44:00,11,3,True
73b4d8f4-60b3-4776-8b44-f93cab33a68e,CUS-00764,377.51,pos,Lagos,Ikeja,505092f3fbd319a1,2025-01-30 11:47:42,11,3,False
18a33a39-e9a8-482e-b68c-49b6794ebff0,CUS-01527,475.23,mobile_money,Kano,Fagge,1525da85020e4792,2025-01-30 11:49:47,11,3,False
71891c0f-bf06-478a-919c-0d4443109dad,CUS-01598,327.6,pos,Lagos,Oshodi-Isolo,4fb23adca810bdd7,2025-01-30 11:50:55,11,3,False
c09c2ccf-4d6a-406c-a4bd-1d78d082001b,CUS-01412,45989.04,pos,Kano,Dala,f6ccae4908f13600,2025-01-30 12:05:31,12,3,False
1cee5a1e-ea6f-41f0-aa6a-c513bf40154a,CUS-01206,18305.8,ussd,Anambra,Nnewi North,f1b490b78701a7d8,2025-01-30 12:05:32,12,3,False
a85e91f1-686f-4700-9769-588b2dc5074b,CUS-01882,759356.8,card,Enugu,Enugu North,0849820d9e69d4aa,2025-01-30 12:12:46,12,3,False
be15929b-4ca5-4246-929d-f23d9a8d8551,CUS-01451,380.33,mobile_money,Enugu,Nsukka,98ecba8511085cb7,2025-01-30 12:16:28,12,3,False
fd9724fb-5faf-49e6-a945-02789f7dba3f,CUS-01140,482.81,pos,Plateau,Plateau-Central,5f6457a7a17fb30a,2025-01-30 12:17:01,12,3,False
1271fdca-10c7-4aa1-b778-392b80b51736,CUS-01659,25548.59,ussd,Abuja FCT,Gwagwalada,730cfa22f07b1396,2025-01-30 12:37:18,12,3,False
eaeb01fb-7143-4421-85fb-bc1dcf461470,CUS-01096,357843.85,card,Lagos,Ikeja,41d538220b50c361,2025-01-30 12:42:54,12,3,False
c28c0dc6-9ea1-4e03-80ea-c746d147131c,CUS-01737,410692.64,pos,Lagos,Ikorodu,d65c63cbb8989857,2025-01-30 12:47:00,12,3,True
020c0f39-b326-46b0-b7d9-720a5b3d1120,CUS-01737,60476.85,pos,Lagos,Ikeja,d65c63cbb8989857,2025-01-30 12:48:00,12,3,True
2049e13f-d64f-4da2-b461-5609126ceb66,CUS-00924,1967.4,pos,Rivers,Eleme,d494faa3deaae833,2025-01-30 12:54:03,12,3,False
032cbbb9-bee2-4168-b483-a39d8bae603b,CUS-00222,396.9,pos,Lagos,Mushin,03d53dcc4ef59e8b,2025-01-30 13:01:50,13,3,False
3414af8c-dbc7-4e3e-aae6-d77a2f51f804,CUS-00348,15385.48,bank_transfer,Rivers,Eleme,a772237ddffddff3,2025-01-30 13:11:16,13,3,False
ec6b9776-328c-40a7-94c5-ac0a8c1836da,CUS-00136,24357.66,pos,Abuja FCT,Municipal,8489629970648402,2025-01-30 13:31:23,13,3,False
a4c4aadd-ddcf-415f-912b-3c842e101e76,CUS-00767,496.51,pos,Kebbi,Kebbi-Central,b60a92927087472a,2025-01-30 13:37:10,13,3,False
fe3b5ba9-ee15-4e02-ab84-6809b3ba4919,CUS-00844,369699.24,pos,Lagos,Lagos Mainland,c9d69774918bb695,2025-01-30 13:42:55,13,3,False
d6f1c7e8-d492-42f9-bd05-cbd370cea225,CUS-01978,195.26,pos,Kebbi,Kebbi-Central,c9c94165fe4b9e65,2025-01-30 13:47:39,13,3,False
244df0b0-58ec-4456-865f-7cd5c2ed48be,CUS-01972,68352.33,pos,Kano,Kumbotso,148853bb0db7c749,2025-01-30 13:48:14,13,3,False
c9833a02-c107-4d31-b60a-e7bca6bc69f8,CUS-01892,103.08,card,Imo,Imo-Central,6614c00a15167cdf,2025-01-30 13:54:00,13,3,True
de4e5790-c767-470f-ac00-4694d1df9826,CUS-00823,16547.32,pos,Rivers,Port-Harcourt,b3add7a8eb98092a,2025-01-30 13:54:31,13,3,False
95d82a20-bfb3-47f6-b4cd-6ce12f85306d,CUS-00141,1029.21,bank_transfer,Lagos,Mushin,41494816afbde82e,2025-01-30 13:54:58,13,3,False
09c9c3f5-7f13-4d4f-b833-729782b93eba,CUS-01892,193.9,mobile_money,Imo,Imo-Central,6614c00a15167cdf,2025-01-30 13:55:00,13,3,True
6705c93d-f2c5-4473-9e22-2f2604c5dae5,CUS-01621,50636.46,pos,Lagos,Alimosho,8647eebdaf46fec5,2025-01-30 14:15:21,14,3,False
54fccc39-8d77-4eca-b362-f827fda6ee6a,CUS-01265,876022.07,bank_transfer,Lagos,Oshodi-Isolo,3aa6fe9b92916bd6,2025-01-30 14:16:00,14,3,True
51ec2884-b5e5-4a4f-9620-a1613b05d5ac,CUS-01412,60840.04,pos,Kano,Kumbotso,f6ccae4908f13600,2025-01-30 14:29:00,14,3,False
eeb5a8d0-4b84-4018-913a-512a9bc33e49,CUS-01854,19000.93,mobile_money,Adamawa,Adamawa-Central,021da314d09bf6f2,2025-01-30 14:29:45,14,3,False
c94002ab-339f-4f6f-acd2-a6f2295acbc5,CUS-00958,78733.24,pos,Lagos,Lagos Mainland,567a029e445837e0,2025-01-30 14:29:53,14,3,False
d72dc962-17ad-4f70-817e-a6cf04e5aa3e,CUS-00872,853365.45,ussd,Delta,Warri South,07840812b559650f,2025-01-30 14:30:50,14,3,False
6a4c4627-a5b9-42a1-a065-5e7c69656c4f,CUS-01598,823.16,pos,Lagos,Surulere,4fb23adca810bdd7,2025-01-30 14:31:43,14,3,False
3aaf97d4-ef46-41e8-9319-d43a38ccd331,CUS-00420,85759.86,pos,Imo,Imo-Central,76a8c25473272d18,2025-01-30 14:33:08,14,3,False
b55987bb-3097-4f86-8f17-0a7c7db9f6d8,CUS-01837,73088.1,pos,Kano,Tarauni,fa0a2e465d1477fd,2025-01-30 14:35:01,14,3,False
30778119-6804-4f3b-81d1-e51d8660b030,CUS-01497,1469.11,ussd,Abuja FCT,Kuje,978bcb84cb24d195,2025-01-30 14:35:27,14,3,False
7cc32c1c-bfb4-41bb-816f-a5e468921e47,CUS-01197,247.62,ussd,Akwa Ibom,Akwa Ibom-Central,5efac0a27f8fb3df,2025-01-30 14:47:53,14,3,False
eb99bd78-7d4f-49af-bb54-ee36880f1fde,CUS-00029,2917.54,mobile_money,Lagos,Lagos Mainland,a05457497b410a44,2025-01-30 14:55:03,14,3,False
9778f4a9-7bd8-4ecb-814f-3ac818000c5e,CUS-00454,4981.84,bank_transfer,Lagos,Agege,6ef7ad5156b9d3a1,2025-01-30 14:56:24,14,3,False
b22aaa05-ca8d-44ee-b26b-95105a9f6092,CUS-01788,95477.54,pos,Lagos,Surulere,28c66b1dab0a3687,2025-01-30 14:59:41,14,3,False
2c341238-a194-4412-b872-562e03ae26c7,CUS-00297,4076.94,pos,Lagos,Kosofe,71796c290ad9637f,2025-01-30 15:05:34,15,3,False
180b6df4-6464-4fe4-8de2-caaa2e43693e,CUS-00927,861.53,ussd,Oyo,Ibadan South-West,8b5d30c6df5ac645,2025-01-30 15:13:14,15,3,False
15566479-695f-4305-b4a6-c2e66f6bfd87,CUS-00871,10853.31,ussd,Kano,Kumbotso,086966739eb1d2e8,2025-01-30 15:25:47,15,3,False
6d050885-e9d5-4d17-b1ee-26689cd080a6,CUS-00076,96656.18,pos,Abia,Abia-Central,4811e029a88bf94c,2025-01-30 15:29:17,15,3,False
08436999-d83a-4e65-8186-c6c69ce8dd3f,CUS-00978,52.98,mobile_money,Abuja FCT,Kuje,b1eac8f3eae27cb3,2025-01-30 15:32:20,15,3,False
70414310-1457-4b39-b3bb-10fd04f476fd,CUS-00949,4939.25,ussd,Kaduna,Kaduna North,d6bcd438a77f6c9d,2025-01-30 15:35:17,15,3,False
26d89e02-62a1-40ee-bc27-bef0301462c6,CUS-00479,277330.66,mobile_money,Abuja FCT,Kuje,e402b8e4523a2ea0,2025-01-30 15:37:57,15,3,False
a053f84f-6006-4bab-8283-89c1f645a102,CUS-01124,2368.01,mobile_money,Delta,Warri South,3dbb07609529ef76,2025-01-30 15:38:40,15,3,False
1295381a-efb6-41fa-adf1-2935f66715fe,CUS-01724,7183.96,ussd,Anambra,Nnewi North,255cc9f84c700375,2025-01-30 15:50:31,15,3,False
638f7144-be14-491e-946c-e145e1971b40,CUS-01606,44512.58,mobile_money,Lagos,Agege,9d2943be2622aa4c,2025-01-30 15:51:47,15,3,False
6ebc902d-0850-4c5a-bf31-694ea05c856f,CUS-01892,604.37,pos,Imo,Imo-Central,6614c00a15167cdf,2025-01-30 16:13:00,16,3,True
81c1fa66-fadf-46fc-9157-4fa36470c464,CUS-01133,2863.1,bank_transfer,Lagos,Ikorodu,671d3fdaa7c7ef92,2025-01-30 16:26:32,16,3,False
18f644eb-e0dc-4202-b6ec-09b5f9e3d79a,CUS-01156,875298.88,ussd,Lagos,Oshodi-Isolo,031d6ab684c1b05f,2025-01-30 16:27:05,16,3,False
10cf4252-2d6c-448d-9c88-437f1acdd6ec,CUS-01644,3662.96,mobile_money,Lagos,Ikorodu,4eb0e2d037f0c5a2,2025-01-30 16:27:12,16,3,False
34b82f08-577a-4009-9aee-e5f6ce7afc2f,CUS-00930,2126.54,bank_transfer,Lagos,Ikeja,74c22ecde730501a,2025-01-30 16:27:24,16,3,False
da052b9a-1f0f-4d2e-a8b2-1bcd2ce9b43a,CUS-00933,4115.1,bank_transfer,Oyo,Ibadan South-West,e024c9658ed25f99,2025-01-30 16:53:31,16,3,False
bc98d73f-6205-4e73-bacb-a3871ac51a35,CUS-01892,427.22,ussd,Imo,Imo-Central,6614c00a15167cdf,2025-01-30 16:55:00,16,3,True
32d77c61-ff1a-4035-834e-5f36be3eacee,CUS-00471,64153.8,card,Bayelsa,Bayelsa-Central,7a9eeef4f46a3321,2025-01-30 16:58:47,16,3,False
d08715ed-c4db-434b-bfea-ddb0b5bfec03,CUS-01382,56834.15,pos,Bayelsa,Bayelsa-Central,e574935d513d27c9,2025-01-30 17:03:17,17,3,False
b1a7aa4c-4243-4efe-88b9-65b6ea839dc0,CUS-00925,2180.02,ussd,Lagos,Oshodi-Isolo,2cefba7709b5a566,2025-01-30 17:07:16,17,3,False
01e9926a-fe35-460d-a680-a054bc86671b,CUS-00707,31486.02,pos,Benue,Benue-Central,ed8aa376fb7b4e17,2025-01-30 17:32:08,17,3,False
4daefe3d-3e66-4964-a724-a1f2af3bea70,CUS-01342,68.48,bank_transfer,Zamfara,Zamfara-Central,31b1f39dd3d30b05,2025-01-30 17:32:57,17,3,False
622167aa-2f10-4726-b802-3de7fe77456d,CUS-01716,381.22,pos,Lagos,Surulere,876514bdb0606ae7,2025-01-30 17:46:08,17,3,False
30a553fe-ee9a-49af-84e7-8540fceb74ec,CUS-01074,213.13,bank_transfer,Ogun,Ogun-Central,116b5e1551705cfb,2025-01-30 17:59:27,17,3,False
ecebf77c-ed50-49f0-80e6-3635a22d0f9a,CUS-00022,97821.67,ussd,Kano,Nassarawa,790afffe6907fb50,2025-01-30 18:06:38,18,3,False
ed27424b-8cdd-4565-b5b0-c51143fca98e,CUS-01892,526.9,bank_transfer,Imo,Imo-Central,6614c00a15167cdf,2025-01-30 18:12:00,18,3,True
cfcf118c-1f03-4ae4-98fb-9a27233bdb97,CUS-01025,414.45,pos,Abuja FCT,Municipal,684ecec19204396e,2025-01-30 18:20:21,18,3,False
43a6db96-50f7-4bc1-b36d-0f13fe0abed3,CUS-01515,90018.39,ussd,Lagos,Mushin,a431e97b4e692b20,2025-01-30 18:24:00,18,3,False
3ca778aa-1424-4bb9-8b01-fa24fb8fa433,CUS-00974,348.67,bank_transfer,Lagos,Mushin,c996ce5477003036,2025-01-30 18:26:50,18,3,False
fffcd310-4162-4402-9c7c-f98c26ca63ce,CUS-01737,853594.42,pos,Lagos,Lagos Mainland,d65c63cbb8989857,2025-01-30 18:37:00,18,3,True
2c1b85b8-18f6-4359-a70a-2b953d385a9d,CUS-01737,166.0,ussd,Lagos,Alimosho,d65c63cbb8989857,2025-01-30 18:43:00,18,3,True
20c64916-c5f1-4010-a787-2e648aed8bdc,CUS-00528,1875.5,pos,Lagos,Surulere,97f0bebd566ad442,2025-01-30 18:43:31,18,3,False
7a9827a5-1c9d-472d-9755-66540acf4c3e,CUS-00787,401.59,card,Rivers,Obio-Akpor,f8a43fab67f661de,2025-01-30 18:43:42,18,3,False
c446f8ba-2857-4321-9b57-ea64d7a3dd74,CUS-00995,197.41,ussd,Lagos,Mushin,5fae574986916801,2025-01-30 18:44:39,18,3,False
bf053c35-c5e1-43bf-9c51-476ddc51a382,CUS-00577,1683.16,mobile_money,Yobe,Yobe-Central,df62100e4e6a9cf9,2025-01-30 18:55:42,18,3,False
aea6ea5f-1e2b-4257-853d-1af1a8abc481,CUS-00650,202.16,pos,Lagos,Surulere,a7107ef719a58b4f,2025-01-30 18:56:35,18,3,False
2b2751f4-9a0a-4264-81b8-747073c9a5e2,CUS-00006,3074.4,bank_transfer,Lagos,Oshodi-Isolo,8e398bc1cbdc78d0,2025-01-30 19:05:28,19,3,False
6c549cce-e704-45cb-b198-e5a455f4c13f,CUS-00594,56.6,bank_transfer,Nassarawa,Nassarawa-Central,62169e9b81a796c6,2025-01-30 19:08:01,19,3,False
5eb887e0-3136-4648-8d36-d60fcee8d5ff,CUS-00307,56123.02,bank_transfer,Kano,Fagge,6d0a82c927ff5ec6,2025-01-30 19:26:23,19,3,False
886c0263-73c8-4ada-8db1-238a731b96b8,CUS-01557,237.77,bank_transfer,Rivers,Obio-Akpor,581d8d836fa71304,2025-01-30 19:28:36,19,3,False
c2c07952-4113-460f-9918-1baca9f4f2c0,CUS-00337,244721.53,pos,Edo,Ikpoba-Okha,5f045be513fff636,2025-01-30 19:30:18,19,3,False
483d50f9-cad2-4c42-81d2-eb219f2c1ae8,CUS-01212,3037.19,pos,Lagos,Agege,e5e69af6a4993c4a,2025-01-30 19:37:40,19,3,False
b9be834a-bdb3-47ae-a09a-e1b72275fd65,CUS-00148,4450.01,bank_transfer,Lagos,Eti-Osa,60928649e7eb9481,2025-01-30 19:43:26,19,3,False
9fc6020b-f1ce-452b-8036-08eca0175249,CUS-00445,4356.29,pos,Jigawa,Jigawa-Central,76846c6ed170527d,2025-01-30 19:44:42,19,3,False
77181aec-e2e1-432c-9ba8-b8fac1185f97,CUS-01593,1851.05,bank_transfer,Lagos,Oshodi-Isolo,fe285f055c45f3de,2025-01-30 19:53:03,19,3,False
e035a7b6-b431-4ea1-ae8d-9a3d88a1c8c0,CUS-00903,3912.22,bank_transfer,Oyo,Oyo East,e707cda42c6fc450,2025-01-30 20:09:35,20,3,False
e3e94892-548d-423f-a0b5-9e5bdc86fb92,CUS-00474,2762.4,bank_transfer,Oyo,Oyo East,1ff434af9688f99c,2025-01-30 20:16:33,20,3,False
424c94f9-6ee8-4b5d-9b08-7183e3f29b24,CUS-01705,63846.06,ussd,Lagos,Mushin,7bb389bdf6256bbf,2025-01-30 20:18:50,20,3,False
d7908a82-0983-4279-9fba-15f399e480e1,CUS-00807,252.29,pos,Adamawa,Adamawa-Central,6ca70bc1ee1a4e1e,2025-01-30 20:30:27,20,3,False
fbe3acc2-bc1b-4578-b26d-b0670b1d2895,CUS-00520,198.4,mobile_money,Kaduna,Kaduna South,adae2c28918ee49e,2025-01-30 20:48:15,20,3,False
574d59d7-b8f0-426e-9909-338a4bd8cff2,CUS-00211,47192.66,mobile_money,Anambra,Nnewi North,a37b10c1b0073fe1,2025-01-30 20:55:33,20,3,False
1da3da44-3b57-4a8e-b686-7190f2359957,CUS-01737,4899.43,bank_transfer,Lagos,Kosofe,d65c63cbb8989857,2025-01-30 21:00:00,21,3,True
c2202836-cd15-4941-9204-07c2ac2d767f,CUS-00304,345.73,ussd,Ondo,Ondo-Central,283deccb36c7b95c,2025-01-30 21:03:00,21,3,True
3a2fddd4-ed9a-4a73-8eaa-730682538257,CUS-00304,340.42,ussd,Ondo,Ondo-Central,283deccb36c7b95c,2025-01-30 21:03:00,21,3,True
9fd80e0e-5969-4ccf-ba13-66763a4a9c28,CUS-00304,119.42,mobile_money,Ondo,Ondo-Central,283deccb36c7b95c,2025-01-30 21:11:00,21,3,True
094f001e-bc9d-4c9f-a323-663871153e9b,CUS-01912,430.75,pos,Ogun,Ogun-Central,24c0dd025673a221,2025-01-30 21:17:01,21,3,False
5065461e-a7aa-42ec-b934-767012f4586f,CUS-01690,4959.72,mobile_money,Lagos,Agege,4973206afd627a10,2025-01-30 21:17:37,21,3,False
903e64ce-57a1-42c3-ab43-2fc7ed4eb78c,CUS-01054,194.03,mobile_money,Ogun,Ogun-Central,dbecb9c21b3aca89,2025-01-30 21:18:07,21,3,False
3d425be1-c73e-4314-842c-b30c0a75cb80,CUS-01742,27228.53,mobile_money,Kwara,Kwara-Central,d2a3e6ca8f72aef1,2025-01-30 21:19:08,21,3,False
53a47c01-4fd0-414c-b21d-0d2e49f711fa,CUS-01997,416.47,pos,Lagos,Kosofe,8252b5622bd82ebb,2025-01-30 21:21:19,21,3,False
a535a791-88b1-4fe4-b6df-8ff3d4085fcb,CUS-00219,2436.55,pos,Borno,Borno-Central,ab7212d149ded51a,2025-01-30 21:22:11,21,3,False
2322cd2a-481b-4a3a-8123-3a29258e8a47,CUS-00223,1109.06,pos,Rivers,Eleme,c12a7918695dc12e,2025-01-30 21:23:00,21,3,False
d3831c4b-558d-442b-9103-cd5da5d330b3,CUS-00304,494.42,pos,Ondo,Ondo-Central,283deccb36c7b95c,2025-01-30 21:23:00,21,3,True
e7e5e66a-6481-4750-95e5-fcbb4a2fb4f1,CUS-01530,18720.19,pos,Kano,Gwale,df8f607a09b331bd,2025-01-30 21:23:19,21,3,False
9a45ea4e-6925-4cfc-863f-497e0b5352e0,CUS-00304,403.66,mobile_money,Ondo,Ondo-Central,283deccb36c7b95c,2025-01-30 21:26:00,21,3,True
8b9a7f6d-b201-4820-89ec-62a19b12fc55,CUS-00304,489.43,ussd,Ondo,Ondo-Central,283deccb36c7b95c,2025-01-30 21:28:00,21,3,True
c90c3ba4-cfbe-4595-99a5-ad67c4b8a078,CUS-01833,235.18,pos,Osun,Osun-Central,a73b31364fdacb79,2025-01-30 21:29:37,21,3,False
45c77af2-bc47-431f-bf51-db77c8e20f06,CUS-01506,1311.62,card,Oyo,Ogbomoso,efe1b8482f5357dc,2025-01-30 21:37:04,21,3,False
d4d295ab-5e73-4472-9941-5bdfbf742483,CUS-01505,57.19,bank_transfer,Rivers,Oyigbo,9f574008966d27f8,2025-01-30 21:38:38,21,3,False
24e6856b-11c2-4824-a0d4-c915e0dc0938,CUS-01046,23277.03,bank_transfer,Lagos,Kosofe,c52f52dc913fa04c,2025-01-30 21:39:29,21,3,False
044c1732-48aa-48a2-879a-d5122ac5872c,CUS-00356,784.6,ussd,Lagos,Agege,887a44be65fd4c5e,2025-01-30 21:41:11,21,3,False
351dc4f2-93d9-4349-8824-c4886123258b,CUS-00304,448.21,pos,Ondo,Ondo-Central,283deccb36c7b95c,2025-01-30 21:43:00,21,3,True
96c7364f-c697-4ff9-bd45-b554b26b588b,CUS-00304,155.05,pos,Ondo,Ondo-Central,283deccb36c7b95c,2025-01-30 21:47:00,21,3,True
9011e32e-78d1-41af-8a5d-1185657b3e53,CUS-01903,3433.97,pos,Lagos,Agege,c66db09d52261777,2025-01-30 21:52:01,21,3,False
94b61433-2e6d-418f-b771-7185c9863034,CUS-01892,29154.28,ussd,Imo,Imo-Central,6614c00a15167cdf,2025-01-30 21:55:00,21,3,True
4b1eafb5-3504-4179-a8d2-fe24c618383f,CUS-00650,42372.56,pos,Lagos,Ikeja,a7107ef719a58b4f,2025-01-30 22:32:00,22,3,False
8e2e523c-83e8-4659-b250-302c3746797f,CUS-01737,92.46,bank_transfer,Lagos,Ikeja,d65c63cbb8989857,2025-01-30 22:57:00,22,3,True
822a0f8b-5cbe-4564-b24e-9e8a6c6b771d,CUS-01556,13733.66,pos,Kaduna,Kaduna South,c43fb64fc547fd6f,2025-01-30 23:25:07,23,3,False
e654ced9-5eb0-42b9-bc21-d758273f1cd0,CUS-00472,2652.62,ussd,Lagos,Alimosho,56988587362d6b60,2025-01-31 02:27:43,2,4,False
a3095ae6-526c-4bb0-a58f-7ad432764e08,CUS-00239,4993.23,pos,Lagos,Ikorodu,a18fc29097aafe72,2025-01-31 03:12:20,3,4,False
50a1e713-3400-4a45-9d42-a4e8f890d926,CUS-00514,95631.5,bank_transfer,Lagos,Agege,f596f20231d78a05,2025-01-31 04:36:26,4,4,False
db167611-0e04-4135-a10a-be850b3447e1,CUS-01851,118519.99,bank_transfer,Benue,Benue-Central,d3e748409aa8c63f,2025-01-31 06:05:00,6,4,True
008d3239-dc0c-406d-a791-ad6943835638,CUS-01851,23602.21,mobile_money,Benue,Benue-Central,d3e748409aa8c63f,2025-01-31 06:23:00,6,4,True
ee84e11a-d22f-4ebd-a933-70423ade81af,CUS-01851,1198.72,card,Benue,Benue-Central,d3e748409aa8c63f,2025-01-31 07:08:00,7,4,True
62f7cd28-30b9-4a3e-bbcf-2cca13f813ce,CUS-00581,32788.42,ussd,Ekiti,Ekiti-Central,776ab7b687026c79,2025-01-31 07:19:23,7,4,False
4c54d402-3d17-479d-bab6-65335f54357a,CUS-01497,293.4,card,Abuja FCT,Gwagwalada,978bcb84cb24d195,2025-01-31 07:25:00,7,4,True
279b7ca9-b2f6-43c5-b22e-fad34bccf57d,CUS-01518,16445.54,pos,Lagos,Ikorodu,25b3afc72feb3e62,2025-01-31 07:42:25,7,4,False
c2fa9ddd-120d-4e70-917d-c8cc8bd4f65e,CUS-01497,3802.95,pos,Abuja FCT,Municipal,978bcb84cb24d195,2025-01-31 07:45:00,7,4,True
5d02a1b2-741c-427d-95db-df4ca4d8e295,CUS-00944,19690.8,bank_transfer,Lagos,Alimosho,50fc92000a61d043,2025-01-31 07:56:00,7,4,True
a9617a9d-d0cd-44e1-99ad-6a193380fd8e,CUS-00895,35155.29,mobile_money,Kano,Kumbotso,f7e2a24175197bc0,2025-01-31 08:00:00,8,4,True
cdaf7660-af65-47d4-948c-5addb8460828,CUS-01497,2340.74,ussd,Abuja FCT,Bwari,978bcb84cb24d195,2025-01-31 08:11:00,8,4,True
d479fedc-b94e-44f7-a9f3-40f61e917bca,CUS-01497,34951.86,pos,Abuja FCT,Gwagwalada,978bcb84cb24d195,2025-01-31 08:14:00,8,4,True
15415146-8ef6-4024-a812-9f6cf0fbfd51,CUS-01497,365972.83,mobile_money,Abuja FCT,Bwari,978bcb84cb24d195,2025-01-31 08:17:00,8,4,True
639e04b5-fa75-4a37-89ac-3cba765f9e88,CUS-00895,2488.46,pos,Delta,Warri South,f7e2a24175197bc0,2025-01-31 08:24:00,8,4,True
0c5a8028-d5bf-4900-b16f-d91f633f6d76,CUS-01497,267.71,bank_transfer,Abuja FCT,Bwari,978bcb84cb24d195,2025-01-31 08:34:00,8,4,True
f17afc66-8b1c-4d27-9227-04649d1e4a89,CUS-00944,61501.37,mobile_money,Lagos,Alimosho,50fc92000a61d043,2025-01-31 08:46:00,8,4,True
fd27f6eb-4d9c-4e1a-87e1-6058fe411ebf,CUS-00111,94.48,pos,Lagos,Kosofe,b4139af7343c44e3,2025-01-31 08:50:36,8,4,False
d1c83b36-0c8a-4b75-8160-6b7a32515d65,CUS-01851,471.93,mobile_money,Benue,Benue-Central,d3e748409aa8c63f,2025-01-31 08:51:00,8,4,True
df63944d-79e6-4d65-bcb2-4aa4be21e3d4,CUS-00944,4786.81,pos,Lagos,Oshodi-Isolo,50fc92000a61d043,2025-01-31 08:56:00,8,4,True
a097668a-542d-4b9a-bb13-3ceb2c66d725,CUS-01143,292015.04,mobile_money,Oyo,Oyo East,2a1e8ff74d96ae9b,2025-01-31 09:03:32,9,4,False
5e093624-575c-4c3a-a3a6-d985d6a1381b,CUS-01851,1625.49,bank_transfer,Benue,Benue-Central,d3e748409aa8c63f,2025-01-31 09:22:00,9,4,True
34a5808d-206f-4fce-b8d9-3da5c7230610,CUS-00133,158.12,bank_transfer,Kano,Nassarawa,48bed95f602bfd50,2025-01-31 09:23:33,9,4,False
faa5f2f6-65a4-4bd4-91a5-9bdd36746682,CUS-01951,668.7,mobile_money,Lagos,Mushin,ff96fe42ef3de0ae,2025-01-31 09:24:35,9,4,False
c29fc008-782d-42d6-ae4b-9b0b1ff70e45,CUS-01497,395697.46,pos,Abuja FCT,Bwari,978bcb84cb24d195,2025-01-31 09:25:00,9,4,True
a9f541ec-208a-4fe5-9ff6-4614cec1bb7c,CUS-01851,332.19,pos,Benue,Benue-Central,d3e748409aa8c63f,2025-01-31 09:31:00,9,4,True
388cec5f-39ee-4121-aab1-e86362cd5feb,CUS-00246,495.64,pos,Rivers,Eleme,ff8ab03394d64642,2025-01-31 09:35:53,9,4,False
d32a099c-c729-436a-a749-ba3df5d98fad,CUS-00899,4678.32,pos,Lagos,Kosofe,6f982fdfe8b9f332,2025-01-31 09:45:24,9,4,False
fe8a4079-a50b-46fb-b414-e19fb6651e70,CUS-01851,673240.54,bank_transfer,Benue,Benue-Central,d3e748409aa8c63f,2025-01-31 09:47:00,9,4,True
a0a36587-98b4-415e-a107-1c4fc49f4702,CUS-01053,417.94,pos,Imo,Imo-Central,239fe4560cf4f0a8,2025-01-31 09:48:53,9,4,False
5fda8c3c-f0f7-4927-a0a3-41c4967d345f,CUS-01851,494.97,pos,Benue,Benue-Central,d3e748409aa8c63f,2025-01-31 10:03:00,10,4,True
cfeda398-c6e2-42da-851b-833cada6a396,CUS-00319,1409.74,bank_transfer,Lagos,Alimosho,75925ee21c9c350b,2025-01-31 10:04:13,10,4,False
4365889b-3cc4-4403-aa4d-2f92eb6501be,CUS-00935,242.02,pos,Kano,Dala,b408994bb5a00c47,2025-01-31 10:08:40,10,4,False
32071132-1876-48d2-8da3-e6ce7c4052a1,CUS-01851,1350.81,bank_transfer,Benue,Benue-Central,d3e748409aa8c63f,2025-01-31 10:12:00,10,4,True
d2bdb8f2-8528-4f9f-9fc6-bebb3f44ea3c,CUS-01994,4948.75,bank_transfer,Osun,Osun-Central,24889af499de1e57,2025-01-31 10:15:58,10,4,False
8bce1b80-3979-4ba9-a225-952724027a38,CUS-01688,4534.62,mobile_money,Kaduna,Zaria,c6da6c20add6ccdb,2025-01-31 10:16:50,10,4,False
c0d34e76-7718-41dc-a934-8fa133232cbe,CUS-00754,55393.66,ussd,Lagos,Surulere,050f9e3bad7016e4,2025-01-31 10:18:33,10,4,False
cec6ee27-d0e1-4b60-bc02-7f9a75dcff42,CUS-00228,4628.62,pos,Niger,Niger-Central,beaef1b0d933b705,2025-01-31 10:23:10,10,4,False
272f7ec2-eb4e-45d6-b5f9-93f1bdb0c83b,CUS-01716,2396.59,pos,Lagos,Lagos Mainland,876514bdb0606ae7,2025-01-31 10:30:59,10,4,False
c18f1a34-fb9f-44fa-a7dc-3f8e5be66b7b,CUS-01055,328.3,bank_transfer,Kano,Kumbotso,8f06ec76dd8c644b,2025-01-31 10:31:13,10,4,False
0aede734-245b-413f-8ec6-e372cb9e9baf,CUS-00944,400.97,mobile_money,Lagos,Lagos Mainland,50fc92000a61d043,2025-01-31 10:37:00,10,4,True
97622233-a443-4df1-9cd0-563f012eef71,CUS-00742,4897.32,pos,Osun,Osun-Central,c850ae7c8a0b4b55,2025-01-31 10:38:45,10,4,False
0d2da9a2-f407-48f8-8825-490f90dd78a4,CUS-01894,5091.06,mobile_money,Oyo,Ibadan South-West,caa7f44890efbfa1,2025-01-31 10:40:17,10,4,False
01821e8e-944a-4dd0-a387-fa2c4d877d1b,CUS-00748,82949.09,mobile_money,Kogi,Kogi-Central,998b89625c438d01,2025-01-31 10:52:11,10,4,False
c16598d3-035a-40b0-bdbf-0d289e3fc07c,CUS-00860,98.19,ussd,Abia,Abia-Central,0fc42ad3f8af3841,2025-01-31 10:59:06,10,4,False
b4067866-e05f-4289-a99b-907d2287953e,CUS-01422,774377.27,ussd,Lagos,Surulere,c7464d1708c5983c,2025-01-31 11:03:02,11,4,False
ee72805d-c066-4dd9-9702-9a65555b9468,CUS-00502,519.06,bank_transfer,Kano,Tarauni,80efa17caf89343a,2025-01-31 11:06:30,11,4,False
d2814c7c-fdf7-4fef-825a-70274fc073bb,CUS-01049,4495.18,pos,Lagos,Eti-Osa,317bf6dcd72d237b,2025-01-31 11:15:14,11,4,False
56f70ada-aeb0-4112-9868-a065e441f486,CUS-00109,73104.0,card,Lagos,Ikorodu,1fe85427128d6d69,2025-01-31 11:18:42,11,4,False
835277b3-805c-49f8-8dbe-15f9f4ac0f89,CUS-00360,228717.32,bank_transfer,Rivers,Oyigbo,bdeead7ca8d0d47f,2025-01-31 11:22:00,11,4,True
3eeb8c10-c889-4575-9e72-d744c4599c51,CUS-01773,842006.43,mobile_money,Cross River,Cross River-Central,c0784cb07cd5f0e0,2025-01-31 11:24:33,11,4,False
0cf5ba94-9749-4b7d-8616-cca3bdbc16b9,CUS-01897,464.93,mobile_money,Lagos,Lagos Mainland,e94888cd3a69e633,2025-01-31 11:28:17,11,4,False
66e7f24b-9eee-44e6-8e16-8cfdba1ec7a3,CUS-00511,83547.22,ussd,Rivers,Port-Harcourt,c0a0002344d6bd5b,2025-01-31 11:31:10,11,4,False
ba177db2-1ab5-4540-9a48-cef3011618a4,CUS-00944,3518.03,pos,Lagos,Mushin,50fc92000a61d043,2025-01-31 11:32:00,11,4,True
3a1bd0e5-e588-4e3a-bb52-30bbb7c167b0,CUS-01156,389.41,ussd,Lagos,Oshodi-Isolo,031d6ab684c1b05f,2025-01-31 11:37:31,11,4,False
ee8dc90c-1bca-4791-bcd5-ade01db6bff6,CUS-00835,361.27,ussd,Rivers,Eleme,95de52b480063a6d,2025-01-31 11:42:33,11,4,False
452a16c1-334b-48ca-a788-45cd9615a3ab,CUS-00795,99.1,ussd,Zamfara,Zamfara-Central,6f8b18aebf0d3d68,2025-01-31 11:46:10,11,4,False
361b3cdd-cf09-4893-bec1-853ea5ef6858,CUS-01799,96663.81,bank_transfer,Lagos,Agege,73145fde27a32e2e,2025-01-31 11:57:03,11,4,False
75572380-6aca-4d49-b7cf-bc5f1a88aeb7,CUS-01224,3610.98,pos,Rivers,Port-Harcourt,68c115a5a9527fcb,2025-01-31 12:01:55,12,4,False
2ee873c9-b20b-4b33-aac6-7bd52d186c51,CUS-00598,388.59,pos,Lagos,Ikorodu,d5c97c675731bd9e,2025-01-31 12:05:47,12,4,False
6a483d7f-036a-469c-91ce-83d379168184,CUS-00944,219.76,pos,Lagos,Eti-Osa,50fc92000a61d043,2025-01-31 12:08:00,12,4,True
bcd7861b-648a-497e-b11b-d511777c3485,CUS-01622,54573.61,pos,Oyo,Ibadan North,7963dcf2f8c7dcbc,2025-01-31 12:12:40,12,4,False
cdb59d67-af6c-4444-a746-8ffe220abc72,CUS-01655,2525.73,ussd,Gombe,Gombe-Central,ee689fc86d725bb6,2025-01-31 12:16:00,12,4,True
4a14f71c-97c6-42e7-ae8e-7bff534be0c8,CUS-00302,11714.87,bank_transfer,Oyo,Oyo East,b8478804cb2a0e1b,2025-01-31 12:17:01,12,4,False
280422be-1300-4fa8-8a5b-605350bb9417,CUS-01821,24126.42,pos,Lagos,Ikeja,e7ac53555b39c0fc,2025-01-31 12:24:44,12,4,False
99602277-5847-4938-89c6-1b2d3e706701,CUS-00835,734.92,pos,Rivers,Eleme,95de52b480063a6d,2025-01-31 12:28:24,12,4,False
a042cb2e-4041-40f6-94e5-384a77b0150e,CUS-01181,2812.7,pos,Kano,Gwale,9eb56ac542f8f5d3,2025-01-31 12:36:14,12,4,False
36bb2ef8-9e18-412f-802b-a7e50b0eed8d,CUS-00408,127.86,card,Kogi,Kogi-Central,113ca9141230a8f2,2025-01-31 12:37:54,12,4,False
71295d55-c34c-4556-a100-49cb20340630,CUS-00380,2663.11,ussd,Lagos,Eti-Osa,ca9ba6717d98299c,2025-01-31 12:53:52,12,4,False
d8d636c9-3efc-4efb-8d76-23cdd1da761b,CUS-00825,74999.61,mobile_money,Adamawa,Adamawa-Central,3dfac513d348b765,2025-01-31 13:01:57,13,4,False
a37d390d-f93d-440f-ae76-bdd5f4160dcb,CUS-01655,275.44,pos,Gombe,Gombe-Central,ee689fc86d725bb6,2025-01-31 13:05:00,13,4,True
1947521b-fa6b-44d4-a022-881a3550bfc0,CUS-00670,53.63,bank_transfer,Lagos,Agege,1cc74c0482d19f3a,2025-01-31 13:05:42,13,4,False
f64cb1de-9666-4d40-a078-316a3c604a29,CUS-00815,3956.89,mobile_money,Abuja FCT,Gwagwalada,d2f4401bf27e1f0b,2025-01-31 13:07:05,13,4,False
4bb0133d-3ca0-49bf-8ecb-63649da0aa3c,CUS-00202,2930.51,bank_transfer,Lagos,Agege,fea8af2286c17aee,2025-01-31 13:30:01,13,4,False
95ed6278-fc49-4446-a691-bc7957c09f45,CUS-00944,257.68,pos,Lagos,Lagos Mainland,50fc92000a61d043,2025-01-31 13:32:00,13,4,True
1281fff4-ebe3-426b-bd42-c9491d1bd67d,CUS-01849,849.62,pos,Delta,Warri South,18e60b69544688c6,2025-01-31 13:45:52,13,4,False
cc839422-5356-4e10-829a-a22df25834cb,CUS-01391,4091.82,ussd,Lagos,Kosofe,70e5fcb5aea0673c,2025-01-31 13:47:42,13,4,False
5c80ecd1-b6bb-4815-8378-b8c751b01a17,CUS-01152,50.07,mobile_money,Edo,Egor,72ad6ac72ade3ab7,2025-01-31 13:51:09,13,4,False
be47057a-2f82-4cf0-81e9-d12d26439198,CUS-00276,219.73,mobile_money,Imo,Imo-Central,9487056a11d10a77,2025-01-31 13:58:53,13,4,False
40958272-37ae-4945-85bc-1223d8a3c2ba,CUS-01998,4657.76,bank_transfer,Lagos,Kosofe,1b723b7d1e316182,2025-01-31 13:59:01,13,4,False
481c9052-c1c3-434e-b0c7-68b05842192b,CUS-00432,4969.64,pos,Enugu,Nsukka,d821956ebf7b9a1c,2025-01-31 14:16:37,14,4,False
1db7ebf0-eacf-4be0-aa82-e0022014dcb1,CUS-01497,109.48,bank_transfer,Abuja FCT,Kuje,978bcb84cb24d195,2025-01-31 14:28:00,14,4,True
14dca17c-7d96-4949-a8b8-dc609993084a,CUS-00260,15901.66,bank_transfer,Kaduna,Kaduna North,b36ce793582718ee,2025-01-31 14:33:03,14,4,False
c1c3f4f8-8266-40ad-ac38-676fe575b7a8,CUS-01126,3926.51,mobile_money,Lagos,Alimosho,4dbdfcbd94e9e972,2025-01-31 14:37:21,14,4,False
e001e214-faa2-44f4-88df-69cbe7963f4b,CUS-01169,473.51,bank_transfer,Kano,Gwale,adb47e70e5622cfe,2025-01-31 14:54:18,14,4,False
41d994d5-0f9a-401d-b85d-15cf72388820,CUS-00266,16508.84,bank_transfer,Edo,Egor,eb35fb1933325042,2025-01-31 15:00:37,15,4,False
1fcfaf8c-4b25-4f7e-ba46-cb23c3220e0f,CUS-01655,3476.52,bank_transfer,Gombe,Gombe-Central,ee689fc86d725bb6,2025-01-31 15:04:00,15,4,True
6affcde7-8b9e-4c33-9d8a-575f7104dce2,CUS-00944,3918.78,card,Lagos,Ikeja,50fc92000a61d043,2025-01-31 15:10:00,15,4,True
1281de20-bb1b-43c0-b6a8-f55864d28138,CUS-01655,68869.66,ussd,Gombe,Gombe-Central,ee689fc86d725bb6,2025-01-31 15:11:00,15,4,True
553af30c-9c14-4f2a-aa6d-e5dbf5f08ba6,CUS-00051,341.58,bank_transfer,Abia,Abia-Central,a0955d05114e0b7a,2025-01-31 15:14:41,15,4,False
9acab64c-8f55-49d6-96a7-0ffd987a1b7f,CUS-00299,3313.44,pos,Lagos,Kosofe,02392e49b7d24ef1,2025-01-31 15:37:14,15,4,False
baf48102-4f6d-4abd-9b07-549a289923a9,CUS-01002,170.96,pos,Kebbi,Kebbi-Central,efcc435f8f743b77,2025-01-31 15:43:14,15,4,False
0f10d878-e2d3-4ada-8548-aeb0f24f2ba3,CUS-00693,2624.4,bank_transfer,Lagos,Ikorodu,e9162dca20df60af,2025-01-31 15:44:59,15,4,False
8600e462-fa3e-4b9c-aabd-78d279f70fed,CUS-00823,92534.29,pos,Rivers,Obio-Akpor,b3add7a8eb98092a,2025-01-31 15:45:13,15,4,False
37270503-788d-482c-a9d8-6ffa70cd5ebc,CUS-00479,3758.29,bank_transfer,Abuja FCT,Bwari,e402b8e4523a2ea0,2025-01-31 15:46:36,15,4,False
9a4baf02-ae25-40f5-9dd8-db8a92d0f611,CUS-01497,494.27,pos,Abuja FCT,Kuje,978bcb84cb24d195,2025-01-31 16:01:00,16,4,True
ecb8ded2-7f21-4433-9179-dc4296518a05,CUS-01479,755.1,ussd,Rivers,Eleme,ca1f578fbe8c3972,2025-01-31 16:03:52,16,4,False
acaafefa-49fb-4090-bdda-0fe55585e929,CUS-00380,484.58,mobile_money,Lagos,Oshodi-Isolo,ca9ba6717d98299c,2025-01-31 16:10:01,16,4,False
af1a5207-251b-4bb5-82f1-bddf7aeae938,CUS-00633,2839.14,pos,Oyo,Ibadan North,588850e3ca7f47b7,2025-01-31 16:12:40,16,4,False
4b5c9d59-4ca0-4d27-9171-ac1c57330901,CUS-01868,645048.99,mobile_money,Lagos,Agege,a7cd11e4e6a10447,2025-01-31 16:13:23,16,4,False
69cb0899-fee0-46e9-af1a-0efe86dcc7af,CUS-00696,382.44,mobile_money,Kano,Tarauni,591299c5d5ac12de,2025-01-31 16:15:11,16,4,False
2c82819e-0f7d-443a-bdff-b03cd598c051,CUS-00360,283.79,pos,Rivers,Obio-Akpor,bdeead7ca8d0d47f,2025-01-31 16:23:00,16,4,False
3e9cc8f4-0b4c-4ddb-80a0-90686eb7fec0,CUS-01871,70138.25,pos,Lagos,Kosofe,ea23fad9d6052bfe,2025-01-31 16:23:58,16,4,False
f442ebee-b5a3-4e34-b1be-61d8cd8c0671,CUS-00706,1340.62,pos,Kano,Fagge,c70a8290a671a69c,2025-01-31 16:31:08,16,4,False
851b8e93-c951-4bd6-ac52-1ec974e64395,CUS-01710,4429.82,pos,Lagos,Mushin,12db394867b9e9bd,2025-01-31 16:36:04,16,4,False
f23120e3-637d-41d7-9b55-ff4816feb0f9,CUS-01655,242.71,bank_transfer,Gombe,Gombe-Central,ee689fc86d725bb6,2025-01-31 16:38:00,16,4,True
5515a020-22e1-4ac6-bae9-735a8701f598,CUS-01655,4165.05,card,Gombe,Gombe-Central,ee689fc86d725bb6,2025-01-31 16:52:00,16,4,True
263c8e67-e666-4a83-9314-6b1e370563ef,CUS-00692,4238.0,pos,Abuja FCT,Municipal,a23dd42d3a699c35,2025-01-31 16:56:52,16,4,False
bdb2e326-8f02-42ba-9eb7-dcb885927e2c,CUS-01483,75223.91,mobile_money,Lagos,Ikorodu,097af9ba3a53d85c,2025-01-31 16:57:04,16,4,False
51bcd675-ae35-4316-9fda-e5969fedc379,CUS-00112,23460.92,pos,Yobe,Yobe-Central,9b1f8128591d3700,2025-01-31 16:59:50,16,4,False
503c685b-9b74-4109-86a5-4cc371988ab4,CUS-00646,635995.63,card,Kaduna,Zaria,2b7015d78d5d685e,2025-01-31 17:01:11,17,4,False
0699b143-86f3-4903-ad6b-7fc2938ce71e,CUS-01164,37109.88,pos,Lagos,Eti-Osa,b81424f4757118ea,2025-01-31 17:09:59,17,4,False
72445aa5-45f3-4c17-8e97-06fa7d9d4f5a,CUS-00944,91481.36,pos,Lagos,Agege,50fc92000a61d043,2025-01-31 17:20:00,17,4,True
9afe50c5-a516-4a49-8971-6f4aa489f977,CUS-00363,37343.15,bank_transfer,Oyo,Ibadan South-West,89065733662aeed2,2025-01-31 17:24:40,17,4,False
e19dc601-73d0-4b46-b97d-b6f1bc670c78,CUS-01986,1143.42,pos,Ondo,Ondo-Central,179c3d78f887cc5d,2025-01-31 17:26:11,17,4,False
9766f4b2-6711-47bf-9541-1929b64e72c5,CUS-01851,257.97,bank_transfer,Benue,Benue-Central,d3e748409aa8c63f,2025-01-31 17:28:00,17,4,True
f8a66fd9-8feb-4858-9233-6b7eac669597,CUS-01098,65510.32,pos,Abia,Abia-Central,311eb4d69dc7f861,2025-01-31 17:39:28,17,4,False
c1d21621-755d-4c35-bd74-fee594942dcc,CUS-01497,1106.43,bank_transfer,Abuja FCT,Municipal,978bcb84cb24d195,2025-01-31 17:41:00,17,4,True
d2573e66-8a4c-4ba2-b04d-5edd246368bc,CUS-01138,87769.1,pos,Abuja FCT,Bwari,927ad78e9082ea6e,2025-01-31 17:41:07,17,4,False
7f3a1eb4-f581-4b05-942e-0791ddb06db3,CUS-01655,75381.23,pos,Gombe,Gombe-Central,ee689fc86d725bb6,2025-01-31 17:44:00,17,4,True
f361eaa8-8a84-48c0-9894-256d3ef8d0c8,CUS-01000,74.07,mobile_money,Lagos,Ikorodu,9b21b53089a7e7c4,2025-01-31 17:44:14,17,4,False
c84fa5c0-6a18-4af8-8d9a-87d708139ec6,CUS-01497,63822.4,pos,Abuja FCT,Municipal,978bcb84cb24d195,2025-01-31 17:45:00,17,4,True
1805dc6b-8960-4ded-a3a3-fd1a13334fc9,CUS-00335,293935.57,pos,Lagos,Agege,c8e9fa5817cdc293,2025-01-31 17:53:22,17,4,False
62c5e13c-6224-47ff-ac33-ad702a68cfdd,CUS-00992,22029.58,bank_transfer,Kano,Nassarawa,9efb5fcc24e336a3,2025-01-31 18:01:51,18,4,False
50212e0f-dd3d-4696-9c72-522c58a6f903,CUS-01883,8397.37,pos,Kwara,Kwara-Central,2ae91dfda8953f4b,2025-01-31 18:04:26,18,4,False
bf742ad3-c5aa-439e-9bdc-ffd1ee68847d,CUS-01586,228.05,pos,Edo,Egor,ac26d5b5ca0ca689,2025-01-31 18:12:17,18,4,False
5dac4efa-9dc1-4f05-b559-332df5c846dc,CUS-00732,3053.79,pos,Delta,Uvwie,d2fa86ca5f1299e7,2025-01-31 18:14:07,18,4,False
d9edd54b-0d58-4d51-b618-435b836c39c8,CUS-00545,41530.91,bank_transfer,Kano,Fagge,816780c3a970fd43,2025-01-31 18:19:13,18,4,False
81d59719-ef39-4aa1-9d86-865a34ff6f9e,CUS-00944,4979.28,bank_transfer,Lagos,Kosofe,50fc92000a61d043,2025-01-31 18:23:00,18,4,True
8dfb8b55-9b4e-4b52-a4d2-1fb17829579a,CUS-00382,10496.26,pos,Enugu,Nsukka,6a5ee0585b3d56be,2025-01-31 18:26:33,18,4,False
7666df54-e824-4280-a086-d057159dd7d6,CUS-00944,1800.43,pos,Lagos,Alimosho,50fc92000a61d043,2025-01-31 18:37:00,18,4,True
a7479ab7-1e15-4fa8-99dc-523fb981a3fd,CUS-01851,4242.28,card,Benue,Benue-Central,d3e748409aa8c63f,2025-01-31 18:37:00,18,4,True
fb8d859a-bc77-452a-a689-caa19cc39061,CUS-01497,81158.72,pos,Abuja FCT,Gwagwalada,978bcb84cb24d195,2025-01-31 18:43:00,18,4,True
402b2b9e-5b41-447d-be8f-a50ed2b17872,CUS-01997,56360.7,pos,Lagos,Agege,8252b5622bd82ebb,2025-01-31 18:43:58,18,4,False
b74a175d-d989-4f71-8f40-09ae617adbc4,CUS-00575,4209.42,pos,Katsina,Katsina-Central,5d4149587582dfd8,2025-01-31 18:47:19,18,4,False
bb524133-5ba4-4207-8b6a-a6dd726f9cbf,CUS-00042,9566.85,bank_transfer,Lagos,Ikorodu,8869723b2e9fcf16,2025-01-31 18:51:46,18,4,False
abaa59a1-18c4-4c12-a6af-95904433e87d,CUS-00343,638637.5,pos,Rivers,Port-Harcourt,b4a2de98d30936c5,2025-01-31 18:56:06,18,4,False
1fea9f9d-b147-4a14-9e12-4344817964f5,CUS-00176,93380.89,pos,Anambra,Awka South,99959f39f4739903,2025-01-31 19:01:56,19,4,False
dbb7696d-feb5-4631-aaf6-34e664c30194,CUS-00627,55470.46,mobile_money,Osun,Osun-Central,2034da5b87c1b3dd,2025-01-31 19:08:56,19,4,False
607c124e-d3fe-497c-a58e-9ce62aa8bdcd,CUS-00855,43113.91,bank_transfer,Lagos,Surulere,c708ef9fa6a48519,2025-01-31 19:09:53,19,4,False
e1d2c011-9320-41aa-9159-1a7dc8d6f7d0,CUS-00555,312.16,card,Rivers,Oyigbo,2bb9648d451718fc,2025-01-31 19:17:33,19,4,False
33021afb-7dd2-485e-a7ee-837bb83d3c49,CUS-01655,575310.8,pos,Gombe,Gombe-Central,ee689fc86d725bb6,2025-01-31 19:18:00,19,4,True
1e5bd430-2c1d-456e-90ac-8d22f7f3b3b1,CUS-00904,35106.55,bank_transfer,Rivers,Oyigbo,d0e1243f2b62d140,2025-01-31 19:18:35,19,4,False
7ed247ab-f937-409d-affe-ee0ea9405556,CUS-00763,85895.43,bank_transfer,Osun,Osun-Central,66633ed51d4a4d6a,2025-01-31 19:19:42,19,4,False
869fea89-0c45-4539-89ad-e67ba5c98769,CUS-01851,936938.67,pos,Benue,Benue-Central,d3e748409aa8c63f,2025-01-31 19:21:00,19,4,True
da0ad455-b206-4fe2-a1fd-f074df542e6e,CUS-01161,734225.18,pos,Lagos,Ikorodu,eae646070bb9b5a8,2025-01-31 19:23:51,19,4,False
f6b3fb65-4169-47bb-bcd7-28dcf506dae4,CUS-01655,469.15,pos,Gombe,Gombe-Central,ee689fc86d725bb6,2025-01-31 19:25:00,19,4,True
cb1167ea-1484-4e08-b118-3cdccf7183ec,CUS-01873,3285.21,mobile_money,Bauchi,Bauchi-Central,fcad9d34dfe38881,2025-01-31 19:32:06,19,4,False
2b7f88e7-49b1-4ea8-bad2-50f394e25efb,CUS-01180,90010.17,pos,Akwa Ibom,Akwa Ibom-Central,1eb41ea733304795,2025-01-31 19:34:59,19,4,False
c1408b59-5a29-41b2-bee4-02989abf08f5,CUS-01224,13477.36,bank_transfer,Rivers,Obio-Akpor,68c115a5a9527fcb,2025-01-31 19:38:04,19,4,False
6f51f857-3159-414c-9cb6-e76a52525151,CUS-01164,1261.93,pos,Lagos,Lagos Mainland,b81424f4757118ea,2025-01-31 19:44:51,19,4,False
fd280990-b156-44dd-b847-3d2935a49ac2,CUS-01655,253989.39,pos,Gombe,Gombe-Central,ee689fc86d725bb6,2025-01-31 19:45:00,19,4,True
17ac8de9-1e1a-414f-8f6a-b2899839bf0a,CUS-01823,3517.85,mobile_money,Abia,Abia-Central,7549cb46f8c38da9,2025-01-31 19:46:43,19,4,False
dc33f94c-0513-4f4a-a951-36435b522825,CUS-00909,23544.84,pos,Rivers,Port-Harcourt,256c588e94dcbb7b,2025-01-31 19:49:16,19,4,False
1d1e0821-5a50-4aa4-8e6f-0b0630f5254a,CUS-00329,3262.24,mobile_money,Lagos,Agege,7b2bc2bfdc63f934,2025-01-31 20:04:37,20,4,False
16f1f164-7b9e-4090-87f2-27664e40691b,CUS-00490,72853.6,pos,Abuja FCT,Kuje,559a3ab27e289433,2025-01-31 20:08:41,20,4,False
63688c0a-38cc-4fc8-a0c0-0d72705d4a1f,CUS-01655,422919.06,card,Gombe,Gombe-Central,ee689fc86d725bb6,2025-01-31 20:12:00,20,4,True
78b8dc92-5974-410d-844e-fc1518405e78,CUS-01259,49955.25,ussd,Oyo,Ibadan South-West,43decebaedfb8c27,2025-01-31 20:20:41,20,4,False
3fe1df8f-7187-43ad-b476-76b1d142be2c,CUS-01655,291352.77,ussd,Gombe,Gombe-Central,ee689fc86d725bb6,2025-01-31 20:39:00,20,4,True
057d0db4-0183-4b94-862b-2c290b21d6fe,CUS-00379,5703.33,pos,Kano,Kumbotso,97ab9ee55a7e362b,2025-01-31 20:40:16,20,4,False
f551cfea-b63e-4ab9-ad97-df0ee6e0f894,CUS-01391,3891.5,ussd,Lagos,Surulere,70e5fcb5aea0673c,2025-01-31 20:43:11,20,4,False
0b48aafd-8cfa-4d86-a13f-2d9e4cde1660,CUS-01324,98617.66,card,Ebonyi,Ebonyi-Central,9a86a95dc16a8c44,2025-01-31 20:55:10,20,4,False
36c221c9-8ac5-411a-9de3-0f737a2c0964,CUS-01616,52.71,pos,Ogun,Ogun-Central,be333283103f5129,2025-01-31 20:59:55,20,4,False
7900c4a2-c6a9-477d-bc38-335201b32300,CUS-01815,2453.42,bank_transfer,Akwa Ibom,Akwa Ibom-Central,4fd188f02b5f6a2f,2025-01-31 21:05:22,21,4,False
7e5c9c32-e7ee-4c16-aba5-07ab82e0e896,CUS-01419,1357.96,pos,Gombe,Gombe-Central,6afa9c9e3a1afd35,2025-01-31 21:05:28,21,4,False
d0d6e9ed-9649-4227-9307-566a755626c7,CUS-00841,85578.11,pos,Delta,Warri South,8f8993c755fc5846,2025-01-31 21:07:54,21,4,False
715213f0-580e-454e-93e3-d2ed515cd315,CUS-01046,10637.13,bank_transfer,Lagos,Eti-Osa,c52f52dc913fa04c,2025-01-31 21:11:53,21,4,False
c2aff511-0745-4fe1-9ad0-50cfab26ffe6,CUS-01118,49448.32,pos,Kano,Fagge,9906c287df3d4b3d,2025-01-31 21:31:39,21,4,False
35205269-4e17-4991-bc10-5699d31ddf01,CUS-00450,8681.46,pos,Abia,Abia-Central,866ad03ed8fb0ca4,2025-01-31 21:34:40,21,4,False
065527fe-35c1-46c9-8ae6-66326eaf7cf4,CUS-00623,1225.71,ussd,Abuja FCT,Gwagwalada,49247348eeec8a45,2025-01-31 21:39:36,21,4,False
1c8d3448-745a-4940-8835-003554afe233,CUS-00624,715432.3,bank_transfer,Enugu,Nsukka,e9a78c3fde372bda,2025-01-31 22:13:00,22,4,True
c646a9cf-f422-4215-ac6b-3b8ebd8d4e33,CUS-01497,19835.43,bank_transfer,Abuja FCT,Gwagwalada,978bcb84cb24d195,2025-01-31 22:18:00,22,4,True
48afd559-de22-4822-aa84-e57f73be295d,CUS-01655,3354.81,pos,Gombe,Gombe-Central,ee689fc86d725bb6,2025-01-31 22:20:00,22,4,True
4f36a8e1-01c7-4f35-9e5f-9f788739904a,CUS-01530,95420.49,mobile_money,Kano,Kumbotso,df8f607a09b331bd,2025-01-31 23:06:58,23,4,False
0a43753c-fab0-4fd3-876d-116085cfaedd,CUS-00384,1155.56,bank_transfer,Osun,Osun-Central,89758c2aa439d576,2025-01-31 23:28:38,23,4,False
76b63502-295a-4915-8a7b-a591279c8da5,CUS-01645,365.79,pos,Kwara,Kwara-Central,28718c1a00f4bf11,2025-02-01 01:50:43,1,5,False
8daecfa7-d217-4b2f-82ff-3d1ac9fda5b3,CUS-00436,310.95,pos,Lagos,Eti-Osa,68fb798e5b124399,2025-02-01 02:49:15,2,5,False
f12f2a99-ca14-47b0-9c2a-d9a8345d04ff,CUS-01670,506.15,pos,Rivers,Obio-Akpor,c21817c50f2234d3,2025-02-01 03:29:50,3,5,False
a3f888be-b6a9-434e-b00c-37fdc7c9fc0b,CUS-00502,2104.73,bank_transfer,Kano,Tarauni,80efa17caf89343a,2025-02-01 04:09:37,4,5,False
2bb9bc27-5d47-4ab0-bf24-2f59824da974,CUS-00838,2716.92,mobile_money,Oyo,Ogbomoso,478f6f1657b2a00c,2025-02-01 04:18:01,4,5,False
441eeee7-3122-4c2e-8e57-6e1bd0ad257b,CUS-00785,166887.86,bank_transfer,Kogi,Kogi-Central,6292a14b4f110b8f,2025-02-01 08:08:00,8,5,True
23775b9c-f00b-4eb6-b636-7fbb9664b5ac,CUS-00025,841813.76,pos,Abia,Abia-Central,a71075acd136b7ae,2025-02-01 09:19:56,9,5,False
cd9f3277-44ef-4614-a3cc-4aa42eb4a6bf,CUS-01764,42018.49,bank_transfer,Lagos,Kosofe,168fd9369822d366,2025-02-01 09:24:57,9,5,False
8acb42a7-b6c9-4d9a-9d4b-72607060fd66,CUS-00988,411732.51,mobile_money,Lagos,Agege,5cbbf471995adf72,2025-02-01 09:28:55,9,5,False
ff83d76d-9540-42ac-89c2-fb7eed8a1cba,CUS-00248,2798.34,bank_transfer,Akwa Ibom,Akwa Ibom-Central,d9a20729e2d74b6b,2025-02-01 09:29:08,9,5,False
71ae732d-447d-4ad4-bb74-24414886bc51,CUS-01088,464969.04,bank_transfer,Ogun,Ogun-Central,2fe4c08d1ce58296,2025-02-01 09:33:34,9,5,False
cbf2ab48-6221-40e3-abed-9e8fff67f7fa,CUS-00472,173.61,ussd,Lagos,Kosofe,56988587362d6b60,2025-02-01 09:37:39,9,5,False
86ea3eb8-3704-4d02-97f8-4a6bf10b394a,CUS-00745,447665.14,mobile_money,Nassarawa,Nassarawa-Central,29e2cbcd28a19312,2025-02-01 09:55:31,9,5,False
044c9bd6-940d-44b9-9418-0b5d71c4d8cf,CUS-01002,19691.82,bank_transfer,Kaduna,Kaduna South,efcc435f8f743b77,2025-02-01 10:00:00,10,5,True
5f636751-cb8e-4e6b-a941-f51bb1a9ebb8,CUS-00732,85770.96,pos,Delta,Warri South,d2fa86ca5f1299e7,2025-02-01 10:04:46,10,5,False
3e89a860-1e32-4d7f-9c12-50ebfe34e77c,CUS-01002,3524.18,mobile_money,Cross River,Cross River-Central,efcc435f8f743b77,2025-02-01 10:11:00,10,5,True
a1f47477-00ca-445d-bdff-a500230135b2,CUS-01135,95595.51,bank_transfer,Lagos,Ikorodu,ddc7283b773c8f9b,2025-02-01 10:52:55,10,5,False
98ef691b-0c99-400e-99ef-1f8683d7d6b6,CUS-00991,600297.65,mobile_money,Edo,Egor,ef4fc1417ee3e00f,2025-02-01 11:13:37,11,5,False
f90b3072-b636-431f-b15a-67a8dec32111,CUS-01548,212.7,pos,Lagos,Ikorodu,4c6c2fda7eb08019,2025-02-01 11:24:40,11,5,False
e8e2131f-5ab0-4a70-b1e3-f61f095e3155,CUS-00700,2626.12,bank_transfer,Oyo,Ibadan South-West,4aef78b85c3be624,2025-02-01 11:26:20,11,5,False
824d883b-3ffc-46cc-9ece-9deba28df6f4,CUS-00539,490.83,mobile_money,Lagos,Eti-Osa,3d80c520256de784,2025-02-01 11:28:32,11,5,False
48bd8af0-a853-4063-a576-b58a2704ea6a,CUS-00084,46351.34,pos,Kano,Dala,31075b13f8b10ce4,2025-02-01 11:33:57,11,5,False
dc039713-6cd2-45bb-a289-f661899399bd,CUS-01205,546.92,mobile_money,Abia,Abia-Central,3b417cdc62736e04,2025-02-01 11:36:54,11,5,False
0830189e-3257-46c9-be5b-2fce5638365c,CUS-01070,1084.62,mobile_money,Kano,Fagge,33d5e150880b49ae,2025-02-01 11:47:53,11,5,False
e28e2fd5-2dcc-4820-8c53-78ac5eb34dc7,CUS-01859,692.82,mobile_money,Ondo,Ondo-Central,69ff6246dfa76a1c,2025-02-01 11:53:39,11,5,False
07fa4404-c59e-4cb0-9df9-c5c7e4d32a7a,CUS-01836,84102.51,ussd,Lagos,Oshodi-Isolo,d0967b5b666bff98,2025-02-01 12:06:21,12,5,False
1f10e157-0da7-4d00-83c0-0eee330e2a28,CUS-00493,262.5,pos,Lagos,Oshodi-Isolo,e90398b9a0d79849,2025-02-01 12:09:08,12,5,False
28552934-e50b-4deb-8ac6-5e5284a90957,CUS-00556,23897.15,mobile_money,Lagos,Lagos Mainland,3fc3a1d0ba551e2e,2025-02-01 12:12:55,12,5,False
38c3f437-140f-4e58-a166-19254f76095d,CUS-00233,4849.45,ussd,Abuja FCT,Bwari,102c007b0ed18d02,2025-02-01 12:21:29,12,5,False
e3442f12-67bf-4359-90d2-349e76512ad8,CUS-00865,331.55,bank_transfer,Oyo,Ibadan South-West,e9032859d1633dcd,2025-02-01 12:25:12,12,5,False
3f2326a5-a77b-4ed7-9029-3cf74e7b57a7,CUS-00718,50674.38,mobile_money,Lagos,Agege,c61f22f1a32fbbb4,2025-02-01 12:27:25,12,5,False
e4ee585a-2ce8-4191-a51b-981e0da58b3e,CUS-01009,2310.5,mobile_money,Abuja FCT,Gwagwalada,d779f710e5a038e7,2025-02-01 12:40:11,12,5,False
d26a73d8-a2f2-4133-a4b6-7ea1272de58b,CUS-00681,104.07,bank_transfer,Kano,Fagge,e028fa448514bcde,2025-02-01 12:45:38,12,5,False
30ae3878-0714-461f-a9a9-22ee08528220,CUS-00142,250.27,mobile_money,Abuja FCT,Bwari,105188bd14032836,2025-02-01 12:56:50,12,5,False
25df479b-7aa7-498e-9abd-2cff929fcee4,CUS-00855,61090.48,bank_transfer,Lagos,Eti-Osa,c708ef9fa6a48519,2025-02-01 13:03:21,13,5,False
a9089219-5561-415c-a9fe-9a6f93f29089,CUS-00504,48718.36,pos,Anambra,Awka South,e3e9b5adc18b4128,2025-02-01 13:03:22,13,5,False
20a1711c-855d-409e-86fd-aaee4b0b64b3,CUS-00943,700.57,mobile_money,Plateau,Plateau-Central,1da2949d58e17a5f,2025-02-01 13:13:51,13,5,False
2f3ba712-0d25-4831-9327-9588b84df86d,CUS-00063,4867.12,bank_transfer,Kano,Tarauni,a36558e5a3b91b6e,2025-02-01 13:23:00,13,5,False
b28935ea-8215-4fbf-837d-cb7595efa3e3,CUS-01678,473.39,mobile_money,Lagos,Eti-Osa,028151f168167801,2025-02-01 13:28:02,13,5,False
aae5aa69-7461-4a8d-a1be-fce87ff81171,CUS-00932,1337.91,pos,Ekiti,Ekiti-Central,374aee3835989866,2025-02-01 13:32:01,13,5,False
dceb48c5-b984-4586-ab1f-b074cfd52ca3,CUS-01512,9793.05,card,Cross River,Cross River-Central,a41949725c54d7c9,2025-02-01 13:35:36,13,5,False
43cce344-b159-4f84-9b52-4790ad690b2b,CUS-00844,3897.32,bank_transfer,Lagos,Agege,c9d69774918bb695,2025-02-01 13:35:58,13,5,False
79045347-9a5d-424d-99aa-40f8b2557567,CUS-00756,320.39,bank_transfer,Enugu,Nsukka,e37fedd220386e09,2025-02-01 13:39:25,13,5,False
85b2b84d-9353-49af-8c3b-c0bb9c1ff320,CUS-01104,2834.2,pos,Ogun,Ogun-Central,dc32c75fccecfcc9,2025-02-01 13:45:34,13,5,False
e56bac2e-4a8c-4157-8ee7-e8976b9b8cb6,CUS-01948,557199.91,pos,Kano,Tarauni,1441d70925770ee5,2025-02-01 13:49:36,13,5,False
3aeac235-9f7a-4ab6-8636-92a1995d3b64,CUS-01329,44216.88,mobile_money,Abuja FCT,Municipal,739c4ee882c5ab3b,2025-02-01 13:56:12,13,5,False
83285381-9d0b-497a-acd1-42868d7ab7f2,CUS-01297,73788.57,pos,Lagos,Mushin,321568580cd1b7bd,2025-02-01 14:08:47,14,5,False
4d25bd18-3f47-4eda-9934-e51951c6d01e,CUS-01917,82405.4,pos,Kaduna,Zaria,2b0ecdd673e9f7e2,2025-02-01 14:21:09,14,5,False
aa6aa4cb-6e03-4c91-aa12-ba48e4b80271,CUS-00965,33976.67,mobile_money,Kano,Dala,ffa59c2f68f6683d,2025-02-01 14:23:29,14,5,False
22f7f6ca-f77d-4321-9007-27ad47d9791c,CUS-00945,650197.68,pos,Lagos,Lagos Mainland,db2cd3afbd5edf20,2025-02-01 14:24:48,14,5,False
936845c2-9499-4119-b8c8-f741bd0828fc,CUS-00454,426.82,bank_transfer,Lagos,Ikorodu,6ef7ad5156b9d3a1,2025-02-01 14:29:14,14,5,False
448242db-e15b-487c-abbf-286c4ba41826,CUS-00219,237.84,mobile_money,Borno,Borno-Central,ab7212d149ded51a,2025-02-01 14:38:20,14,5,False
85d591e3-9ffa-45d4-97bd-4cb45978c223,CUS-00872,4551.58,ussd,Delta,Uvwie,07840812b559650f,2025-02-01 14:52:55,14,5,False
6cee58c8-f3cc-4f06-9e34-1c2fe5eed99d,CUS-01851,178176.5,pos,Benue,Benue-Central,d3e748409aa8c63f,2025-02-01 14:55:43,14,5,False
0c0273dc-9668-4d50-ba5f-54a59573da3a,CUS-01966,2587.36,pos,Lagos,Ikeja,72786112a0d6498a,2025-02-01 15:11:21,15,5,False
643f2ac4-2e46-453d-8e15-d61eb074c812,CUS-00620,4759.95,mobile_money,Lagos,Surulere,4762854417db70c3,2025-02-01 15:19:27,15,5,False
4e35f0e2-cf38-4a32-b571-e3383be8ea1f,CUS-01568,2107.59,mobile_money,Enugu,Enugu North,82e3ecb4f65f677b,2025-02-01 15:28:23,15,5,False
8d0201bb-f39f-4446-b5fc-ad215b600c8a,CUS-01300,92119.33,pos,Lagos,Ikeja,2c4c0203c97a20fc,2025-02-01 15:55:52,15,5,False
01adbfae-c6bd-4d7d-9156-8c578c85dbaf,CUS-01099,3446.83,bank_transfer,Kano,Tarauni,2b981b38772e1c60,2025-02-01 16:00:36,16,5,False
b5bc9df0-0f82-4fbe-a81b-2292e73226ad,CUS-01639,65947.17,pos,Yobe,Yobe-Central,ae90b6ac4ac47787,2025-02-01 16:16:58,16,5,False
bf42bbcf-9458-4d39-a7e5-ee21b7a6a4ef,CUS-00651,3388.43,pos,Oyo,Ogbomoso,08f9f05c9c55855c,2025-02-01 16:25:02,16,5,False
2ba4f459-6972-4901-b486-f5f7c9bbb52c,CUS-00975,71346.96,pos,Kano,Kumbotso,9c502efa00df8d6e,2025-02-01 16:37:56,16,5,False
c1e70e33-f096-44d2-aec6-02a94250ff0d,CUS-00612,376.74,pos,Enugu,Enugu East,d6b72576a75baa04,2025-02-01 16:45:04,16,5,False
ec635edb-72de-4b00-ae22-d7eeb4bb3c37,CUS-01046,934.86,bank_transfer,Lagos,Eti-Osa,c52f52dc913fa04c,2025-02-01 16:52:42,16,5,False
77247032-37e7-4806-b1bb-8429a66333f2,CUS-01680,423.95,mobile_money,Kano,Tarauni,5b6d9e25e5985abb,2025-02-01 16:57:53,16,5,False
b4677ac3-848f-4dd8-92fc-ec4337b34231,CUS-01072,96.27,pos,Lagos,Surulere,5e8f9450d294cb82,2025-02-01 17:02:59,17,5,False
f622c87a-0cbe-44b1-b8f7-800fb7202cd5,CUS-01536,462.93,pos,Lagos,Ikeja,72eadab8e3304187,2025-02-01 17:06:51,17,5,False
b8c29c1a-20dd-47db-acd5-c6388eb0f6ed,CUS-00623,43763.29,mobile_money,Abuja FCT,Kuje,49247348eeec8a45,2025-02-01 17:12:36,17,5,False
d1a59ef3-a033-4112-89a5-71bd557c68fe,CUS-01614,2181.57,pos,Kano,Gwale,1b4932f290b1fc00,2025-02-01 17:15:01,17,5,False
386b4a3c-0c00-4946-8223-c967e6393a56,CUS-00387,26271.3,pos,Lagos,Oshodi-Isolo,3af5f47915d1455e,2025-02-01 17:24:24,17,5,False
47654c4f-f3ee-44e2-b3c1-b0f4b1f2dc1c,CUS-00231,136.73,pos,Abuja FCT,Municipal,4e6b4b041a5e1044,2025-02-01 17:48:43,17,5,False
1f94cd1c-3ed3-4230-81b0-f76d94b21afc,CUS-01278,16930.3,pos,Lagos,Ikeja,8f89b849a3239d26,2025-02-01 17:56:02,17,5,False
dff51078-9bc4-49e1-839c-3b05bb3de3b3,CUS-01810,565542.79,mobile_money,Delta,Warri South,2a1448eec0668544,2025-02-01 17:57:36,17,5,False
070b475a-8906-45c8-a3ca-69ed2033ec9e,CUS-01697,3383.48,mobile_money,Lagos,Lagos Mainland,020d925fc173441f,2025-02-01 17:58:49,17,5,False
7629a1dd-3279-4743-bfd6-42c42e2cee16,CUS-00527,28886.02,card,Kano,Nassarawa,48afef767dcffb2e,2025-02-01 17:59:51,17,5,False
4eb7877f-59b7-41c1-a32a-5d34d0c5de09,CUS-00345,86191.58,mobile_money,Kaduna,Kaduna North,808e7a5c5a97600f,2025-02-01 18:03:27,18,5,False
2778c9cf-011a-4800-9fe5-026c09487ff5,CUS-01061,99873.45,pos,Ekiti,Ekiti-Central,483102c8c509fdd4,2025-02-01 18:04:34,18,5,False
00d74281-be8d-4d73-bf86-2a19678bc4df,CUS-00357,95.01,pos,Kaduna,Kaduna North,8638c1721d400034,2025-02-01 18:08:48,18,5,False
c0567646-8bdd-4bab-8986-a685e7c68d0f,CUS-01867,67237.97,mobile_money,Lagos,Ikorodu,6ac201ad911de038,2025-02-01 18:13:49,18,5,False
6c2ebfba-1216-40db-905e-d67ca88418b9,CUS-01106,4894.97,pos,Rivers,Port-Harcourt,fa541b676a9458f8,2025-02-01 18:24:02,18,5,False
69891981-502e-4818-8cd6-478d981fa5a2,CUS-00605,775.84,bank_transfer,Abuja FCT,Bwari,8cb5ca4807fafe31,2025-02-01 18:25:22,18,5,False
2845828a-3920-4daa-9678-cc5bdb1c20b6,CUS-01460,1492.06,mobile_money,Rivers,Port-Harcourt,b1d49046bd80c6c6,2025-02-01 18:30:09,18,5,False
12e19eab-21d2-40f0-8c77-8523c8a47ea4,CUS-00825,26954.17,mobile_money,Adamawa,Adamawa-Central,3dfac513d348b765,2025-02-01 18:32:42,18,5,False
48ee9590-ae49-46cc-a143-8a5d05bc7b7b,CUS-00595,63590.12,mobile_money,Abuja FCT,Municipal,1fc14ea080410264,2025-02-01 18:36:12,18,5,False
da3b759b-476e-4257-ad66-4472a361a3df,CUS-01224,3114.52,pos,Rivers,Port-Harcourt,68c115a5a9527fcb,2025-02-01 18:39:52,18,5,False
c3f553ca-0053-4581-a237-0ed4e6dce694,CUS-00452,44539.49,bank_transfer,Rivers,Oyigbo,42de18a74e13aeb6,2025-02-01 18:44:41,18,5,False
c42bc19f-7439-4ec2-acd3-9257753bf676,CUS-01210,1775.97,pos,Rivers,Oyigbo,0e27aca8e7040c91,2025-02-01 18:50:00,18,5,False
66e0ecf3-5a37-4396-99ce-e4181964eebb,CUS-00494,35431.15,bank_transfer,Abuja FCT,Gwagwalada,c752a0e1de6af1b4,2025-02-01 19:01:25,19,5,False
32c03945-49a9-4627-99aa-8ff50bb831f9,CUS-00477,428503.15,mobile_money,Oyo,Ibadan North,4a04eeeb911cfe41,2025-02-01 19:14:17,19,5,False
1df7d448-8f38-4d04-91b5-34a06fc1cfe2,CUS-00955,597.16,mobile_money,Rivers,Port-Harcourt,4cbfd8122c26b3ff,2025-02-01 19:19:01,19,5,False
c4d27bfc-e861-4236-afa5-86f5c4ce3dd5,CUS-01871,85707.04,pos,Lagos,Lagos Mainland,ea23fad9d6052bfe,2025-02-01 19:19:56,19,5,False
9e21711c-ecec-4611-b3a8-907566f98f06,CUS-00130,4941.36,pos,Rivers,Port-Harcourt,bba31a7c8dcf95ed,2025-02-01 19:35:31,19,5,False
9d48dd25-bb2b-447c-9ede-cd19de97a5b0,CUS-00651,470.56,bank_transfer,Oyo,Ibadan South-West,08f9f05c9c55855c,2025-02-01 19:40:17,19,5,False
0f155e48-e2ed-4e19-a1c0-3c64d214fcad,CUS-01858,24269.4,pos,Borno,Borno-Central,b8cde3602eceb2be,2025-02-01 19:43:27,19,5,False
2be5fa72-9b16-4f8f-b2ae-2fcc0bc98ae9,CUS-01427,351410.74,pos,Katsina,Katsina-Central,c2f17c1bd5b25fd5,2025-02-01 19:53:43,19,5,False
1c4f294e-e644-4785-9ec0-14f7de7a73ac,CUS-00042,31780.63,bank_transfer,Lagos,Agege,8869723b2e9fcf16,2025-02-01 19:58:45,19,5,False
a53b6a41-02d7-41d8-bcd7-463a2dab7147,CUS-01865,106291.71,pos,Gombe,Gombe-Central,1271ad890587ba3f,2025-02-01 19:59:12,19,5,False
5b7f44a0-2d56-4e8f-917e-72063121050c,CUS-00293,99990.03,bank_transfer,Rivers,Obio-Akpor,3d5162763556b232,2025-02-01 19:59:15,19,5,False
37eefe56-aa49-40f4-a8a6-38a56e254ad1,CUS-01139,237.46,pos,Kaduna,Kaduna North,13916b9e716e5198,2025-02-01 20:16:52,20,5,False
41cfca15-2089-4cae-97ef-88cbce9181c9,CUS-00526,2791.8,pos,Rivers,Obio-Akpor,4b22245e0c2ece40,2025-02-01 20:18:01,20,5,False
54ec50f0-1f7f-4d43-ae2f-eb7518c880e7,CUS-00448,23012.32,pos,Rivers,Obio-Akpor,b927a8f5291e9e13,2025-02-01 20:27:16,20,5,False
040b2a65-67fe-49a6-b426-d42246afbf33,CUS-01647,255803.52,bank_transfer,Plateau,Plateau-Central,5257b92dfae63a07,2025-02-01 20:52:54,20,5,False
62629b7a-61f2-4c86-a62a-573abd1c00f2,CUS-00182,483.38,pos,Adamawa,Adamawa-Central,1ec1fbe050eb7edd,2025-02-01 20:53:51,20,5,False
1a01a31d-361f-482b-9e0c-05fca49925ff,CUS-00982,151.05,mobile_money,Lagos,Alimosho,5833cf70f1e3f607,2025-02-01 20:56:09,20,5,False
01f21832-087f-47af-922c-9b3ef8326466,CUS-01321,94906.46,pos,Enugu,Enugu East,13cdbc6936f7c1bd,2025-02-01 21:00:00,21,5,True
6c1d23f2-965d-4734-934b-5fa845ecca7d,CUS-00577,42182.05,bank_transfer,Yobe,Yobe-Central,df62100e4e6a9cf9,2025-02-01 21:00:56,21,5,False
d472a050-f414-4540-a882-83bca4754886,CUS-01321,4648.44,pos,Zamfara,Zamfara-Central,13cdbc6936f7c1bd,2025-02-01 21:05:00,21,5,True
8dd04ad2-d878-44c9-bd58-d15b3b957950,CUS-01657,118.51,bank_transfer,Kano,Fagge,f93628cea36d72f3,2025-02-01 21:29:22,21,5,False
478fffc2-5394-440a-b3b6-037eeb93ae5f,CUS-00599,387.79,pos,Lagos,Agege,c886c35c1c884c22,2025-02-01 21:33:22,21,5,False
e80a0c93-b69a-4392-9198-82574b959e6a,CUS-01475,471.05,mobile_money,Anambra,Awka South,1982e4149ad2f4cf,2025-02-01 21:35:49,21,5,False
46effab3-4390-46ce-9904-fb808b4efbbb,CUS-01438,8637.98,ussd,Lagos,Alimosho,9e67975ac1e802bd,2025-02-01 21:39:03,21,5,False
446aaf22-d567-41f9-be20-570a7c6355f5,CUS-00003,89145.17,pos,Kaduna,Zaria,18718776213837dc,2025-02-01 21:45:18,21,5,False
607b1c5f-4f18-40f7-aec7-b87a225a68cb,CUS-01242,196.04,bank_transfer,Abia,Abia-Central,a2b93884ec11f5f0,2025-02-01 21:45:22,21,5,False
498ac3a7-08d5-4072-be28-5887b5ab85cf,CUS-01472,51863.75,bank_transfer,Kebbi,Kebbi-Central,c72840e5ddc555fa,2025-02-01 21:51:27,21,5,False
27344bfa-3eeb-45b1-a744-712580461f78,CUS-00613,66972.99,mobile_money,Lagos,Agege,ad26363bc4d3b3d8,2025-02-01 21:54:59,21,5,False
533fc4ac-7132-4478-8735-21c864baf084,CUS-01765,29003.91,pos,Kano,Nassarawa,d1d47db5164f8c24,2025-02-01 21:56:47,21,5,False
f4f5c5ba-ad6c-4baa-b9c4-ec80c96c014c,CUS-00539,1270.62,mobile_money,Lagos,Alimosho,3d80c520256de784,2025-02-01 21:59:28,21,5,False
ae483075-202c-4d43-a69d-65962667cf18,CUS-00918,202.04,pos,Kwara,Kwara-Central,402f6978085be2fa,2025-02-01 22:49:00,22,5,False
5eaa63d0-9a81-4dfe-81f1-fb069c718aef,CUS-01950,2962.97,pos,Lagos,Surulere,16ab96196c5b251d,2025-02-01 23:23:11,23,5,False
220d205a-6cf2-4ff8-802a-118ce54ac10d,CUS-01050,376.83,bank_transfer,Kebbi,Kebbi-Central,457ca2d963b3ad8c,2025-02-01 23:56:39,23,5,False
05a8c749-5e4c-41cc-a65a-0be5fd018c6f,CUS-00789,92.36,card,Jigawa,Jigawa-Central,7fe492226e84ff2c,2025-02-02 00:17:49,0,6,False
c236bc6a-b458-4a80-9592-1502fc4d05a7,CUS-01155,272.26,bank_transfer,Osun,Osun-Central,4206908d01944652,2025-02-02 01:56:43,1,6,False
87bf7e50-a880-457f-93ea-80a13dc9cf5f,CUS-01663,532570.31,bank_transfer,Abuja FCT,Municipal,e87a1054d8b9be6b,2025-02-02 03:29:00,3,6,True
8a57d49d-0079-4e80-9e26-632f6bd1c489,CUS-00980,1557.02,bank_transfer,Kano,Fagge,0fbb27d86ea35239,2025-02-02 03:55:24,3,6,False
137665e3-483f-4a51-87d6-7732f90d5a87,CUS-00896,92.15,bank_transfer,Kano,Tarauni,05624b725ce601e5,2025-02-02 04:19:33,4,6,False
2deda569-4bb7-436d-8ee0-4ad88cba3eaa,CUS-01443,159.55,card,Abuja FCT,Bwari,99626b470ed79cda,2025-02-02 04:36:28,4,6,False
11c201ee-2454-4085-9252-2c57a1d71290,CUS-01069,3952.07,mobile_money,Kano,Dala,b069407252ab93ec,2025-02-02 04:54:12,4,6,False
8de07b61-48ce-4efd-8779-de4e946a6ac6,CUS-01895,4775.27,pos,Ondo,Ondo-Central,12f72a7a0931c2d6,2025-02-02 05:10:39,5,6,False
ca2a16f5-85d8-4f8e-b8fa-6e58236727f6,CUS-01259,219482.17,pos,Oyo,Ogbomoso,43decebaedfb8c27,2025-02-02 05:32:24,5,6,False
a89531d5-ac1a-4c86-8dec-59b573394c04,CUS-00413,31215.66,card,Oyo,Ibadan South-West,5f8b7caf2b8b3341,2025-02-02 06:10:00,6,6,True
ca693406-fa29-4aac-a5b7-5b4388d1b25e,CUS-00505,21784.82,pos,Lagos,Kosofe,d355a859cfb7d778,2025-02-02 06:15:15,6,6,False
84812fa2-130f-482d-b846-0be795981611,CUS-00223,340.53,ussd,Rivers,Obio-Akpor,c12a7918695dc12e,2025-02-02 06:38:00,6,6,True
f1bf04fe-c3c4-4492-bb7f-6c3ee92376d7,CUS-01544,4457.34,bank_transfer,Akwa Ibom,Akwa Ibom-Central,c55413ca9b16fc13,2025-02-02 06:55:00,6,6,True
fd941c30-b599-4bc3-8671-701b64467afb,CUS-00413,4306.33,mobile_money,Oyo,Ibadan South-West,5f8b7caf2b8b3341,2025-02-02 07:06:00,7,6,True
26ffad5c-dbac-4f1b-a8ad-93036a8c240e,CUS-00223,116.03,bank_transfer,Rivers,Oyigbo,c12a7918695dc12e,2025-02-02 07:56:00,7,6,True
6f7815e3-e583-41f5-91fb-9ec0b636d6c5,CUS-00413,35768.74,mobile_money,Oyo,Oyo East,5f8b7caf2b8b3341,2025-02-02 08:07:00,8,6,True
7a430d8d-4f07-4a16-9409-1a1ff1337cb2,CUS-00999,1087.07,ussd,Abuja FCT,Kuje,8dbc71eab1346379,2025-02-02 08:18:13,8,6,False
3b0b02d6-5726-4fdb-9940-88df9b39ff9f,CUS-01263,252.31,pos,Abuja FCT,Municipal,a2d63acc0293b2db,2025-02-02 08:25:00,8,6,False
bd31fa25-a76d-4180-bbde-a4702ce55f7b,CUS-01544,4111.1,pos,Akwa Ibom,Akwa Ibom-Central,c55413ca9b16fc13,2025-02-02 08:55:00,8,6,True
54500446-9c70-4f07-8ed5-1eb04df3c933,CUS-00697,34286.77,pos,Oyo,Ogbomoso,3a7a3a30be3ac3f4,2025-02-02 09:14:53,9,6,False
aeeaee41-97d6-4d22-bc36-c18dc484c931,CUS-00321,80824.58,mobile_money,Ondo,Ondo-Central,8712e0b7021fe925,2025-02-02 09:21:19,9,6,False
646471fc-ceaf-4923-9e08-dfe2b5c4d471,CUS-00081,458.58,pos,Enugu,Enugu North,aa0d9f651510b9f0,2025-02-02 09:26:36,9,6,False
f499ae42-d683-4095-979d-03f5f2f1e2b3,CUS-00397,604753.11,pos,Rivers,Obio-Akpor,226e1605023f9821,2025-02-02 09:29:08,9,6,False
152a371c-ba2b-42a2-bea9-0c1eab06a613,CUS-01492,50576.78,bank_transfer,Lagos,Eti-Osa,318dab97928f4a79,2025-02-02 09:29:36,9,6,False
81d0d82d-a3cf-41e9-bdd0-96d96de1bb0a,CUS-01942,1832.16,pos,Abia,Abia-Central,6b9c7c279a6f20f1,2025-02-02 09:32:54,9,6,False
f0e9da55-310b-4c59-901f-58962731b46c,CUS-01227,233.34,pos,Kano,Gwale,1be01da98bccedd1,2025-02-02 09:39:05,9,6,False
2d340a51-9e1d-4393-8f8c-fc8eb6f07fae,CUS-01712,4401.55,mobile_money,Abia,Abia-Central,41745fe862a83d71,2025-02-02 09:42:17,9,6,False
20e9cd7c-d735-4b6c-8a6f-91b120630dfa,CUS-00930,303.51,pos,Lagos,Mushin,74c22ecde730501a,2025-02-02 09:45:41,9,6,False
6af77a73-c70a-41cb-921f-f280d04a1012,CUS-00552,73914.97,mobile_money,Oyo,Ogbomoso,39540e3ee814dbfd,2025-02-02 09:50:02,9,6,False
b1aa6db3-0f23-4964-8e8b-13fff8a07c71,CUS-01544,68793.74,pos,Akwa Ibom,Akwa Ibom-Central,c55413ca9b16fc13,2025-02-02 10:02:00,10,6,True
3b3c4d7c-eea5-458b-b96d-f079badb3540,CUS-00644,4670.47,pos,Lagos,Surulere,02a0acac00402ca5,2025-02-02 10:03:43,10,6,False
f5ef441c-b13b-4185-9076-581daf09a5b1,CUS-00648,90422.67,bank_transfer,Imo,Imo-Central,87df8c596d1e3bc8,2025-02-02 10:11:02,10,6,False
5352d2c9-490d-4d69-bdf7-d2d7716eb553,CUS-00352,396916.34,bank_transfer,Delta,Uvwie,706a4390dda24c86,2025-02-02 10:16:31,10,6,False
a4edf149-514c-4299-b48a-d5dde51aa2a3,CUS-00919,3646.38,pos,Lagos,Ikeja,cf89ee5c3153e958,2025-02-02 10:37:32,10,6,False
9d7301ce-bc5f-4ab4-9304-78abffa2b95c,CUS-01759,4877.14,ussd,Oyo,Ogbomoso,f38f2638e200cb90,2025-02-02 10:47:34,10,6,False
a096e037-1188-4ac4-931a-f1095d61a23b,CUS-00678,4025.8,pos,Bayelsa,Bayelsa-Central,780d38fd25566312,2025-02-02 10:56:25,10,6,False
457ed660-4797-4212-a161-8fb77d87f643,CUS-01463,4914.43,bank_transfer,Delta,Oshimili South,c8977aab38696c1b,2025-02-02 10:59:19,10,6,False
c1925fef-8499-4681-9a78-c819acfe1160,CUS-01544,898522.1,pos,Akwa Ibom,Akwa Ibom-Central,c55413ca9b16fc13,2025-02-02 11:02:00,11,6,True
3642f276-2275-4574-8a9f-036da057e427,CUS-01240,243.43,bank_transfer,Zamfara,Zamfara-Central,f5775cd8fefcfb0a,2025-02-02 11:14:26,11,6,False
fbf33cb3-9054-4f9f-9e75-2dd803b9a98f,CUS-01544,10399.99,ussd,Akwa Ibom,Akwa Ibom-Central,c55413ca9b16fc13,2025-02-02 11:19:04,11,6,False
e6a01c0d-7846-4d9b-8903-672867897830,CUS-00605,369.3,bank_transfer,Abuja FCT,Bwari,8cb5ca4807fafe31,2025-02-02 11:21:21,11,6,False
59a971db-8b48-442a-ba39-3e72ff3c0dd2,CUS-01276,1686.22,mobile_money,Lagos,Oshodi-Isolo,990dec7a88b42303,2025-02-02 11:26:51,11,6,False
d8c7afb6-b4c8-4169-8f71-f583a4f5f451,CUS-01793,428811.22,mobile_money,Anambra,Onitsha North,3960fe077f66e564,2025-02-02 11:29:08,11,6,False
3110725c-a1be-4755-8eb5-f83a6b2d3d51,CUS-00756,325.23,bank_transfer,Enugu,Enugu East,e37fedd220386e09,2025-02-02 11:34:15,11,6,False
8232d219-d3a1-47d3-8886-736725776b97,CUS-01944,780166.7,pos,Imo,Imo-Central,b37b654ece3afc3f,2025-02-02 11:38:56,11,6,False
9d508920-c4a7-46c1-a3b1-2797a7f1605f,CUS-00958,97828.1,pos,Lagos,Oshodi-Isolo,567a029e445837e0,2025-02-02 11:42:53,11,6,False
d1959033-e224-4a6f-87b2-fcd169b2fb72,CUS-01712,474485.09,mobile_money,Abia,Abia-Central,41745fe862a83d71,2025-02-02 11:47:25,11,6,False
003d27c6-7991-4104-b101-471cd11fff98,CUS-00223,3587.83,bank_transfer,Rivers,Obio-Akpor,c12a7918695dc12e,2025-02-02 11:49:00,11,6,True
a3a6c190-0f2b-4ae0-85dc-c94dae5391b7,CUS-00223,271.45,bank_transfer,Rivers,Obio-Akpor,c12a7918695dc12e,2025-02-02 11:53:00,11,6,True
452f7096-90cc-4ea4-88e0-a8ad7bbec1d2,CUS-01170,20342.95,mobile_money,Enugu,Enugu East,bb3c1c43614049b2,2025-02-02 12:13:26,12,6,False
bd67916d-556d-401c-9226-bc96a633a45f,CUS-01113,3511.23,pos,Oyo,Ibadan North,380fc2921922c9ea,2025-02-02 12:16:12,12,6,False
e071fab6-1065-4edf-b009-8bbec9a2c5e5,CUS-01397,452.75,mobile_money,Lagos,Kosofe,0d87b59e6833be9b,2025-02-02 12:17:07,12,6,False
9425c380-69ed-408a-8171-a6046d572337,CUS-00413,72445.2,mobile_money,Oyo,Oyo East,5f8b7caf2b8b3341,2025-02-02 12:21:00,12,6,True
cbbb253f-09e5-46bc-9f95-36d5d13630e9,CUS-01958,1593.99,pos,Enugu,Nsukka,35d71c040875cc99,2025-02-02 12:23:42,12,6,False
f5469e89-c73c-4e6b-8f38-f411bf7eca8d,CUS-01544,582.66,ussd,Akwa Ibom,Akwa Ibom-Central,c55413ca9b16fc13,2025-02-02 12:24:00,12,6,True
996ac898-867d-4ce8-8735-bead9b1a08d1,CUS-00280,1108.73,pos,Niger,Niger-Central,4698ff1ae54f33d7,2025-02-02 12:41:29,12,6,False
d97acc26-3ba0-47f7-932f-56969fab1418,CUS-01544,133.71,ussd,Akwa Ibom,Akwa Ibom-Central,c55413ca9b16fc13,2025-02-02 12:53:00,12,6,True
dd1285e1-01ba-4501-960a-de4302683eb7,CUS-01831,85617.62,mobile_money,Kaduna,Kaduna North,a929ced3de8349d3,2025-02-02 12:53:15,12,6,False
1dc2951d-432e-46a7-b372-43a56463cc11,CUS-00612,19356.85,pos,Enugu,Enugu North,d6b72576a75baa04,2025-02-02 12:57:09,12,6,False
5ca43c99-3da6-4e1d-8852-982943accded,CUS-01825,340.85,pos,Oyo,Ogbomoso,67bd0a3396337975,2025-02-02 13:00:34,13,6,False
54421bfa-9c92-4f77-ae0e-7610e2d09b02,CUS-01471,1813.65,mobile_money,Osun,Osun-Central,9d63300a6714af82,2025-02-02 13:02:06,13,6,False
6bdf7c61-0de5-42e4-b7dd-41755f12315b,CUS-01434,90852.68,mobile_money,Lagos,Alimosho,6f3c984e0fa71f1d,2025-02-02 13:07:39,13,6,False
6d277438-8182-4e4c-85c0-4f3783fee50c,CUS-01300,3757.82,ussd,Lagos,Surulere,2c4c0203c97a20fc,2025-02-02 13:24:59,13,6,False
cf00e126-02cb-4201-8507-77ac56043980,CUS-01757,34390.37,pos,Abuja FCT,Kuje,2b81d97a0edf05ec,2025-02-02 13:37:04,13,6,False
a6087b96-b679-4c43-aebb-c27ec0fb4288,CUS-00966,60454.56,mobile_money,Ondo,Ondo-Central,6250db96be6da642,2025-02-02 13:43:45,13,6,False
5291848e-f345-4fb2-950e-b77dc497e112,CUS-01472,3890.93,bank_transfer,Kebbi,Kebbi-Central,c72840e5ddc555fa,2025-02-02 13:44:56,13,6,False
69e87227-e385-4cdb-ac2f-39df384d53c5,CUS-01387,52727.34,bank_transfer,Lagos,Ikeja,94ead7a09cb67bfc,2025-02-02 13:46:14,13,6,False
456f1396-7bb2-45a1-b4c2-ed1b16325c21,CUS-00223,2701.01,pos,Rivers,Obio-Akpor,c12a7918695dc12e,2025-02-02 13:48:00,13,6,True
528d2980-350f-4192-83dc-543fba5ba7c1,CUS-00201,5916.42,pos,Lagos,Kosofe,39439305fe5c2f64,2025-02-02 13:48:12,13,6,False
519cb978-72e7-4f11-8c09-11f390688ec1,CUS-01277,411.06,bank_transfer,Ogun,Ogun-Central,add5c891c349873a,2025-02-02 13:50:00,13,6,False
bcc9a4fd-02ed-494f-b7da-31fe149fc340,CUS-00821,92913.3,pos,Lagos,Surulere,28ef841e7a9516fb,2025-02-02 13:54:52,13,6,False
c35530de-4914-4ccc-9345-2b920dea9162,CUS-01092,919.68,pos,Kaduna,Zaria,655ea023cd8808e5,2025-02-02 13:58:59,13,6,False
07dd1a00-74c5-4c6e-afce-31935452f666,CUS-01522,81057.6,pos,Kano,Gwale,943007d4f4e03d9f,2025-02-02 14:06:28,14,6,False
86fb30d4-f8f7-4a98-9dcb-122344162926,CUS-01950,1769.92,bank_transfer,Lagos,Alimosho,16ab96196c5b251d,2025-02-02 14:08:00,14,6,False
0b8fa0dc-e33f-4a9f-a659-0961e994cff4,CUS-00361,1130.0,bank_transfer,Delta,Warri South,63ca41fce393271f,2025-02-02 14:11:31,14,6,False
e8a44d5b-7081-456b-95ff-bec667e0d11f,CUS-00366,42072.81,mobile_money,Cross River,Cross River-Central,59e78c8c78566e9a,2025-02-02 14:16:28,14,6,False
0af7538c-1542-4e05-84d4-9280654d3b8d,CUS-01611,241.41,pos,Delta,Oshimili South,aa648247ee837f3b,2025-02-02 14:24:17,14,6,False
14ed5dea-a0c5-483a-917d-b8ee6ac0fe9a,CUS-01327,102.29,bank_transfer,Imo,Imo-Central,eb2337efa4835881,2025-02-02 14:28:38,14,6,False
2931a45b-fed8-431d-bf43-bb851162ad11,CUS-01938,310.91,pos,Abuja FCT,Kuje,cd875704aee05fcf,2025-02-02 14:38:45,14,6,False
2384821c-7588-4664-82a0-ff857e8cb446,CUS-01451,580752.1,mobile_money,Enugu,Enugu North,98ecba8511085cb7,2025-02-02 14:39:47,14,6,False
a9f4c82c-9330-4928-a973-4bc399579b00,CUS-00272,1499.37,bank_transfer,Zamfara,Zamfara-Central,c6f1d8b3c6540168,2025-02-02 14:40:54,14,6,False
a966cd47-f440-434b-8372-8ebbd17ca19b,CUS-00413,777976.82,pos,Oyo,Ogbomoso,5f8b7caf2b8b3341,2025-02-02 14:42:00,14,6,True
329aff1d-61ee-4469-834e-698583f17e04,CUS-01357,4859.67,pos,Rivers,Obio-Akpor,cf511cec9f71a1aa,2025-02-02 14:43:33,14,6,False
f6f196e6-3218-495d-81b5-6182f8416380,CUS-00258,397.52,pos,Oyo,Oyo East,0aef7632c74d2bb0,2025-02-02 14:48:29,14,6,False
2014fb9b-067d-4d89-a64a-b426d70195d9,CUS-01906,319.39,bank_transfer,Cross River,Cross River-Central,9558c6a751953314,2025-02-02 14:51:20,14,6,False
637b6c4e-c983-4a72-84fb-321a75e1818d,CUS-00725,3124.49,pos,Bauchi,Bauchi-Central,9102998f6f03a951,2025-02-02 14:51:50,14,6,False
176b4e5e-f971-4524-afe3-eed9540dcf78,CUS-00813,285.38,pos,Adamawa,Adamawa-Central,722ce8c70b4a19cd,2025-02-02 14:52:43,14,6,False
cad35451-0e77-4a37-a864-3b312b1ebbdb,CUS-00413,40997.58,pos,Oyo,Ogbomoso,5f8b7caf2b8b3341,2025-02-02 15:19:00,15,6,True
ccf9aff7-c219-41e8-b9f8-944dfd773ac6,CUS-01231,57.9,mobile_money,Lagos,Mushin,4376a1c51d5caa1b,2025-02-02 15:27:15,15,6,False
5c4f64ea-7844-4b31-8412-4a071e2865cc,CUS-01001,3981.15,mobile_money,Oyo,Oyo East,537f88949a0d8fb6,2025-02-02 15:28:04,15,6,False
d5ac69ba-4b5c-4d72-bd76-e96e85bb0f3a,CUS-00413,55225.31,bank_transfer,Oyo,Oyo East,5f8b7caf2b8b3341,2025-02-02 15:43:00,15,6,True
1730511f-97e1-4f93-8010-94f8f12bed1d,CUS-01262,78843.38,bank_transfer,Kano,Kumbotso,1ab742983a1d648b,2025-02-02 15:45:57,15,6,False
0679d093-94c8-40fc-8e26-93dff0f7f292,CUS-00223,3260.81,bank_transfer,Rivers,Obio-Akpor,c12a7918695dc12e,2025-02-02 15:52:00,15,6,True
f88abfe6-982a-4b7d-96ba-5ea376dcf3ad,CUS-01909,60.39,pos,Lagos,Lagos Mainland,7b480d3a742ac838,2025-02-02 15:57:09,15,6,False
21f0a721-d7bf-4fcb-95c9-9d934a485bc5,CUS-00235,275.45,bank_transfer,Ondo,Ondo-Central,a7d47ba536fd676a,2025-02-02 16:01:07,16,6,False
7d44214a-c7dd-4270-b928-adb51b7f395c,CUS-00323,2717.92,pos,Kano,Fagge,c6be91d942ad5d17,2025-02-02 16:04:02,16,6,False
d347a2b4-8642-4d39-ba9a-3ab338b33a0c,CUS-00173,36374.63,ussd,Lagos,Agege,215dbe62d129810e,2025-02-02 16:05:42,16,6,False
a8a65d14-cfc9-4cde-8263-6e77d151a4da,CUS-00518,24272.7,mobile_money,Ogun,Ogun-Central,4110312c0dc9f57c,2025-02-02 16:08:10,16,6,False
f8090650-6606-444e-9468-aea334d43d85,CUS-01160,407.89,bank_transfer,Plateau,Plateau-Central,ff647bdc0d9b8867,2025-02-02 16:14:28,16,6,False
a63dcb8b-a967-44df-a7af-b64602b669eb,CUS-01922,433907.55,mobile_money,Enugu,Enugu East,60e84694f42e0092,2025-02-02 16:38:59,16,6,False
92de41fe-9672-4d40-94df-05003fb5f7e5,CUS-01395,72.13,bank_transfer,Plateau,Plateau-Central,653cfb57ee19328a,2025-02-02 16:40:54,16,6,False
79059c80-272c-46be-babe-3cf5a0e79250,CUS-01423,2216.65,pos,Lagos,Surulere,9b4a9315bbdb7cca,2025-02-02 16:41:46,16,6,False
a0b052c2-1607-4cba-94e8-ab0fd55d4673,CUS-01373,2869.15,mobile_money,Abuja FCT,Gwagwalada,c3deb665c44d26ee,2025-02-02 16:47:32,16,6,False
7716ea6c-e5de-4ae1-b277-55d0e5065961,CUS-01665,16503.07,bank_transfer,Borno,Borno-Central,f822c218fdd2c293,2025-02-02 17:00:20,17,6,False
349e9890-3fbc-43d6-a984-b1a1a74263a4,CUS-01759,253.5,mobile_money,Oyo,Ibadan North,f38f2638e200cb90,2025-02-02 17:06:38,17,6,False
920cb0f3-63c3-4ab5-96bc-679e268d1faa,CUS-01661,48989.71,bank_transfer,Abuja FCT,Kuje,fdfe4ce808cc1e67,2025-02-02 17:07:35,17,6,False
0b86e60e-4686-454a-939e-66412f742f04,CUS-00413,35116.07,mobile_money,Oyo,Ibadan South-West,5f8b7caf2b8b3341,2025-02-02 17:11:00,17,6,True
057beba0-3e7e-4637-bcf1-13e4c6a9b1fa,CUS-01482,4837.11,pos,Oyo,Ibadan North,304c1b645c7fc091,2025-02-02 17:12:25,17,6,False
d80dc17d-5745-44f1-9318-1a608cb69af0,CUS-00734,194.37,pos,Kano,Fagge,9450c2933d9e8fbb,2025-02-02 17:15:34,17,6,False
b1bcbb3b-7a37-4d13-a1d7-1149257af4ef,CUS-00180,573.95,pos,Kano,Kumbotso,97faed3ece0dc138,2025-02-02 17:23:25,17,6,False
5bfbd073-fffb-4deb-b811-f24535f7daf1,CUS-00238,97.05,pos,Delta,Warri South,508e599aa4f29bec,2025-02-02 17:29:56,17,6,False
35063f3f-08ee-4cee-ad21-7741280eb872,CUS-00839,516.4,pos,Enugu,Enugu North,a2601c65fa06efa2,2025-02-02 17:37:00,17,6,False
026c4526-f011-4583-b8f3-17c9aa78fa8e,CUS-00231,70.32,pos,Abuja FCT,Municipal,4e6b4b041a5e1044,2025-02-02 17:46:32,17,6,False
7be01fe4-9d9c-4298-aa55-1586a016f30d,CUS-01544,29070.6,pos,Akwa Ibom,Akwa Ibom-Central,c55413ca9b16fc13,2025-02-02 17:51:00,17,6,True
d4934cec-38dd-4ea8-b6b9-7a1bafffe892,CUS-01428,3713.12,ussd,Enugu,Enugu East,732a634fefcbc5b8,2025-02-02 17:52:15,17,6,False
a69edadc-b9ad-4b4e-8a76-18a929e42a7b,CUS-00844,2035.41,bank_transfer,Lagos,Alimosho,c9d69774918bb695,2025-02-02 17:55:32,17,6,False
40fee536-feb3-4592-a659-815a61b0872a,CUS-00641,67377.33,pos,Kano,Fagge,c1fd4d3150507d26,2025-02-02 18:03:32,18,6,False
f17020b7-f7e8-4e4a-b901-cfa553af5a2e,CUS-01142,236.15,bank_transfer,Anambra,Onitsha North,b4f03bc7e8cf05c0,2025-02-02 18:11:47,18,6,False
c281af99-46a6-49b3-b1f1-b8bbf514fd48,CUS-00079,388.72,pos,Lagos,Ikeja,547904e86a6fecb8,2025-02-02 18:17:24,18,6,False
76c8a06e-a689-4bb7-9653-b85ce52e812d,CUS-00653,3605.19,bank_transfer,Osun,Osun-Central,e8a1a2cdb5cf364e,2025-02-02 18:24:34,18,6,False
2a9686e8-0fa3-41b0-b8bd-32019677b90c,CUS-01170,84447.67,mobile_money,Enugu,Nsukka,bb3c1c43614049b2,2025-02-02 18:29:21,18,6,False
260b2141-c24c-40ad-b8c2-cdcbb83c405c,CUS-00223,1037.57,mobile_money,Rivers,Port-Harcourt,c12a7918695dc12e,2025-02-02 18:34:00,18,6,True
683ec087-de59-41f2-b41b-29100bfbbf48,CUS-00448,800.97,pos,Rivers,Eleme,b927a8f5291e9e13,2025-02-02 18:35:45,18,6,False
71649094-973f-4413-9bb3-0d924bd5bc62,CUS-00223,187.13,pos,Rivers,Obio-Akpor,c12a7918695dc12e,2025-02-02 18:41:00,18,6,True
2cc718b1-8199-46cf-9432-247ef8f836a3,CUS-01544,72844.78,pos,Akwa Ibom,Akwa Ibom-Central,c55413ca9b16fc13,2025-02-02 18:41:00,18,6,True
ddcd00a3-b782-4455-9355-ff913424079e,CUS-01547,873591.86,bank_transfer,Oyo,Ogbomoso,a176096e4a99d9cf,2025-02-02 19:01:46,19,6,False
1490d924-9c5a-46c3-b48c-95fc85b7da44,CUS-00223,413.42,ussd,Rivers,Eleme,c12a7918695dc12e,2025-02-02 19:06:00,19,6,True
f2918c92-9b5f-4ec7-b84c-07077c0ce3f2,CUS-00363,30244.96,bank_transfer,Oyo,Ibadan South-West,89065733662aeed2,2025-02-02 19:07:44,19,6,False
ccc004b4-65f1-4d87-90ab-886d6fd35118,CUS-00223,77340.7,ussd,Rivers,Port-Harcourt,c12a7918695dc12e,2025-02-02 19:18:00,19,6,True
59fbefb9-d337-4f2b-b6af-cc7eb3a90153,CUS-01671,3100.96,pos,Kebbi,Kebbi-Central,d6462c62f2fa83c7,2025-02-02 19:23:48,19,6,False
536d35f3-c714-4b76-9cce-bbdcfa829b8d,CUS-00399,828631.12,bank_transfer,Osun,Osun-Central,7ad897b38bbadf7c,2025-02-02 19:30:18,19,6,False
c35c4071-aae1-4329-8fad-a6217a92bb2f,CUS-01283,50254.78,ussd,Lagos,Mushin,c5bbd7ccda625b32,2025-02-02 19:36:33,19,6,False
b99d2927-6bc4-4666-976b-aabce3a7710d,CUS-00939,48221.27,pos,Oyo,Ibadan South-West,ea080fb45b3fdb88,2025-02-02 19:42:57,19,6,False
52b11166-fcce-42fb-bced-97d53f802cff,CUS-01802,186.22,ussd,Kano,Dala,709f46eaff6a88ca,2025-02-02 19:46:57,19,6,False
b5d36173-f6d0-4d8d-a326-b132eb87104e,CUS-00015,3179.84,bank_transfer,Lagos,Agege,18c3701a26db3a75,2025-02-02 19:51:00,19,6,False
f627b5af-b2f7-4085-96ab-27e8ceab1fc2,CUS-01544,60360.0,pos,Akwa Ibom,Akwa Ibom-Central,c55413ca9b16fc13,2025-02-02 19:52:00,19,6,True
123d825e-a9f5-42ac-86d5-d10aaf3c2467,CUS-00149,4615.05,ussd,Kano,Tarauni,ab33a8613e43d0f0,2025-02-02 19:57:13,19,6,False
ecd40d01-bf23-43bc-ac37-8f5c01a5893b,CUS-01169,3414.58,bank_transfer,Kano,Dala,adb47e70e5622cfe,2025-02-02 19:58:55,19,6,False
f12d86f3-4dba-46f2-88e4-3491d58453d0,CUS-01544,98595.95,pos,Akwa Ibom,Akwa Ibom-Central,c55413ca9b16fc13,2025-02-02 20:00:00,20,6,True
c0247709-9879-4177-8dee-66a94beeb411,CUS-00682,39425.62,card,Lagos,Alimosho,302433bbc3220e8a,2025-02-02 20:00:24,20,6,False
f39691ba-5d1f-40f9-8eed-c87a1884915c,CUS-01544,1431.15,ussd,Akwa Ibom,Akwa Ibom-Central,c55413ca9b16fc13,2025-02-02 20:01:00,20,6,True
d9987357-58fd-482e-94c3-6489366a0870,CUS-00100,68982.03,ussd,Lagos,Alimosho,bcf49328f37bdf89,2025-02-02 20:01:37,20,6,False
d43aed8f-5645-4793-959d-bf93b86c0297,CUS-01299,13995.11,mobile_money,Edo,Oredo,463bb7d0d1220095,2025-02-02 20:08:44,20,6,False
9e082c52-09ca-4e41-a991-01d61d38718d,CUS-01795,3027.13,mobile_money,Lagos,Oshodi-Isolo,8bb741d421fd10f3,2025-02-02 20:09:08,20,6,False
623e6576-11c6-4c12-bdbe-0c0cd0cf8dae,CUS-01544,255.32,bank_transfer,Akwa Ibom,Akwa Ibom-Central,c55413ca9b16fc13,2025-02-02 20:16:00,20,6,True
2678646c-5e89-4978-9bb2-2f4085600523,CUS-00405,460.45,ussd,Nassarawa,Nassarawa-Central,4601c42a0f5d4785,2025-02-02 20:16:55,20,6,False
92127765-e93f-4d94-9c8f-75fba17ff278,CUS-01951,78270.23,mobile_money,Lagos,Alimosho,ff96fe42ef3de0ae,2025-02-02 20:26:16,20,6,False
2b85ab8a-02c0-4867-842d-6f5dd3cfb84b,CUS-00399,1229.31,bank_transfer,Osun,Osun-Central,7ad897b38bbadf7c,2025-02-02 20:36:34,20,6,False
3ad5c759-5d47-4731-b590-77bbff246ab7,CUS-01417,2529.12,mobile_money,Lagos,Eti-Osa,b56e5ca0db4f72a5,2025-02-02 20:41:34,20,6,False
d549b431-ea0f-4d1b-b373-4417dbb095ac,CUS-01162,1385.0,pos,Kano,Dala,4d4fdcee1f176dbe,2025-02-02 20:44:18,20,6,False
32d53062-e7cd-4653-853f-406480bebd68,CUS-00135,452.14,ussd,Kano,Kumbotso,a4f9096364b81dc6,2025-02-02 20:45:35,20,6,False
de98dde4-1ae5-4b3a-92ca-d5095f51670e,CUS-01219,235.76,mobile_money,Kano,Tarauni,51297a7c26e3068f,2025-02-02 20:46:31,20,6,False
357a8446-f703-4a76-843b-24318e772565,CUS-01922,441.57,mobile_money,Enugu,Enugu East,60e84694f42e0092,2025-02-02 20:52:09,20,6,False
d4620d02-a299-4beb-9027-eb445bf41931,CUS-00245,2644.92,bank_transfer,Yobe,Yobe-Central,98fd0374a3da0b15,2025-02-02 20:58:50,20,6,False
f98711b0-7585-4eb5-b825-44494f55f8f0,CUS-01544,1966.16,pos,Akwa Ibom,Akwa Ibom-Central,c55413ca9b16fc13,2025-02-02 21:06:00,21,6,True
2f23aa82-67fa-4d68-b9e0-c3e711d34968,CUS-01077,348.76,pos,Anambra,Nnewi North,d19cc2f5ad4ebc1c,2025-02-02 21:07:10,21,6,False
654339d4-c5e6-4f1c-8530-d2fa4283c819,CUS-01751,9514.19,ussd,Lagos,Kosofe,d7aa67b01e985885,2025-02-02 21:18:18,21,6,False
8f67d769-ea70-4945-bbdb-55236c89fef4,CUS-01544,148.88,bank_transfer,Akwa Ibom,Akwa Ibom-Central,c55413ca9b16fc13,2025-02-02 21:54:00,21,6,True
e4faaa96-6f8e-4637-9f4d-24e80597f372,CUS-00413,789.7,pos,Oyo,Ogbomoso,5f8b7caf2b8b3341,2025-02-02 21:54:00,21,6,True
4b09e4c2-89a2-4d50-b6cf-e2245f5692b0,CUS-01745,251.07,pos,Abuja FCT,Municipal,edc9f3db1932dde2,2025-02-02 21:55:42,21,6,False
e3c06d77-5338-4ca1-95a4-a992c0a785e1,CUS-00413,935.13,mobile_money,Oyo,Ibadan South-West,5f8b7caf2b8b3341,2025-02-02 21:56:00,21,6,True
85b5852e-692c-4a23-92d4-4eeb56fb9e5f,CUS-01544,14638.79,card,Akwa Ibom,Akwa Ibom-Central,c55413ca9b16fc13,2025-02-02 21:57:00,21,6,True
161bae3d-f719-43ea-846e-6e9241add0d7,CUS-00413,2323.59,pos,Oyo,Ogbomoso,5f8b7caf2b8b3341,2025-02-02 22:13:00,22,6,True
ca44366c-e7c9-4ffc-9b04-52865cb9ad5f,CUS-00223,4630.65,bank_transfer,Rivers,Eleme,c12a7918695dc12e,2025-02-02 22:34:00,22,6,True
fcf4871d-a33c-4ad7-a464-aacecc4a1036,CUS-00223,71548.49,bank_transfer,Rivers,Oyigbo,c12a7918695dc12e,2025-02-02 22:56:00,22,6,True
4a09f907-017d-42ee-b135-305660ddfb51,CUS-00806,2331.37,mobile_money,Gombe,Gombe-Central,1d2bb2dbe8f7d258,2025-02-02 23:01:13,23,6,False
2c6dbe20-2344-4e23-95fa-29077a083ae5,CUS-00745,1129.85,mobile_money,Nassarawa,Nassarawa-Central,29e2cbcd28a19312,2025-02-02 23:01:30,23,6,False
7890625c-e0b7-4066-bfcc-c5d444c55171,CUS-00122,1587.76,card,Kano,Gwale,42206963555634b3,2025-02-02 23:55:22,23,6,False
9eac4416-87f8-4ad6-81fc-912c1ceed3bc,CUS-01371,255178.58,bank_transfer,Lagos,Eti-Osa,b9de6e2bb55e2767,2025-02-03 00:03:00,0,0,True
48023334-7e67-4190-b3bf-59a62f5d4203,CUS-01086,1541.83,bank_transfer,Kaduna,Kaduna North,bc03b7ced93c35fb,2025-02-03 01:07:53,1,0,False
7b0490fd-eb9b-4285-bf40-cee3edde5332,CUS-00582,54103.49,bank_transfer,Abuja FCT,Gwagwalada,5097ab10195e97a2,2025-02-03 01:11:18,1,0,False
841a97b0-9285-4db3-9253-99589bd97a4f,CUS-01851,30349.39,pos,Benue,Benue-Central,d3e748409aa8c63f,2025-02-03 03:01:29,3,0,False
3c48a865-c424-4060-b198-494afc8ff5b4,CUS-01959,4031.08,pos,Imo,Imo-Central,775c01ed3ecbae4c,2025-02-03 03:32:38,3,0,False
7020a6ab-a8c8-48bc-abce-8d195e768866,CUS-00114,1725.42,mobile_money,Enugu,Enugu North,94888243a11da8b1,2025-02-03 04:16:27,4,0,False
f33f8dea-b935-41e8-90d5-f3df2fa910db,CUS-01449,80513.59,pos,Anambra,Nnewi North,1136ae79af32c0d4,2025-02-03 05:20:52,5,0,False
c9049757-74a0-44e7-9060-dc7f9c84af7a,CUS-00081,18875.07,card,Enugu,Enugu North,aa0d9f651510b9f0,2025-02-03 07:51:00,7,0,True
4bcdbee4-da83-4fe4-9fe9-a15d7fc7689d,CUS-00622,41665.69,pos,Rivers,Eleme,7e53a819ad1be8b4,2025-02-03 08:08:00,8,0,True
44a82d2b-48fd-4d59-821b-c67b83f1227c,CUS-00622,240456.4,pos,Rivers,Oyigbo,7e53a819ad1be8b4,2025-02-03 08:33:00,8,0,True
8e246efb-e945-4483-b867-fd42c9959c97,CUS-00081,3721.18,bank_transfer,Enugu,Enugu North,aa0d9f651510b9f0,2025-02-03 09:00:00,9,0,True
f731fa3f-bbad-4769-831a-64bc1163860a,CUS-01267,65754.63,bank_transfer,Abuja FCT,Municipal,c0e12dd6f7fccc2b,2025-02-03 09:00:47,9,0,False
7c28f9b7-ecd2-437f-9ca2-a622131f9848,CUS-00144,131.73,mobile_money,Kano,Dala,aa29af6cbfa3f2fb,2025-02-03 09:04:39,9,0,False
09a00a31-6133-428a-9d8b-aa68e4766bd0,CUS-00622,69327.14,ussd,Rivers,Port-Harcourt,7e53a819ad1be8b4,2025-02-03 09:14:00,9,0,True
64a7a409-3f7d-491f-9e84-8a3eba55b3ba,CUS-01983,179601.53,bank_transfer,Abuja FCT,Bwari,8d6ee04ebc70075d,2025-02-03 09:26:47,9,0,False
213efae2-06b0-4e2a-abda-b85c8bb1a8be,CUS-01820,782266.2,bank_transfer,Lagos,Mushin,cf971cc6ddb2bb35,2025-02-03 09:27:00,9,0,True
2915a7a8-ac4f-4032-95df-6abcebd86bb6,CUS-01083,494.72,bank_transfer,Kebbi,Kebbi-Central,b6a82c9c02ad23e5,2025-02-03 09:29:03,9,0,False
a04ccb76-57cc-4240-baa3-72edc98f60a1,CUS-01458,48004.47,mobile_money,Lagos,Mushin,c18dc73f7df72ee5,2025-02-03 09:32:07,9,0,False
b2478a70-7216-41b9-a362-08524fdb2628,CUS-01470,61642.19,pos,Oyo,Ogbomoso,c4455eb10abbc54e,2025-02-03 09:33:16,9,0,False
ed2f0ba6-06b0-477d-836f-d0a64e0a1883,CUS-00433,56406.55,mobile_money,Lagos,Ikorodu,dc214b9c85be517a,2025-02-03 09:34:00,9,0,True
252fe77b-e33a-4383-897d-95891aaa1e3b,CUS-00167,2770.25,pos,Lagos,Alimosho,1a50db474267137b,2025-02-03 09:36:47,9,0,False
fee6ca68-761c-4f31-a101-1865e0530e18,CUS-01976,57512.71,pos,Kano,Nassarawa,51bdf1774320a714,2025-02-03 09:37:09,9,0,False
58d43779-4aff-416f-a2b7-371637628ef2,CUS-00180,44557.25,pos,Kano,Fagge,97faed3ece0dc138,2025-02-03 10:05:53,10,0,False
cf267a56-ca60-4c6e-9e06-17e12e6703be,CUS-01170,1192.62,mobile_money,Enugu,Nsukka,bb3c1c43614049b2,2025-02-03 10:19:19,10,0,False
7c896dd7-54e0-4304-868d-7c364403c92a,CUS-01032,908159.58,mobile_money,Lagos,Oshodi-Isolo,3465e7c29e8ade80,2025-02-03 10:33:37,10,0,False
0614133c-b741-4ad1-b43a-830867804183,CUS-01166,431.93,mobile_money,Bauchi,Bauchi-Central,dcb3d11d5a7e30d1,2025-02-03 10:38:56,10,0,False
1f4203d7-d1ae-4c11-8f23-3d953286e44d,CUS-00802,40580.56,ussd,Oyo,Ogbomoso,1a7c536b55b08bee,2025-02-03 10:39:12,10,0,False
488ede3b-654c-408a-841c-0ddca0c2e252,CUS-00155,182.82,pos,Lagos,Ikeja,aa41351d7606065f,2025-02-03 10:42:10,10,0,False
bade4c48-5ef2-4403-a413-31dbee957cc0,CUS-00182,686113.52,pos,Adamawa,Adamawa-Central,1ec1fbe050eb7edd,2025-02-03 10:48:16,10,0,False
a27de861-7b0c-46ab-9492-535933b68994,CUS-00622,776.17,mobile_money,Rivers,Obio-Akpor,7e53a819ad1be8b4,2025-02-03 10:51:00,10,0,True
531f1d1e-bce9-45bb-98d6-de86abfbe09f,CUS-00553,96913.9,pos,Lagos,Ikorodu,04817bd46d407d52,2025-02-03 11:00:00,11,0,True
11f59cc2-8a8d-41e9-98f2-6339398ac33d,CUS-00332,55612.53,bank_transfer,Lagos,Oshodi-Isolo,3fe7ddf458a60195,2025-02-03 11:06:39,11,0,False
a54c9d42-3eea-4053-96c2-70b207514905,CUS-00232,2852.67,ussd,Oyo,Ibadan South-West,ea03ae9c877f8c0b,2025-02-03 11:10:27,11,0,False
bc069f4c-ae2d-4d24-a21e-729b2283541e,CUS-01688,19829.32,ussd,Kaduna,Kaduna North,c6da6c20add6ccdb,2025-02-03 11:12:18,11,0,False
12deabc7-ce07-4384-b56b-8b02dd168edd,CUS-01887,46755.99,bank_transfer,Lagos,Lagos Mainland,0be354668f5ee630,2025-02-03 11:14:50,11,0,False
efc57882-bf7c-4821-b347-6093986ad234,CUS-00553,2588.21,bank_transfer,Sokoto,Sokoto-Central,04817bd46d407d52,2025-02-03 11:16:00,11,0,True
af02e6b1-8fd1-437d-a89b-f23a04ba4c02,CUS-00622,60851.28,pos,Rivers,Obio-Akpor,7e53a819ad1be8b4,2025-02-03 11:40:00,11,0,True
4cf2d51b-ab9a-41bd-b659-be07efb38a19,CUS-01075,739379.63,ussd,Rivers,Eleme,6acbe7b85ae03a41,2025-02-03 11:41:55,11,0,False
0200bac8-3f38-48ef-aaf8-d0b6e402e46d,CUS-00910,3723.8,pos,Kaduna,Kaduna North,21b2603bae87d119,2025-02-03 12:12:47,12,0,False
a6bf4718-d031-4f62-b7b1-0ddbf7fe553e,CUS-00433,2125.95,pos,Lagos,Mushin,dc214b9c85be517a,2025-02-03 12:19:00,12,0,True
346fd54b-4287-4f8a-a4f4-e5aa447c4514,CUS-00474,4469.53,bank_transfer,Oyo,Ibadan South-West,1ff434af9688f99c,2025-02-03 12:21:32,12,0,False
1fb9bc39-15d1-4525-8a4d-cfbf93e5350e,CUS-01726,1814.74,pos,Abuja FCT,Bwari,bd622d69a1d09731,2025-02-03 12:22:23,12,0,False
098e962b-2e79-4cf6-997d-d54342307040,CUS-01718,193.24,bank_transfer,Ekiti,Ekiti-Central,7830e91dc369472d,2025-02-03 12:26:08,12,0,False
4b5da717-e880-49ba-b775-978aedc09917,CUS-01141,276.67,ussd,Kano,Tarauni,d0913cca917fcf09,2025-02-03 12:27:19,12,0,False
148040f2-ed10-4f31-8714-06d59ebd7b8a,CUS-00081,29301.01,card,Enugu,Enugu North,aa0d9f651510b9f0,2025-02-03 12:28:00,12,0,True
f7dfd815-1a0a-4724-a266-f513ffe20976,CUS-00433,2848.88,pos,Lagos,Oshodi-Isolo,dc214b9c85be517a,2025-02-03 12:40:00,12,0,True
2371e742-865a-40dd-946a-c3f0e0746809,CUS-01298,1295.55,pos,Enugu,Enugu North,8316a52fadfdb58f,2025-02-03 12:43:56,12,0,False
f3b18fcf-578a-4a91-b049-60caed5d4bc7,CUS-00935,497.45,pos,Kano,Nassarawa,b408994bb5a00c47,2025-02-03 12:45:13,12,0,False
c48b706b-c2b5-4b1b-9ab0-cc16a61fbaa2,CUS-00622,299720.12,ussd,Rivers,Obio-Akpor,7e53a819ad1be8b4,2025-02-03 12:47:00,12,0,True
903dde96-8e46-4ddf-9bf9-fd1c756c6a93,CUS-01418,549594.25,pos,Abuja FCT,Bwari,d3cb7e7d185053b7,2025-02-03 12:51:54,12,0,False
0995b491-c132-461b-85b7-e1594b7056df,CUS-01581,19760.49,mobile_money,Rivers,Port-Harcourt,5a9b85d7ec8f8562,2025-02-03 12:52:07,12,0,False
db3ccd76-a13c-4729-b022-b730968446a6,CUS-01807,362.18,pos,Lagos,Oshodi-Isolo,39b75e6bcf7ef405,2025-02-03 12:52:25,12,0,False
84b386ad-cf70-4775-9473-c3e9a32017ab,CUS-00147,248.92,pos,Abuja FCT,Kuje,8331c4185bef5711,2025-02-03 13:03:33,13,0,False
b2a879e9-7b3c-43ad-835c-2efbf371334f,CUS-01147,93735.02,mobile_money,Delta,Warri South,780d811024c2eb53,2025-02-03 13:14:32,13,0,False
cccfb96e-534c-438b-99d6-fe2d98556591,CUS-01352,18100.02,pos,Rivers,Eleme,92635ba9f4c8df47,2025-02-03 13:14:46,13,0,False
87cab031-3e2c-4111-85aa-a99e824736c9,CUS-00937,30307.8,bank_transfer,Taraba,Taraba-Central,db6c0c9551210daa,2025-02-03 13:15:23,13,0,False
51d9bf3f-15c0-4454-95ca-8b2867895f8f,CUS-01886,1235.49,ussd,Lagos,Lagos Mainland,fcdeb95d42646c7b,2025-02-03 13:16:52,13,0,False
597defac-446e-4c00-a667-bfc93f90ad72,CUS-00196,72464.13,bank_transfer,Ondo,Ondo-Central,79d82d14604d462e,2025-02-03 13:25:47,13,0,False
9cc729d0-2feb-4996-924a-1e889a2f4c72,CUS-01220,958.3,bank_transfer,Katsina,Katsina-Central,a6368f9dab3152f7,2025-02-03 13:26:46,13,0,False
40ff254b-7b18-4f81-93a5-b0c8e4ad69eb,CUS-00433,2939.98,pos,Lagos,Eti-Osa,dc214b9c85be517a,2025-02-03 13:33:00,13,0,True
2defb7fe-3158-4f78-80c0-e41c0d6729c3,CUS-01347,10873.83,pos,Rivers,Eleme,ec76fa108fd59db4,2025-02-03 13:40:44,13,0,False
6781b472-8d20-4d02-9773-c46e277e7d8e,CUS-01510,1827.52,pos,Benue,Benue-Central,69cb295a76c3f3e8,2025-02-03 13:42:02,13,0,False
b5bd87f9-623d-4801-bccd-08158f33f4c1,CUS-01154,224864.12,bank_transfer,Enugu,Nsukka,b6010d549f54bd12,2025-02-03 13:44:27,13,0,False
41b0f465-fce4-473e-a9b1-f18181c82149,CUS-01402,78304.39,card,Lagos,Agege,91a85e92e9185a19,2025-02-03 13:46:25,13,0,False
da97f88e-35cd-4dc6-9be7-069cff6fe496,CUS-01384,194.09,pos,Delta,Warri South,ddcf9b7246537bb1,2025-02-03 13:49:47,13,0,False
f49647f7-06a7-420c-acad-f44de2a68d2e,CUS-00620,76318.28,bank_transfer,Lagos,Lagos Mainland,4762854417db70c3,2025-02-03 13:51:06,13,0,False
a6d6bcab-f2ce-47f8-a2ae-c921b89910e1,CUS-01299,47952.94,mobile_money,Edo,Ikpoba-Okha,463bb7d0d1220095,2025-02-03 13:56:14,13,0,False
2d229fc3-a364-495b-a752-91c345f61376,CUS-00433,4748.42,mobile_money,Lagos,Ikeja,dc214b9c85be517a,2025-02-03 13:58:00,13,0,True
5fe73a12-a560-4c30-8373-20ff1babf63c,CUS-00622,91560.77,bank_transfer,Rivers,Oyigbo,7e53a819ad1be8b4,2025-02-03 14:00:00,14,0,True
b5029b76-adfc-4ae3-8fd3-f2a49a830d63,CUS-01774,2118.7,bank_transfer,Imo,Imo-Central,4416a81ac3c26ad7,2025-02-03 14:04:59,14,0,False
10f44671-2258-49f7-9b5f-15a4ad60577c,CUS-01620,141.64,pos,Abuja FCT,Municipal,e4273f31990db9bc,2025-02-03 14:07:20,14,0,False
5947f19c-4bc5-4918-a0a2-e8ed94f81b0a,CUS-00030,54216.34,pos,Kaduna,Zaria,968ca543cfadacac,2025-02-03 14:13:20,14,0,False
a5bfa76b-0ce1-4c61-a2ac-848a30c43e18,CUS-01135,1278.74,bank_transfer,Lagos,Surulere,ddc7283b773c8f9b,2025-02-03 14:17:10,14,0,False
8f84fa8c-3305-4aa3-a3cb-3a82cdc54dba,CUS-00081,83047.04,bank_transfer,Enugu,Nsukka,aa0d9f651510b9f0,2025-02-03 14:21:00,14,0,True
91ef9f73-1834-4c96-ad53-8e4fcdd11c92,CUS-00855,298195.44,bank_transfer,Lagos,Lagos Mainland,c708ef9fa6a48519,2025-02-03 14:24:02,14,0,False
8e5274ed-5d44-429c-9d23-ef9f0188e467,CUS-00658,4824.29,pos,Delta,Uvwie,f427466ee9b7df69,2025-02-03 14:24:52,14,0,False
bd61b367-e9a3-4714-bbd7-5d5d6bf8aa0d,CUS-00030,77564.37,pos,Kaduna,Zaria,968ca543cfadacac,2025-02-03 14:28:44,14,0,False
5b07cd42-b3dc-43f2-b07d-83feac52b9f9,CUS-00622,397.44,bank_transfer,Rivers,Obio-Akpor,7e53a819ad1be8b4,2025-02-03 14:29:00,14,0,True
700be31d-39a9-4956-a1bb-55c3f4d04724,CUS-00610,5278.18,mobile_money,Lagos,Ikeja,306e315b55aaa9fd,2025-02-03 14:31:35,14,0,False
f8965240-8925-4fea-80e5-23397c196dff,CUS-00622,270.16,pos,Rivers,Obio-Akpor,7e53a819ad1be8b4,2025-02-03 14:32:00,14,0,True
cfac61f4-8d03-4948-857b-929f6d1519f7,CUS-00822,2160.96,bank_transfer,Kano,Tarauni,5f1b5a194feb6b53,2025-02-03 14:42:11,14,0,False
fd07b8fd-08ba-40f7-938f-7791df317c67,CUS-00081,53696.29,bank_transfer,Enugu,Enugu North,aa0d9f651510b9f0,2025-02-03 14:43:00,14,0,True
236d3e2d-19bf-493b-b182-83e9a8e0447e,CUS-00317,2732.19,mobile_money,Lagos,Surulere,f36089e1e301c38d,2025-02-03 14:44:57,14,0,False
05029880-b7a3-4111-b15f-f51877dc6765,CUS-00311,2030.43,ussd,Lagos,Kosofe,7642663954311669,2025-02-03 14:58:54,14,0,False
c067ba47-9f14-4e83-afe5-abac0b9eb800,CUS-01045,1372.94,bank_transfer,Kano,Nassarawa,514113e6f764629e,2025-02-03 15:00:00,15,0,True
3ab212c9-ed93-462a-a7a0-aad5e94a7a7c,CUS-01509,2081.12,mobile_money,Kwara,Kwara-Central,5158872a81a9343c,2025-02-03 15:04:47,15,0,False
ca8a218a-70bd-46fa-a4ae-41eb130e23d1,CUS-00057,424725.68,bank_transfer,Lagos,Agege,7176e72fa68d4e40,2025-02-03 15:05:53,15,0,False
32bfa040-cc5f-41a4-9a50-1b5badaf84d5,CUS-01782,86772.64,pos,Abuja FCT,Gwagwalada,5a12a23810b5b458,2025-02-03 15:10:37,15,0,False
9bcdb90e-4aa6-41d5-ab2a-2c632ee40e86,CUS-01375,4201.77,mobile_money,Zamfara,Zamfara-Central,0bc8442031e8871c,2025-02-03 15:11:39,15,0,False
36422e78-3e67-4f7e-a9de-500fb7cee7e4,CUS-01045,567.99,bank_transfer,Delta,Warri South,514113e6f764629e,2025-02-03 15:22:00,15,0,True
752b1918-b03a-4403-acbf-8c022143d1fa,CUS-00727,63971.07,card,Imo,Imo-Central,5e2631ade3332edb,2025-02-03 15:46:29,15,0,False
78b34364-65dd-4bae-82ce-7e01f9f8a73a,CUS-00622,1762.17,pos,Rivers,Oyigbo,7e53a819ad1be8b4,2025-02-03 15:50:00,15,0,True
b5470c01-afe2-424d-bc97-7bce59c638b6,CUS-00081,64153.78,bank_transfer,Enugu,Enugu East,aa0d9f651510b9f0,2025-02-03 15:52:00,15,0,True
0dfdc36f-57ad-4525-922c-3384bf84adc8,CUS-01492,884667.09,ussd,Lagos,Ikeja,318dab97928f4a79,2025-02-03 15:52:22,15,0,False
bc6a5f18-ca42-4511-a8fc-9417fd6efee5,CUS-00178,457.79,mobile_money,Gombe,Gombe-Central,ae961792de3c8d29,2025-02-03 15:57:03,15,0,False
e26e417e-de68-4567-87dc-2268822f78a2,CUS-01327,78678.97,mobile_money,Imo,Imo-Central,eb2337efa4835881,2025-02-03 16:06:12,16,0,False
dad51e79-c257-4cc2-adbd-518a778840e1,CUS-00937,37771.7,bank_transfer,Taraba,Taraba-Central,db6c0c9551210daa,2025-02-03 16:09:28,16,0,False
d64d98ab-a714-4e9d-a112-310e042d27b8,CUS-01062,367.16,bank_transfer,Kwara,Kwara-Central,398b5f1c492b7fbf,2025-02-03 16:14:06,16,0,False
7c090e46-efde-4504-887c-65469bf1b0b2,CUS-00405,496.43,mobile_money,Nassarawa,Nassarawa-Central,4601c42a0f5d4785,2025-02-03 16:21:29,16,0,False
c9fa2cec-5a69-4e77-b258-e59faf1515c1,CUS-01628,3264.37,mobile_money,Lagos,Eti-Osa,9dba5f6ba727a829,2025-02-03 16:24:03,16,0,False
ec47c0c1-d323-4ca6-bdca-87ea825112de,CUS-00285,4215.81,mobile_money,Lagos,Kosofe,72450b7e68862ec6,2025-02-03 16:26:41,16,0,False
7e362643-40d5-4fe5-8326-67bb031b2e34,CUS-01932,437717.02,bank_transfer,Oyo,Ibadan South-West,1015c124c9b58be1,2025-02-03 16:27:13,16,0,False
16699a21-606f-4d11-a173-8ebf61477aac,CUS-01396,319.24,mobile_money,Rivers,Port-Harcourt,98610eeb8849a59b,2025-02-03 16:31:11,16,0,False
4e3b9bbf-cccf-4fcf-9a24-3b19dccc7bcb,CUS-01094,129.9,card,Lagos,Kosofe,85d7d4bf2b272403,2025-02-03 16:32:50,16,0,False
a249d1ce-7185-4fd8-871d-34114f53582f,CUS-01787,355.04,card,Kaduna,Zaria,d28e308dde8dbfd0,2025-02-03 16:44:36,16,0,False
e6b561bf-2454-49b4-bfe5-cd5055369001,CUS-01688,37588.45,pos,Kaduna,Kaduna South,c6da6c20add6ccdb,2025-02-03 16:45:55,16,0,False
a921c20f-7e45-4316-a074-7bed72cb1115,CUS-00433,2932.27,mobile_money,Lagos,Agege,dc214b9c85be517a,2025-02-03 16:47:00,16,0,True
c379819b-a249-4df1-a036-b14b39f02961,CUS-00652,4045.73,pos,Kaduna,Kaduna South,b53d9478f74db31d,2025-02-03 17:04:14,17,0,False
ad7c66ca-3118-4929-9e59-10364e3ffbb6,CUS-00890,79495.11,pos,Ondo,Ondo-Central,ec04d0f65b6923c4,2025-02-03 17:08:44,17,0,False
98bc7a7b-b258-4502-8307-e09e11964ab2,CUS-01821,292.25,card,Lagos,Oshodi-Isolo,e7ac53555b39c0fc,2025-02-03 17:11:55,17,0,False
d42c1db2-f43a-4c95-95a4-0952e2fecdf3,CUS-00554,34864.62,pos,Kebbi,Kebbi-Central,899bca59a4169d29,2025-02-03 17:12:57,17,0,False
56e7a06e-ecab-4032-98a4-ed780bd0cca3,CUS-00947,182892.14,bank_transfer,Nassarawa,Nassarawa-Central,16f02fc59c758e76,2025-02-03 17:13:53,17,0,False
1881b549-6025-4f73-b8a7-813bdfe6fefb,CUS-00992,423.63,bank_transfer,Kano,Dala,9efb5fcc24e336a3,2025-02-03 17:20:33,17,0,False
277d29b9-bb16-4085-a4a1-c335246c45b0,CUS-01575,258.82,ussd,Lagos,Alimosho,fd0c05be28efe48d,2025-02-03 17:32:27,17,0,False
811496bc-0c1a-42f4-b67f-ff817fae066a,CUS-01642,242.81,pos,Abuja FCT,Gwagwalada,d02d3de6b21344b6,2025-02-03 17:32:47,17,0,False
1fb91dc3-78e5-4395-8e65-23f290ccfcd1,CUS-00081,2916.95,pos,Enugu,Enugu North,aa0d9f651510b9f0,2025-02-03 17:36:00,17,0,True
0424630b-8e19-4494-914c-e2c0eac4cae5,CUS-00081,192.08,bank_transfer,Enugu,Enugu East,aa0d9f651510b9f0,2025-02-03 17:39:00,17,0,True
528e645c-01e0-4e1d-8df2-885bac1105cd,CUS-01560,89067.19,pos,Kano,Kumbotso,65fa79b574411b2d,2025-02-03 17:39:10,17,0,False
9e4f18e4-5fbc-4254-b4ce-6b1d1662bbec,CUS-01722,1050.52,ussd,Kano,Nassarawa,09e337320c6f169d,2025-02-03 17:43:36,17,0,False
ef213b98-3152-4daa-82f9-d83cecbaf86a,CUS-00312,2835.85,bank_transfer,Lagos,Mushin,3494ed058a6d99ad,2025-02-03 17:53:20,17,0,False
38018994-410b-46c7-bdee-a0c178c846a5,CUS-00007,965.99,pos,Zamfara,Zamfara-Central,d8d2a6dd35f76c1f,2025-02-03 18:12:21,18,0,False
74976dd2-fa31-42b0-b621-aeee97aea830,CUS-01037,91.72,card,Ondo,Ondo-Central,a88d75e7d5798857,2025-02-03 18:16:16,18,0,False
fc00624f-bff3-4389-9333-bb7d858709d1,CUS-00643,605.67,bank_transfer,Kano,Nassarawa,1903043ff21160e0,2025-02-03 18:22:32,18,0,False
f5838c74-1ad3-4916-84f8-0a2ae5e6927e,CUS-00690,782722.89,bank_transfer,Kano,Tarauni,9b160c32acee1e9d,2025-02-03 18:24:05,18,0,False
dbeac388-5061-46c4-9c64-a312add85ac3,CUS-01356,5864.51,mobile_money,Nassarawa,Nassarawa-Central,853907668826b986,2025-02-03 18:28:11,18,0,False
21e11bfe-dce8-46c3-974e-5d1acb2b9728,CUS-01630,435.46,pos,Kwara,Kwara-Central,e72c068b89d1c7b1,2025-02-03 18:33:47,18,0,False
f5b8d09a-91b1-4764-a4ef-3a4ef3f5338b,CUS-01594,73912.17,bank_transfer,Ondo,Ondo-Central,6a53bf463fa62fda,2025-02-03 18:41:55,18,0,False
8400eed3-496f-4842-96cc-b8d7c142f4d5,CUS-00433,2622.03,pos,Lagos,Agege,dc214b9c85be517a,2025-02-03 18:54:00,18,0,True
ed5d53bb-de17-484e-abf1-208456e976aa,CUS-00211,4746.0,mobile_money,Anambra,Onitsha North,a37b10c1b0073fe1,2025-02-03 19:23:34,19,0,False
b1d1d8f7-fcf2-408b-98aa-25ce3d48d8fe,CUS-00316,2584.03,pos,Rivers,Obio-Akpor,f45621f2c00f78c7,2025-02-03 19:26:15,19,0,False
216cdf9f-515e-4664-9a0c-e0ba73036436,CUS-00622,63150.63,pos,Rivers,Obio-Akpor,7e53a819ad1be8b4,2025-02-03 19:27:00,19,0,True
cd6d704c-eb9d-4bde-bd74-6e216aa511e8,CUS-01067,387.79,card,Lagos,Agege,a6477d2c79391ff0,2025-02-03 19:33:06,19,0,False
821e5159-fd77-4d34-a6ab-2730cf0dc9fe,CUS-01203,3036.08,ussd,Kano,Nassarawa,81d3f55d5b163e00,2025-02-03 19:35:26,19,0,False
5a423ccc-f79c-46df-b0bb-03c03f348bd8,CUS-00617,70907.0,pos,Kano,Nassarawa,9be78ff896a57226,2025-02-03 19:39:00,19,0,False
02ab7fc8-435a-4466-acc6-91fa2f3efc46,CUS-01702,706503.13,pos,Kano,Nassarawa,f22f0d78734c4760,2025-02-03 19:40:06,19,0,False
d90e53e1-5854-40a8-910b-2221036264a3,CUS-01742,28470.56,mobile_money,Kwara,Kwara-Central,d2a3e6ca8f72aef1,2025-02-03 19:43:46,19,0,False
19c8e167-261e-4aaf-a18f-0cee08776de8,CUS-00729,59083.97,bank_transfer,Lagos,Eti-Osa,74c46c6f8b16e0c6,2025-02-03 19:44:06,19,0,False
1fd78328-3aee-472b-821a-6c260e8ae56c,CUS-01863,787946.08,pos,Oyo,Ogbomoso,e2cd40b0a465df43,2025-02-03 19:46:43,19,0,False
60af3c9e-085e-4839-af6e-d15077cd3a79,CUS-00433,4485.05,pos,Lagos,Mushin,dc214b9c85be517a,2025-02-03 19:49:00,19,0,True
d1c9ae33-1e4f-4b58-8462-586061875176,CUS-00482,3340.33,ussd,Abuja FCT,Municipal,e7e3666ef213fc1c,2025-02-03 19:49:20,19,0,False
1d43ca80-16a1-4069-ba69-3c72b6d908e9,CUS-00760,2781.2,pos,Lagos,Ikeja,a5121d1898c9d913,2025-02-03 19:49:25,19,0,False
31a8a14f-6688-4d9b-aa77-2fecbd293da2,CUS-00479,262381.44,mobile_money,Abuja FCT,Gwagwalada,e402b8e4523a2ea0,2025-02-03 19:55:18,19,0,False
ad099526-42c8-456a-b061-219383eff745,CUS-01245,512838.77,pos,Enugu,Nsukka,a95550343289f149,2025-02-03 19:55:35,19,0,False
13e7c2c0-165e-4dd0-a389-9dba168e1bd5,CUS-01393,62.56,pos,Abuja FCT,Kuje,713de381805278a1,2025-02-03 19:59:07,19,0,False
f926e679-077a-4796-97fe-ba21b8f035d0,CUS-01593,57971.09,bank_transfer,Lagos,Kosofe,fe285f055c45f3de,2025-02-03 20:01:08,20,0,False
911bae21-8a6c-409f-8842-141abe509f35,CUS-00433,49895.27,pos,Lagos,Mushin,dc214b9c85be517a,2025-02-03 20:11:00,20,0,True
6c66d346-d4b7-41af-83ee-b2ae9d4db5d7,CUS-00857,79956.93,pos,Abuja FCT,Municipal,5dc9fa146e46a351,2025-02-03 20:23:07,20,0,False
30a52188-bbc3-472d-9704-4d9c66da6769,CUS-01129,4638.77,bank_transfer,Kano,Nassarawa,3cb9a5c73af5a620,2025-02-03 20:31:11,20,0,False
bf9b6c6a-520d-4ee8-b02d-ca5d8565a74f,CUS-01677,90.1,pos,Rivers,Eleme,283f6dc9c1ece240,2025-02-03 20:42:34,20,0,False
feb3a75d-32a8-45d2-8c0b-9dbf2dddf3b4,CUS-01178,684849.56,mobile_money,Kwara,Kwara-Central,94f90507e81b387e,2025-02-03 20:46:33,20,0,False
461753a7-a835-43f9-8237-6596a771020b,CUS-01242,51570.88,bank_transfer,Abia,Abia-Central,a2b93884ec11f5f0,2025-02-03 20:51:09,20,0,False
9243cafe-2a1c-4d89-8d25-e1286326d51e,CUS-01824,2064.5,pos,Delta,Uvwie,795d3a618ee8a025,2025-02-03 20:53:25,20,0,False
3d15015d-4187-4ccf-8979-c089fe4edb25,CUS-01524,3275.59,pos,Abuja FCT,Bwari,e9b082843f2915d1,2025-02-03 20:56:34,20,0,False
ccfa85b8-1c4b-491f-9f2f-b7168cb42629,CUS-01880,27789.55,pos,Lagos,Surulere,6152af8ce136007f,2025-02-03 21:00:00,21,0,True
f0fc6875-72fd-4c22-bda1-4b9f8665bf05,CUS-00724,4221.05,pos,Oyo,Ibadan South-West,4efd26d3ea3c9cf3,2025-02-03 21:02:44,21,0,False
50f840ec-5698-4a8b-b361-8a2d481e2a67,CUS-00185,97240.01,ussd,Delta,Uvwie,d898e5104d1303b0,2025-02-03 21:07:32,21,0,False
67578603-62b1-4e15-a58e-86d4cde5014d,CUS-00664,939185.0,bank_transfer,Lagos,Oshodi-Isolo,a0143ffa4ba86491,2025-02-03 21:08:01,21,0,False
c4171c24-7965-4277-9991-edf1005a620d,CUS-00570,4876.79,bank_transfer,Abuja FCT,Gwagwalada,c49513616758d76b,2025-02-03 21:13:36,21,0,False
d13fc231-3d03-4d9f-bdeb-c9612748bc5e,CUS-01880,8626.77,mobile_money,Sokoto,Sokoto-Central,6152af8ce136007f,2025-02-03 21:17:00,21,0,True
a0547352-212d-4df1-a756-74e88d6f33d6,CUS-00081,473.35,mobile_money,Enugu,Nsukka,aa0d9f651510b9f0,2025-02-03 21:26:00,21,0,True
e6b26eee-a690-48d1-bf9d-3aad919d466c,CUS-00081,2657.07,pos,Enugu,Enugu North,aa0d9f651510b9f0,2025-02-03 21:30:00,21,0,True
7b1bf3fe-f5d4-495d-b31f-54a9a5fbea29,CUS-00081,1230.36,mobile_money,Enugu,Enugu North,aa0d9f651510b9f0,2025-02-03 21:33:00,21,0,True
36a2f191-7970-45a1-aba0-a2e91341778d,CUS-01982,671008.67,pos,Abuja FCT,Municipal,b73ee420f622f6cf,2025-02-03 21:36:00,21,0,False
8d143d2f-540d-402b-9e3d-2952ef8e8172,CUS-01816,3527.28,pos,Kano,Fagge,a691cf3791648d00,2025-02-03 21:37:14,21,0,False
2f76e0a5-1794-4f86-81cd-442398ba2ecd,CUS-00045,1554.06,mobile_money,Delta,Warri South,6711970ae6af006e,2025-02-03 21:44:32,21,0,False
97407195-3baa-49bc-8352-5ecb7662041e,CUS-01586,118884.7,pos,Edo,Egor,ac26d5b5ca0ca689,2025-02-03 21:53:24,21,0,False
25dde8fe-84a8-48ab-8fb1-7f3520ae2f0f,CUS-01985,1012.33,ussd,Lagos,Ikeja,e60e86688a83e9d7,2025-02-03 21:57:53,21,0,False
1d873603-4547-439e-a695-9ead519b299b,CUS-00364,83.89,bank_transfer,Jigawa,Jigawa-Central,a373311aaf47ce29,2025-02-03 22:09:31,22,0,False
9405a0c2-78d1-477d-979b-e3edf6739008,CUS-00433,68.49,pos,Lagos,Kosofe,dc214b9c85be517a,2025-02-03 22:10:00,22,0,True
d5bece42-d7fe-4d57-9ce4-ef84d5fbc114,CUS-00770,63.09,pos,Lagos,Agege,07ebcbdbcca5ed04,2025-02-03 22:16:14,22,0,False
2607dcc7-598d-4cd4-860f-b443248cfee8,CUS-00862,425.79,card,Oyo,Ogbomoso,c408d8c18eab051a,2025-02-03 22:19:44,22,0,False
1b50dbb7-dc66-4e86-812e-2bbf2f65859f,CUS-01569,460774.98,bank_transfer,Abuja FCT,Bwari,21d624bef1726de6,2025-02-04 00:20:00,0,1,True
05bedca5-b09e-40b5-9000-938cc9c77274,CUS-00035,321103.51,bank_transfer,Benue,Benue-Central,c43622476204a29b,2025-02-04 00:46:00,0,1,True
1dd7bf54-8a0d-4dd7-afa2-8352152270fb,CUS-00308,575042.93,bank_transfer,Imo,Imo-Central,c2e5844899480571,2025-02-04 01:50:00,1,1,True
c554417f-8207-4921-bbd6-1ed94c603111,CUS-00828,2564.83,bank_transfer,Osun,Osun-Central,9a1f4e8803f68e25,2025-02-04 02:33:37,2,1,False
3a2f55a0-9a66-4986-8554-5cee3428bb8c,CUS-00363,36643.13,bank_transfer,Oyo,Ibadan North,89065733662aeed2,2025-02-04 03:30:24,3,1,False
d6a0c001-b33a-4df4-9bec-17bf2927151e,CUS-00257,12682.85,bank_transfer,Edo,Ikpoba-Okha,05b67e1b6e78ab21,2025-02-04 03:48:48,3,1,False
c0bb5628-ca90-499d-beb4-1bd8aa2f97d8,CUS-00405,96174.17,bank_transfer,Nassarawa,Nassarawa-Central,4601c42a0f5d4785,2025-02-04 03:52:17,3,1,False
ec04a4fb-6f09-425c-9c72-2b4eae818996,CUS-00222,4479.66,pos,Lagos,Agege,03d53dcc4ef59e8b,2025-02-04 05:54:36,5,1,False
830670ef-9650-4768-89b1-ef7ba59e02cb,CUS-00428,21200.49,bank_transfer,Kano,Fagge,e99fa23fc8e6faf1,2025-02-04 06:15:00,6,1,True
81c1424d-3c49-4a02-b8e9-09c50750bc23,CUS-01529,45648.66,bank_transfer,Oyo,Ogbomoso,b2f3d811f1911e5d,2025-02-04 06:22:22,6,1,False
f36ae55b-2173-4c6d-9389-091571e0cb94,CUS-01162,3078.9,pos,Kano,Kumbotso,4d4fdcee1f176dbe,2025-02-04 06:32:00,6,1,True
0f8dfd96-8996-4e9e-8e3f-59466495b44d,CUS-00952,4678.57,pos,Lagos,Oshodi-Isolo,6c135efc80e8ab9c,2025-02-04 06:37:00,6,1,True
aa1d5054-f545-45fc-a446-7a210f56057b,CUS-01262,2953.33,bank_transfer,Kano,Fagge,1ab742983a1d648b,2025-02-04 06:39:38,6,1,False
951fe9ab-6f15-4506-be6b-94cd53a4f923,CUS-00428,105.09,pos,Kano,Kumbotso,e99fa23fc8e6faf1,2025-02-04 06:43:00,6,1,True
380765da-2f01-454f-acd8-072a69e38d33,CUS-00952,4179.86,ussd,Lagos,Kosofe,6c135efc80e8ab9c,2025-02-04 07:31:00,7,1,True
57e45318-a35f-4a94-9643-0568554a2722,CUS-00428,61774.59,card,Kano,Gwale,e99fa23fc8e6faf1,2025-02-04 07:36:00,7,1,True
38240cf4-18af-499d-8e7e-1d79761b4bbf,CUS-00952,3036.4,pos,Lagos,Ikeja,6c135efc80e8ab9c,2025-02-04 07:37:00,7,1,True
f54bc987-a608-417c-aa83-63025520dcb3,CUS-00010,4482.42,pos,Lagos,Kosofe,aa25619cccb967cf,2025-02-04 08:00:00,8,1,True
0f924f62-acbe-4d38-8b32-103ead00ffb9,CUS-00010,14387.85,pos,Yobe,Yobe-Central,aa25619cccb967cf,2025-02-04 08:24:00,8,1,True
b82f85a1-edd6-4ef8-9bbd-bc3c2e854688,CUS-00027,4615.62,card,Abuja FCT,Bwari,8234c83e56e9f1ff,2025-02-04 08:28:34,8,1,False
12f7c086-227e-4154-bec1-07efba2bbad5,CUS-00952,256534.18,mobile_money,Lagos,Ikorodu,6c135efc80e8ab9c,2025-02-04 08:30:00,8,1,True
4ba58a5a-f0a4-4ca7-bafd-5118506b6952,CUS-01533,88784.03,pos,Kano,Fagge,189df3b2a7ddc4fc,2025-02-04 08:30:55,8,1,False
d47a97d7-53b7-4afe-ad2c-95eca275e7f0,CUS-00428,2371.11,bank_transfer,Kano,Gwale,e99fa23fc8e6faf1,2025-02-04 08:36:00,8,1,True
d6259d0f-6c73-4bc4-ac2a-78d6670eb5b8,CUS-01285,73957.4,pos,Abuja FCT,Kuje,cee16795f7e6c260,2025-02-04 09:02:59,9,1,False
1e28a49f-b185-4d7b-b0f9-374a5e65e4c7,CUS-01061,4440.95,pos,Ekiti,Ekiti-Central,483102c8c509fdd4,2025-02-04 09:06:20,9,1,False
ae451c62-001c-44b5-a2cb-efdbd713ab9e,CUS-00445,724154.08,pos,Jigawa,Jigawa-Central,76846c6ed170527d,2025-02-04 09:09:02,9,1,False
52a1c726-6f0d-4056-8207-86cd3626014d,CUS-01424,1595.67,mobile_money,Ogun,Ogun-Central,7052b17000d2fcfa,2025-02-04 09:10:00,9,1,False
faca3693-2d7f-4e06-a6db-73f602fa4dae,CUS-00952,2378.88,bank_transfer,Lagos,Lagos Mainland,6c135efc80e8ab9c,2025-02-04 09:24:00,9,1,True
9c06d7c4-a0a5-47d6-8a25-42f5be3c225c,CUS-01282,81290.34,ussd,Oyo,Ibadan South-West,dc18e0f8c5a69a14,2025-02-04 09:39:09,9,1,False
d89b877e-6daf-4ad1-ad8a-c8e193a8cf0e,CUS-01622,185.87,pos,Oyo,Ibadan North,7963dcf2f8c7dcbc,2025-02-04 09:40:29,9,1,False
55fc3879-ac77-4558-a48a-b31a43a3ffc1,CUS-00416,229.96,pos,Kano,Gwale,b2132b1f6b86d86e,2025-02-04 09:52:30,9,1,False
2afff9ee-6439-4969-a072-a74c6e936d9a,CUS-00396,88801.49,mobile_money,Sokoto,Sokoto-Central,df4c1aa46b682abc,2025-02-04 10:08:34,10,1,False
d8083185-f890-4496-9fe1-e2798f9924e1,CUS-00509,490.62,ussd,Ondo,Ondo-Central,9fd6e0c80e26c585,2025-02-04 10:09:53,10,1,False
ca178e1e-68c5-4274-869b-d9aba96635d2,CUS-00535,23164.99,mobile_money,Jigawa,Jigawa-Central,99b1889353b4384a,2025-02-04 10:14:21,10,1,False
6f319bdf-81c9-4c36-af60-3875e919f5f5,CUS-00693,800148.97,bank_transfer,Lagos,Surulere,e9162dca20df60af,2025-02-04 10:19:19,10,1,False
ee9dae2a-4d6a-469d-b4b0-cbeba2b4e7de,CUS-00874,241.97,mobile_money,Lagos,Alimosho,cd035f7d44ab3770,2025-02-04 10:26:02,10,1,False
3e759907-d1af-4dd2-ab00-330183cc4e75,CUS-00341,473.71,pos,Abuja FCT,Gwagwalada,d0cecef6fd05a4d9,2025-02-04 10:34:29,10,1,False
43b740e8-2c1c-49a4-a964-528a8950a55a,CUS-00952,60.43,bank_transfer,Lagos,Ikorodu,6c135efc80e8ab9c,2025-02-04 10:38:00,10,1,True
6d5408dd-8f45-4ccf-8547-1d836496acd6,CUS-01692,178.95,mobile_money,Rivers,Oyigbo,5b48574b68806858,2025-02-04 10:43:45,10,1,False
af8b1213-2cdb-43a4-92c4-3403bfaf7481,CUS-01162,3508.66,bank_transfer,Kano,Dala,4d4fdcee1f176dbe,2025-02-04 10:57:00,10,1,True
b833e2c2-cba5-426d-a057-d2aacc0611b5,CUS-01162,15195.97,mobile_money,Kano,Fagge,4d4fdcee1f176dbe,2025-02-04 11:02:00,11,1,True
dbebd6c4-33cb-4100-b7bf-2b2d8a3da018,CUS-01353,74860.51,bank_transfer,Ondo,Ondo-Central,50b981c8ef346316,2025-02-04 11:12:58,11,1,False
ffcd4da0-ef53-4357-b008-9438a06a8769,CUS-00472,78355.95,bank_transfer,Lagos,Ikorodu,56988587362d6b60,2025-02-04 11:17:17,11,1,False
2c352704-bb98-4d9c-b5cd-e324dd01a46e,CUS-01909,756637.95,pos,Lagos,Ikeja,7b480d3a742ac838,2025-02-04 11:31:48,11,1,False
96d13b16-d465-4606-b0dc-513e086b6b94,CUS-01900,572.49,bank_transfer,Oyo,Ibadan North,8be9efcf44f18c7e,2025-02-04 11:31:57,11,1,False
04e15aeb-4565-4cd7-b5fc-63c2f166a159,CUS-01521,192.76,bank_transfer,Gombe,Gombe-Central,8a4f89454d8ec02c,2025-02-04 11:32:17,11,1,False
5cd97617-b32e-4b1c-9733-5551878c82b4,CUS-01131,76654.34,mobile_money,Abuja FCT,Municipal,9b5b0057fa4bc174,2025-02-04 11:40:19,11,1,False
06454051-7dfb-4afe-9aec-c916c1e92a1c,CUS-00952,631.87,bank_transfer,Lagos,Eti-Osa,6c135efc80e8ab9c,2025-02-04 11:41:00,11,1,True
2e42200b-8e84-4f15-bed1-be02d23e4311,CUS-01206,50.98,ussd,Anambra,Nnewi North,f1b490b78701a7d8,2025-02-04 11:42:43,11,1,False
b528e60e-90c4-4a4f-b0e0-39fb2ebe5849,CUS-01689,146.99,pos,Kwara,Kwara-Central,db07aa24ceea0121,2025-02-04 11:47:15,11,1,False
617c9fea-86a4-4716-a6d3-e4ea2f4dd3e4,CUS-01487,4820.86,pos,Edo,Egor,8b29f537a5dc9bb1,2025-02-04 11:50:39,11,1,False
339e9fbf-bf43-4843-8b26-ecba66a112e9,CUS-00952,12798.24,card,Lagos,Surulere,6c135efc80e8ab9c,2025-02-04 12:01:00,12,1,True
76b9a45a-1b99-437e-9383-2a90d480d97c,CUS-01971,77226.52,bank_transfer,Bauchi,Bauchi-Central,f55c7da2f7e80843,2025-02-04 12:06:09,12,1,False
da9b1825-607c-4e4c-bf2d-92670cf33f04,CUS-01615,3641.25,pos,Anambra,Awka South,7910d927cbcddaeb,2025-02-04 12:08:22,12,1,False
b988a5a1-0a2b-4c7b-9593-671e9acc8e70,CUS-00952,3384.53,pos,Lagos,Lagos Mainland,6c135efc80e8ab9c,2025-02-04 12:09:00,12,1,True
468ba20a-3775-4e30-8718-5d483d0e1003,CUS-00876,18947.0,bank_transfer,Ondo,Ondo-Central,535999615f11696a,2025-02-04 12:11:59,12,1,False
fb4938fc-4294-49ab-a8ee-228456a8aa0b,CUS-00428,3900.55,mobile_money,Kano,Nassarawa,e99fa23fc8e6faf1,2025-02-04 12:16:00,12,1,True
2372418b-6e77-4d84-b62d-3352b5a1fc93,CUS-00647,3340.87,bank_transfer,Anambra,Awka South,0bdd31c20a61a0b5,2025-02-04 12:17:42,12,1,False
882cb315-e4ce-48ab-8f13-8b73be5f997c,CUS-00841,348.12,card,Delta,Uvwie,8f8993c755fc5846,2025-02-04 12:22:35,12,1,False
96e6b3d4-4dc6-479b-a0ac-0e5b6a812597,CUS-00770,1879.49,pos,Lagos,Oshodi-Isolo,07ebcbdbcca5ed04,2025-02-04 12:29:10,12,1,False
d81f33d5-33a0-4869-ad2d-4b2ab22970b8,CUS-00428,101.46,pos,Kano,Fagge,e99fa23fc8e6faf1,2025-02-04 12:31:00,12,1,True
449ed23c-e434-4e5d-8c73-fa7e5c9d6d2f,CUS-00841,563151.51,mobile_money,Delta,Oshimili South,8f8993c755fc5846,2025-02-04 12:31:53,12,1,False
2103756f-cdc1-402d-ac09-365f5a04a3ea,CUS-00548,2985.87,bank_transfer,Abuja FCT,Kuje,ec494afb9403a35d,2025-02-04 12:45:53,12,1,False
966d7c9c-4902-4515-897c-63844c9bc45c,CUS-00214,1378.23,mobile_money,Edo,Oredo,255d60d4db4b17af,2025-02-04 12:46:30,12,1,False
242ab59c-553d-4d30-b268-b9ff39d30688,CUS-01183,2641.42,pos,Yobe,Yobe-Central,107d30a4e2840ced,2025-02-04 12:51:08,12,1,False
33f25c00-cd26-44a3-81bc-131747f20bb7,CUS-00145,2118.3,mobile_money,Lagos,Alimosho,9e508b130921c688,2025-02-04 12:56:09,12,1,False
c13fe4ee-d983-45fa-b9c8-17a1942339bd,CUS-00481,111.04,pos,Edo,Oredo,62896152bd82ae30,2025-02-04 12:59:59,12,1,False
0a4970a6-a300-4a96-b264-f214b1905a22,CUS-00396,18986.92,pos,Enugu,Enugu East,df4c1aa46b682abc,2025-02-04 13:00:00,13,1,True
ed09da06-eebb-4adc-8b47-4d1d42a89dc0,CUS-00155,89.96,pos,Lagos,Kosofe,aa41351d7606065f,2025-02-04 13:02:21,13,1,False
905ba6bb-58fb-4e54-a6f7-7db0f42bb439,CUS-00396,807.45,pos,Zamfara,Zamfara-Central,df4c1aa46b682abc,2025-02-04 13:05:00,13,1,True
c24599f7-84d4-4806-bd38-433a1116cf11,CUS-01561,4869.14,pos,Lagos,Lagos Mainland,e4806e2d6e74cc83,2025-02-04 13:07:04,13,1,False
aebbaf9f-dd44-41f1-925e-c3f690cbaac4,CUS-00940,932.34,pos,Kano,Tarauni,d775c49123cefbad,2025-02-04 13:10:50,13,1,False
08d31505-aef4-4f57-a4fb-52864c812304,CUS-00943,11072.7,mobile_money,Plateau,Plateau-Central,1da2949d58e17a5f,2025-02-04 13:15:46,13,1,False
8b1b585e-8dc7-4557-a6d5-3618c208a895,CUS-00422,257.34,card,Lagos,Kosofe,ed6303f978217ba5,2025-02-04 13:23:28,13,1,False
92f29ee3-2db1-44cc-a418-9382e0105d3a,CUS-00537,374.13,pos,Lagos,Oshodi-Isolo,560b0ddbfbe0780f,2025-02-04 13:23:29,13,1,False
f861e525-8a32-489c-8e04-6308a0722a4b,CUS-00427,347.9,card,Niger,Niger-Central,cc5fd57c9ca71698,2025-02-04 13:26:50,13,1,False
38ad2dfc-21f0-41e6-a60f-25f9517b5b10,CUS-01536,19934.37,ussd,Lagos,Agege,72eadab8e3304187,2025-02-04 13:33:21,13,1,False
e09699b7-8963-44f4-8c60-384827fe0137,CUS-01563,1271.6,bank_transfer,Kano,Gwale,dd45ddf89763dce5,2025-02-04 13:37:24,13,1,False
6d6e5e91-b869-4b03-9210-62ae496554fc,CUS-00952,2115.24,mobile_money,Lagos,Oshodi-Isolo,6c135efc80e8ab9c,2025-02-04 13:41:00,13,1,True
2d454a9b-842e-47ad-8822-13e4249fab82,CUS-00421,76155.77,bank_transfer,Imo,Imo-Central,30c2c103147fffc3,2025-02-04 13:45:20,13,1,False
25ab7649-4b0f-499c-88e4-b4b293e1b429,CUS-01617,336.76,mobile_money,Delta,Oshimili South,649e38bb07b7b488,2025-02-04 13:45:23,13,1,False
ac50632f-63ba-4e7f-916f-de335c9b4804,CUS-01367,4325.19,card,Kogi,Kogi-Central,1befafdd9209cc78,2025-02-04 13:50:01,13,1,False
94dbfbbc-c157-4bf8-99dc-18211180057a,CUS-00585,385.27,bank_transfer,Lagos,Surulere,9eafae1f828f172b,2025-02-04 14:00:11,14,1,False
7739ae72-4567-4526-acab-8525bccd7c4e,CUS-01282,347.08,ussd,Oyo,Ogbomoso,dc18e0f8c5a69a14,2025-02-04 14:07:55,14,1,False
91a24444-415e-463e-af68-1e521f0f9081,CUS-01735,1847.46,card,Niger,Niger-Central,135744da84d71688,2025-02-04 14:10:09,14,1,False
41c2e749-ca7a-41db-b789-84f43dc4fd6a,CUS-00224,2775.77,pos,Kano,Dala,4dcb9c5799d8cfbf,2025-02-04 14:12:51,14,1,False
e9b0be3a-b426-4223-8ec3-832b5a798805,CUS-01463,2303.59,bank_transfer,Delta,Uvwie,c8977aab38696c1b,2025-02-04 14:16:13,14,1,False
5129f38a-c9ab-43ff-96b3-a6f1f9a40ee9,CUS-00555,4719.07,card,Rivers,Eleme,2bb9648d451718fc,2025-02-04 14:16:27,14,1,False
a193376b-94d9-43bf-b9bd-942c0c512973,CUS-01393,598390.99,pos,Abuja FCT,Municipal,713de381805278a1,2025-02-04 14:26:49,14,1,False
ab00c62c-5b89-4971-9aec-9d20e76be127,CUS-00586,25518.6,pos,Lagos,Lagos Mainland,fd16b5ef53f118f3,2025-02-04 14:27:38,14,1,False
1c9ec509-b6f8-4afd-88fe-c8f2fd6babfc,CUS-00812,1474.04,mobile_money,Lagos,Kosofe,645424aee1e81270,2025-02-04 14:28:45,14,1,False
f66f2466-ecaa-453c-a424-5522ebaead1a,CUS-00788,4701.17,card,Abuja FCT,Municipal,cfa2bab673d6b5bb,2025-02-04 14:44:20,14,1,False
1e353310-2187-4e30-af56-b8d97951237a,CUS-01947,1667.13,bank_transfer,Lagos,Mushin,4c7b689cb13b4c58,2025-02-04 14:49:23,14,1,False
f8d579d4-9a60-4e1d-9a88-354dbfd43932,CUS-00523,63459.85,pos,Borno,Borno-Central,433b01211956f054,2025-02-04 14:55:04,14,1,False
9f17fec2-de1a-4e5a-8245-5a7515216d40,CUS-01637,34342.19,pos,Lagos,Surulere,f8158692bfebfc89,2025-02-04 15:09:09,15,1,False
57b7de83-d03f-47ae-a3db-e8687b849136,CUS-01411,3329.97,ussd,Lagos,Surulere,1d3ab4ab469805e9,2025-02-04 15:10:11,15,1,False
0d51429f-ec85-4479-bbe5-a5fed0701a9a,CUS-00829,160.47,pos,Abuja FCT,Gwagwalada,532c76a3c45d220f,2025-02-04 15:24:43,15,1,False
629469e0-8c48-4280-b91b-23865b188d55,CUS-00683,237.36,pos,Anambra,Awka South,792417d8a46fd0a5,2025-02-04 15:28:52,15,1,False
32ce7cab-afcf-4137-9406-76eed8145cf0,CUS-00348,22724.92,bank_transfer,Rivers,Port-Harcourt,a772237ddffddff3,2025-02-04 15:29:47,15,1,False
9c42d2c3-35af-4606-8492-3dd76322d9ad,CUS-00121,219.91,bank_transfer,Nassarawa,Nassarawa-Central,578106bed88a25c1,2025-02-04 15:32:12,15,1,False
353a9590-2e64-45fb-b899-8264a342e519,CUS-01601,326.4,bank_transfer,Kano,Fagge,9247a632e0a859b9,2025-02-04 15:47:21,15,1,False
69010d70-2776-4820-be64-e3468f020084,CUS-00934,20915.73,mobile_money,Lagos,Kosofe,a005e3c38e069450,2025-02-04 15:49:13,15,1,False
c180a9e2-9890-4d4b-89c4-adcd73d8f6d7,CUS-01782,1886.16,pos,Abuja FCT,Kuje,5a12a23810b5b458,2025-02-04 15:53:25,15,1,False
fbdad696-2067-46b4-9769-c015cbc46770,CUS-00347,647391.95,pos,Lagos,Ikeja,e3b3f35a1024d9f0,2025-02-04 15:56:34,15,1,False
032b4bc2-f02a-4bfe-b89d-b89ec8e5dfa2,CUS-01220,53.91,pos,Katsina,Katsina-Central,a6368f9dab3152f7,2025-02-04 16:05:31,16,1,False
5a4ecb88-7b8c-430e-bbf1-ad4fffa5b995,CUS-00414,3364.21,bank_transfer,Enugu,Enugu North,65a27c169aa9b061,2025-02-04 16:09:44,16,1,False
a3b8008e-77c4-496f-b631-ef6d01c03655,CUS-00428,3285.65,ussd,Kano,Nassarawa,e99fa23fc8e6faf1,2025-02-04 16:11:00,16,1,True
c3739176-3bc9-4680-9f8b-4dec42fa5ffb,CUS-01782,451.41,pos,Abuja FCT,Kuje,5a12a23810b5b458,2025-02-04 16:11:20,16,1,False
927333cc-a546-48a9-87b0-0a695dd7762e,CUS-01364,3928.48,ussd,Ondo,Ondo-Central,a3bd73f6d74cc38c,2025-02-04 16:11:38,16,1,False
e0c7929a-7119-4096-b5ec-113783f41bf5,CUS-01513,3040.09,mobile_money,Lagos,Ikorodu,bdecb2a312b96c1c,2025-02-04 16:18:19,16,1,False
a62836e9-605a-4d44-89a2-47a50f88564c,CUS-00428,45991.26,pos,Kano,Gwale,e99fa23fc8e6faf1,2025-02-04 16:21:00,16,1,True
13eae99e-f714-4819-a6b6-e7ad568d50b1,CUS-00748,2412.25,mobile_money,Kogi,Kogi-Central,998b89625c438d01,2025-02-04 16:23:22,16,1,False
60957f3f-47fc-400e-95ee-f714da3efcf8,CUS-00952,25338.36,pos,Lagos,Mushin,6c135efc80e8ab9c,2025-02-04 16:29:00,16,1,True
371bb6a7-61c4-4c4c-8ff0-0e41e90e4156,CUS-01271,13055.81,pos,Sokoto,Sokoto-Central,7373474fe2ebb6c3,2025-02-04 16:31:03,16,1,False
08892084-2e6a-4fd2-b0e1-e627cc6e5aa5,CUS-01162,485.31,mobile_money,Kano,Dala,4d4fdcee1f176dbe,2025-02-04 16:33:00,16,1,True
ce06f8d9-bd15-47f6-aada-537c5b7918c1,CUS-01419,4121.27,pos,Gombe,Gombe-Central,6afa9c9e3a1afd35,2025-02-04 16:34:10,16,1,False
fa7f36f9-7f52-4521-b072-01ac4cfff6d1,CUS-00901,1813.02,mobile_money,Lagos,Lagos Mainland,8cc6b102f1e0b742,2025-02-04 16:38:53,16,1,False
3c8cfed6-7c33-4947-b358-daeaa040423a,CUS-01566,3816.8,ussd,Anambra,Nnewi North,5c458226cf44cc07,2025-02-04 16:39:42,16,1,False
5496c78f-abeb-4cce-ba9a-a088bc24f285,CUS-01669,45640.68,bank_transfer,Plateau,Plateau-Central,07569bc15837dad6,2025-02-04 17:00:24,17,1,False
4b3c87f3-3f32-4d6d-a930-d6386b01619e,CUS-01162,752.93,bank_transfer,Kano,Tarauni,4d4fdcee1f176dbe,2025-02-04 17:08:00,17,1,True
5399cfe4-1d9c-4c31-bc1c-f7cb84bf9f56,CUS-01006,324.42,ussd,Anambra,Awka South,91de6e8e293c33a0,2025-02-04 17:09:36,17,1,False
530c0498-9729-4fd7-bbfd-dc1984248275,CUS-00376,91.56,pos,Borno,Borno-Central,30d2cce2a11ef3e3,2025-02-04 17:12:05,17,1,False
945f5ce8-f784-400e-a9d9-d9ad8983d468,CUS-00952,83675.48,mobile_money,Lagos,Eti-Osa,6c135efc80e8ab9c,2025-02-04 17:14:00,17,1,True
acc56f12-522e-41de-948c-296aded5f628,CUS-01712,78818.51,mobile_money,Abia,Abia-Central,41745fe862a83d71,2025-02-04 17:14:44,17,1,False
701a6772-8a37-4b8b-82ec-288acb4266b6,CUS-01892,55462.75,mobile_money,Imo,Imo-Central,6614c00a15167cdf,2025-02-04 17:20:44,17,1,False
695fa7ac-8438-405d-8f9d-f5f6ca9fe7c9,CUS-01334,320.64,ussd,Ebonyi,Ebonyi-Central,e0982791e49f6f96,2025-02-04 17:21:12,17,1,False
614ca794-a69c-41c4-bd09-6c571f87668f,CUS-01355,331.08,pos,Kebbi,Kebbi-Central,1a13698cf4c1d9c1,2025-02-04 17:24:03,17,1,False
81ace00f-df44-4e56-a673-687b2b2dc54f,CUS-00387,2342.16,bank_transfer,Lagos,Surulere,3af5f47915d1455e,2025-02-04 17:25:07,17,1,False
81e8922a-8829-4b22-b6b1-d1d6c105aa58,CUS-01162,273.78,card,Kano,Nassarawa,4d4fdcee1f176dbe,2025-02-04 18:00:00,18,1,True
092f2713-2fb3-42e1-915e-4db6c8b68f5c,CUS-00255,877943.57,bank_transfer,Oyo,Oyo East,dcacaf3c9934b195,2025-02-04 18:03:26,18,1,False
11bdba99-bc55-475e-a10e-762a3b3d1c8b,CUS-01714,2422.95,card,Lagos,Lagos Mainland,d59695c0082ffb4e,2025-02-04 18:04:46,18,1,False
95f855a2-28b3-4903-a5eb-2b1174df7bba,CUS-01976,1875.03,pos,Kano,Tarauni,51bdf1774320a714,2025-02-04 18:06:38,18,1,False
fa3c6e5c-085c-4817-902e-12d722e0b68e,CUS-01795,295.2,mobile_money,Lagos,Oshodi-Isolo,8bb741d421fd10f3,2025-02-04 18:11:32,18,1,False
1ec838f7-9029-44af-923c-06eaa6eb8008,CUS-01098,23709.41,ussd,Abia,Abia-Central,311eb4d69dc7f861,2025-02-04 18:22:54,18,1,False
6b701aa1-8691-4148-bb8d-2896d5f021e4,CUS-01853,78501.19,pos,Borno,Borno-Central,636224bf0cd5678f,2025-02-04 18:25:41,18,1,False
b336382c-5e8c-42b1-9a5b-736a2f3e0ded,CUS-01274,15036.79,pos,Abuja FCT,Gwagwalada,c8401a675b0291f5,2025-02-04 18:36:21,18,1,False
78694ab2-3dd2-4457-8f9c-7e0457d9063f,CUS-00973,4407.04,mobile_money,Lagos,Surulere,f3b608753ed3e55b,2025-02-04 18:37:56,18,1,False
2f440199-33f2-4cf1-8021-e895697506da,CUS-00359,296.09,pos,Oyo,Oyo East,c013c0a17c1c88db,2025-02-04 18:53:33,18,1,False
539d526b-0b81-4f90-ae4c-92706acfbaa6,CUS-00160,61447.6,mobile_money,Rivers,Oyigbo,41f1f5f17bc5f662,2025-02-04 19:10:41,19,1,False
38f59353-66a6-4a39-ad37-6639f7bdb81a,CUS-00574,371.96,pos,Sokoto,Sokoto-Central,14aafd8c2d7338af,2025-02-04 19:22:38,19,1,False
2136c4d0-a1de-4fa3-8e3c-60e8acecd9c1,CUS-00428,1230.59,pos,Kano,Dala,e99fa23fc8e6faf1,2025-02-04 19:28:00,19,1,True
daa01bae-8910-4589-b610-b0b64a2d0996,CUS-00298,4525.04,pos,Enugu,Enugu North,2a174906e6fcc26b,2025-02-04 19:28:26,19,1,False
86c9eb72-b0f2-455d-a574-cb234bdce041,CUS-00952,92679.16,bank_transfer,Lagos,Eti-Osa,6c135efc80e8ab9c,2025-02-04 19:38:00,19,1,True
cd7e8b25-1725-471a-914a-dc3f789132c9,CUS-00047,2941.49,mobile_money,Abuja FCT,Kuje,9cd27d694fedb69a,2025-02-04 19:41:16,19,1,False
902e135b-8e3a-4226-a4db-e27f76fefe1f,CUS-00416,56.75,pos,Kano,Nassarawa,b2132b1f6b86d86e,2025-02-04 19:41:44,19,1,False
10773784-3358-4959-9906-e0515d2e8cc6,CUS-01355,30842.73,pos,Kebbi,Kebbi-Central,1a13698cf4c1d9c1,2025-02-04 19:56:31,19,1,False
5a79fc8d-4799-4b2d-8b11-0150ab893e43,CUS-00471,5719.06,card,Bayelsa,Bayelsa-Central,7a9eeef4f46a3321,2025-02-04 19:56:47,19,1,False
f2577124-8a9c-49f5-82a1-0082de33e272,CUS-00393,444.19,pos,Abia,Abia-Central,6d5850dcdc1d378b,2025-02-04 19:59:34,19,1,False
fd31a849-bf6f-4aa7-8ebd-8cd3166e5c72,CUS-01282,50642.3,ussd,Oyo,Ibadan South-West,dc18e0f8c5a69a14,2025-02-04 20:05:34,20,1,False
e69c4f12-7803-4919-97eb-8ea36b6a267b,CUS-01992,221.94,pos,Kaduna,Kaduna North,edc83e826575ddd6,2025-02-04 20:06:49,20,1,False
1f2369b0-26d5-44cc-83c8-0111ff9156d5,CUS-00428,966575.29,ussd,Kano,Kumbotso,e99fa23fc8e6faf1,2025-02-04 20:07:00,20,1,True
63bc723f-f8ee-4f14-9e18-fc3eef3dc49b,CUS-00156,40468.32,mobile_money,Anambra,Nnewi North,b8b18f701d0ba5b3,2025-02-04 20:17:20,20,1,False
fedb52f7-d52d-410e-8b87-070778436a6a,CUS-01162,2661.16,mobile_money,Kano,Dala,4d4fdcee1f176dbe,2025-02-04 20:25:00,20,1,True
36922b05-9e67-4233-a72b-cc80f3cf13f0,CUS-01162,60427.48,ussd,Kano,Nassarawa,4d4fdcee1f176dbe,2025-02-04 20:26:00,20,1,True
8c85d5b6-8a8e-4832-978c-a2c933f82833,CUS-01162,418.63,ussd,Kano,Dala,4d4fdcee1f176dbe,2025-02-04 20:29:00,20,1,True
ccb7505a-a20d-4285-8067-124a2ab84aaa,CUS-00952,28390.86,mobile_money,Lagos,Oshodi-Isolo,6c135efc80e8ab9c,2025-02-04 20:39:00,20,1,True
c521b4e1-e48d-4f86-b4fc-cfffb2ab01ed,CUS-00876,1123.17,bank_transfer,Ondo,Ondo-Central,535999615f11696a,2025-02-04 20:40:14,20,1,False
304dab67-7f65-431f-92f4-a7d98edd6a29,CUS-00366,757.73,pos,Cross River,Cross River-Central,59e78c8c78566e9a,2025-02-04 21:03:12,21,1,False
a807f965-4ce4-4da1-8b7f-debd8e28a5c5,CUS-00585,344.41,ussd,Lagos,Ikeja,9eafae1f828f172b,2025-02-04 21:04:57,21,1,False
341d3006-ef97-41d0-84ca-8337cdd95aca,CUS-00685,20032.9,pos,Oyo,Ibadan South-West,3b90c47fa95946b7,2025-02-04 21:05:44,21,1,False
ee9c1907-4699-4f4c-9eaa-6ea2d883fde5,CUS-01430,258.86,bank_transfer,Abuja FCT,Municipal,df054fd147e69344,2025-02-04 21:13:34,21,1,False
4457698b-ca5a-4578-8d8e-18af3506765a,CUS-01940,29423.07,mobile_money,Lagos,Ikeja,07e3e3257383f7f3,2025-02-04 21:24:31,21,1,False
a257c75d-dd32-429c-a036-97ac2e1653b8,CUS-01162,146.58,bank_transfer,Kano,Gwale,4d4fdcee1f176dbe,2025-02-04 21:31:00,21,1,True
d77eab55-2439-45b4-bbfd-afe0d9a1d72d,CUS-00428,724254.2,card,Kano,Tarauni,e99fa23fc8e6faf1,2025-02-04 21:31:00,21,1,True
7d4c3323-dde9-42f2-8ed8-d1b2a2fb0457,CUS-01381,181.3,bank_transfer,Rivers,Eleme,f4b4ef6860ca96ae,2025-02-04 21:35:39,21,1,False
09704071-f241-4d63-a31f-9fcf3c2d640d,CUS-01818,66761.13,mobile_money,Enugu,Nsukka,d55cdb42c79cc105,2025-02-04 21:41:56,21,1,False
65833fa6-8627-4c0f-906d-e4eb4cde4b6d,CUS-01862,4773.15,pos,Lagos,Oshodi-Isolo,dcdbcd2a4baf9fe1,2025-02-04 21:50:27,21,1,False
45f50b87-18cd-4891-85a8-6a6a34eeec9a,CUS-00428,197.25,mobile_money,Kano,Tarauni,e99fa23fc8e6faf1,2025-02-04 22:03:00,22,1,True
30d423f1-9240-480d-9c58-b49d48180883,CUS-00428,34394.13,pos,Kano,Tarauni,e99fa23fc8e6faf1,2025-02-04 22:39:00,22,1,True
3266745b-894a-4d3e-af6c-d982b1531b82,CUS-00952,95041.37,ussd,Lagos,Ikorodu,6c135efc80e8ab9c,2025-02-04 22:51:00,22,1,True
0a46ed05-7744-430e-9c40-493c30534cc2,CUS-01595,36544.67,pos,Oyo,Ogbomoso,d49cb49cb7898db3,2025-02-04 23:19:11,23,1,False
d6515299-9a9d-4fd3-8019-2ba1355c49cb,CUS-00040,66254.19,ussd,Lagos,Ikeja,e73bde132eb863ee,2025-02-04 23:29:31,23,1,False
c4dd37e9-02c8-459b-ac88-612b716a8531,CUS-01777,4355.36,bank_transfer,Rivers,Eleme,3b6b26cc8eb04698,2025-02-04 23:52:29,23,1,False
7370df87-c796-496e-8e53-4489406435e4,CUS-01283,246692.81,bank_transfer,Lagos,Alimosho,c5bbd7ccda625b32,2025-02-05 01:02:00,1,2,True
cab5ccd7-1c33-4765-be4c-331d6f890dcb,CUS-00578,144.95,bank_transfer,Abuja FCT,Municipal,11bf76c9882864cd,2025-02-05 01:20:06,1,2,False
b70c107d-56d6-4f7e-8058-5c19b8389267,CUS-00353,105.32,ussd,Lagos,Eti-Osa,69f11513ba62981e,2025-02-05 01:48:14,1,2,False
1c849dce-b2ba-4118-bb30-273ac5ed465a,CUS-01950,58726.36,pos,Lagos,Lagos Mainland,16ab96196c5b251d,2025-02-05 02:12:20,2,2,False
6c0b6ddf-a56c-44a8-b7d4-140d0596da2a,CUS-01682,73194.04,mobile_money,Enugu,Enugu North,0605760ef0f9e22a,2025-02-05 03:03:34,3,2,False
11a04d04-b92d-4b1d-8008-2768984282b0,CUS-01251,1153.84,pos,Abuja FCT,Kuje,5a175e48ff0f0f21,2025-02-05 03:15:29,3,2,False
bc992e6a-7915-4a15-9d74-215a6529f6eb,CUS-00541,498.29,mobile_money,Kaduna,Kaduna South,2d27eb65a141ea41,2025-02-05 04:15:27,4,2,False
02d9a479-2379-4ed7-b55b-992e47972d73,CUS-01866,589597.02,bank_transfer,Lagos,Ikorodu,f5c9c28a915088f1,2025-02-05 04:31:00,4,2,True
2463b08a-01b9-4577-87b9-8155809d2f4f,CUS-00294,767368.28,bank_transfer,Lagos,Surulere,b4d76a0aefaa7938,2025-02-05 04:39:00,4,2,True
9ac0acb7-bd38-40bd-8099-27030152607b,CUS-00082,1496.47,bank_transfer,Kano,Gwale,1b3d2d4d9e9c6adc,2025-02-05 04:50:14,4,2,False
92365846-c14f-4896-97a2-a749cebdc207,CUS-00875,1742.14,bank_transfer,Lagos,Kosofe,72e07687895ad0c6,2025-02-05 04:56:02,4,2,False
1d1607f9-7fe2-412a-a636-baf53a805c9a,CUS-00850,693225.68,mobile_money,Lagos,Surulere,e9094fbd4615343d,2025-02-05 05:02:14,5,2,False
37f9cbba-84c5-4546-abc2-6c2d4f35f4a3,CUS-00697,989059.86,pos,Oyo,Ibadan South-West,3a7a3a30be3ac3f4,2025-02-05 06:56:00,6,2,True
8e26eb8f-57a6-4729-9d69-e52b0fee9395,CUS-00171,470.41,mobile_money,Lagos,Alimosho,0c65465d650a4d4e,2025-02-05 07:16:39,7,2,False
8e49e3fd-6d59-4a4d-b14e-76a983a2b509,CUS-00697,37970.13,pos,Oyo,Ibadan North,3a7a3a30be3ac3f4,2025-02-05 08:02:00,8,2,True
fde244f4-3081-4250-aa84-22dcddd97ce3,CUS-00401,1402.28,pos,Kogi,Kogi-Central,88de5a0ca9c36515,2025-02-05 08:44:36,8,2,False
0e65762d-cb20-4db8-ace1-10d1a75edaa1,CUS-01097,2651.48,pos,Lagos,Ikeja,8547f78879fe432c,2025-02-05 09:07:02,9,2,False
68e772a4-c1d3-455d-b04f-0d1c408f3ef7,CUS-00779,109.85,mobile_money,Enugu,Enugu North,161c4884b0d5f0dc,2025-02-05 09:16:06,9,2,False
ece64815-6daa-4adc-8dcf-ffad219164b3,CUS-01878,85505.33,pos,Kano,Gwale,2887345003145782,2025-02-05 09:18:17,9,2,False
5999a928-5840-46bd-87ae-12fa5551a21f,CUS-00267,341.59,mobile_money,Edo,Egor,1560943ead050084,2025-02-05 09:35:21,9,2,False
10b284c3-db49-43a6-a20c-981e7aa0f77f,CUS-01628,710.64,pos,Lagos,Oshodi-Isolo,9dba5f6ba727a829,2025-02-05 09:37:42,9,2,False
2d5f3e13-3ea7-4f78-b709-d9a6680795e3,CUS-01357,1539.24,pos,Rivers,Port-Harcourt,cf511cec9f71a1aa,2025-02-05 09:39:46,9,2,False
e8a5c660-3f9c-40a1-b715-7f10b49ab010,CUS-01674,87998.59,bank_transfer,Imo,Imo-Central,7cf45476250f1cf9,2025-02-05 09:47:50,9,2,False
e9eae898-4be5-4e92-8aae-a711d1e2675b,CUS-01943,859842.03,pos,Edo,Oredo,bdfab1c96241e8c9,2025-02-05 09:50:29,9,2,False
a0d69df9-d2f5-499c-923a-d5c48f194a62,CUS-00645,121.29,pos,Niger,Niger-Central,3f8102ecf21bc1db,2025-02-05 09:58:56,9,2,False
6cf4679d-251e-433b-b04c-4bc1ada56969,CUS-01874,87582.32,ussd,Rivers,Oyigbo,bd11047ea9b53cf6,2025-02-05 10:00:00,10,2,True
b2242a43-c146-4f65-93e7-3d0e64b7edad,CUS-01213,43854.73,mobile_money,Imo,Imo-Central,762447a64e707775,2025-02-05 10:02:06,10,2,False
ab6206c4-5a6b-4318-8388-2c0beee10a00,CUS-01945,37334.89,pos,Abuja FCT,Municipal,901c7b925f57772f,2025-02-05 10:02:48,10,2,False
654bb293-51a6-43e9-b9b9-70e95aa07167,CUS-00697,638.83,mobile_money,Oyo,Ibadan South-West,3a7a3a30be3ac3f4,2025-02-05 10:07:00,10,2,True
8b97b50f-a81a-4412-8c98-e200697cac84,CUS-00646,580230.76,card,Kaduna,Zaria,2b7015d78d5d685e,2025-02-05 10:07:31,10,2,False
26359656-d9ff-4a88-add0-317f3867773d,CUS-01874,23683.96,bank_transfer,Kano,Fagge,bd11047ea9b53cf6,2025-02-05 10:09:00,10,2,True
ff8879c3-43aa-4ec0-9a6b-d6a973775c53,CUS-01019,1411.46,pos,Lagos,Kosofe,854b455985debb27,2025-02-05 10:16:26,10,2,False
2471b300-b001-4240-a9c9-b705bfdfc268,CUS-01028,473335.41,mobile_money,Kano,Fagge,daa3a38fbf2b4243,2025-02-05 10:23:14,10,2,False
5be344e5-3187-488e-b696-d5793987a0dc,CUS-01209,3117.61,bank_transfer,Ogun,Ogun-Central,0bbfc21575dc4370,2025-02-05 10:30:05,10,2,False
40c7ccda-857f-492f-bf4f-0e0feb32232e,CUS-00238,457.12,pos,Delta,Uvwie,508e599aa4f29bec,2025-02-05 10:32:27,10,2,False
2496b37f-88c9-4a29-9dd1-d8f6ad8fd24d,CUS-00672,998.34,mobile_money,Lagos,Ikeja,13a031b3a7c8fb31,2025-02-05 10:55:35,10,2,False
69de4b5f-5ca7-4e1c-8732-cd28bc4b4d91,CUS-01977,437.99,bank_transfer,Rivers,Obio-Akpor,02673b590c313531,2025-02-05 11:11:52,11,2,False
13fe6dc7-b6df-436e-8855-55a70a833367,CUS-01319,340.02,mobile_money,Lagos,Eti-Osa,9dd92bdbfbe0cdc4,2025-02-05 11:16:40,11,2,False
ee8da3d8-05e8-406a-9a4d-28e13e37d7cf,CUS-00375,49975.01,bank_transfer,Kano,Fagge,83cdeb9a127a29d9,2025-02-05 11:22:58,11,2,False
988d98e2-6dc4-40ec-a1d5-3c830f079dbe,CUS-00771,57417.42,pos,Borno,Borno-Central,d59a3a8ad97e5503,2025-02-05 11:38:26,11,2,False
b73a81c0-60b3-433c-881d-eec6e3c6f0ec,CUS-01326,44305.3,mobile_money,Lagos,Eti-Osa,d91f349461d4c224,2025-02-05 11:46:44,11,2,False
ca9b0f53-cff5-4011-a5d0-baa9241847bd,CUS-01840,1692.41,pos,Rivers,Oyigbo,f0a551f0ca70f7b7,2025-02-05 11:46:59,11,2,False
5cc4ecef-b3a2-404a-832a-d53b63803dea,CUS-00990,22959.39,pos,Imo,Imo-Central,867cc7228b2daf96,2025-02-05 11:50:09,11,2,False
37676c06-54b5-441b-a969-6caf9f467da2,CUS-01637,203.38,pos,Lagos,Alimosho,f8158692bfebfc89,2025-02-05 11:52:20,11,2,False
f3fa4cef-5001-4b3a-bc70-4860dfaa60eb,CUS-00441,25041.38,bank_transfer,Ogun,Ogun-Central,b3703ce562cfe5d5,2025-02-05 11:54:57,11,2,False
bfbe8b1b-fe08-4aee-ab3f-376d2f65c414,CUS-00114,97.83,mobile_money,Enugu,Nsukka,94888243a11da8b1,2025-02-05 11:59:32,11,2,False
932707d5-d80c-4f87-b67a-a523001facef,CUS-01663,2637.01,pos,Abuja FCT,Gwagwalada,e87a1054d8b9be6b,2025-02-05 12:12:59,12,2,False
2660de89-4720-4a62-ac7c-53834db556e2,CUS-01080,56785.29,mobile_money,Imo,Imo-Central,13eccc5116a2329f,2025-02-05 12:29:40,12,2,False
765894b0-f079-4202-8c03-8f5ad88d45f6,CUS-01165,14272.95,bank_transfer,Plateau,Plateau-Central,23c0878b7294dbdc,2025-02-05 12:43:08,12,2,False
d69b5fa7-3d24-4deb-83c4-a3ebf1eb30e1,CUS-00549,93805.9,pos,Abia,Abia-Central,1fd68e751cdf9d32,2025-02-05 12:43:55,12,2,False
79a64718-1515-4dc9-a7ef-77f7816639a7,CUS-01557,84801.79,bank_transfer,Rivers,Obio-Akpor,581d8d836fa71304,2025-02-05 12:52:17,12,2,False
8afb47f7-9ccf-4766-a416-b2621d3d177f,CUS-00859,4328.55,pos,Lagos,Ikeja,2a9e5dae55eab181,2025-02-05 12:53:30,12,2,False
cc38c7aa-91fd-4356-9a40-1378c72b859f,CUS-00884,3188.95,pos,Imo,Imo-Central,fa41306184b74757,2025-02-05 13:05:20,13,2,False
4f5b15e3-45d8-4ad0-9c4a-1e6515dea0b3,CUS-01242,1091.15,bank_transfer,Abia,Abia-Central,a2b93884ec11f5f0,2025-02-05 13:08:34,13,2,False
dc614332-dffe-489e-b95c-65985af73731,CUS-01248,209.55,bank_transfer,Adamawa,Adamawa-Central,c5a6a2858112bc45,2025-02-05 13:16:29,13,2,False
a117d07f-0ef9-4871-a722-e9a06388b6dd,CUS-01001,4367.51,mobile_money,Oyo,Ogbomoso,537f88949a0d8fb6,2025-02-05 13:20:15,13,2,False
56e4550b-5283-43ef-a804-ab2154af737a,CUS-00325,188645.18,card,Osun,Osun-Central,8c6d91935dee1218,2025-02-05 13:26:26,13,2,False
359b2a82-b7a0-4314-ba05-5b471d6d7297,CUS-01565,76263.84,mobile_money,Rivers,Oyigbo,0246d732e3d4e8a6,2025-02-05 13:28:35,13,2,False
d9379696-5b8b-4ae6-acca-30ec9a2d5556,CUS-01302,2693.29,mobile_money,Lagos,Mushin,e64a5a877ba327d2,2025-02-05 13:35:24,13,2,False
f837feec-1586-41a0-8fa9-f7e7dd2cbe44,CUS-00471,1037.13,card,Bayelsa,Bayelsa-Central,7a9eeef4f46a3321,2025-02-05 13:38:48,13,2,False
5994da94-369e-4883-b269-e95998f412ba,CUS-00756,4450.15,bank_transfer,Enugu,Nsukka,e37fedd220386e09,2025-02-05 13:48:24,13,2,False
075f6af4-eb58-43ae-9a40-878f75fe1424,CUS-01570,529989.05,pos,Kaduna,Kaduna North,a2271304cc64d363,2025-02-05 13:53:42,13,2,False
7037d29b-a02a-45e6-a282-b61c1954cb30,CUS-00697,1875.19,bank_transfer,Oyo,Ibadan North,3a7a3a30be3ac3f4,2025-02-05 14:02:00,14,2,True
92c1e944-4020-4ff4-a71f-dc4e4aba631c,CUS-00842,85738.61,ussd,Lagos,Ikeja,4a7bc2fbc70c3572,2025-02-05 14:08:57,14,2,False
1aabdde2-7318-42dd-aab5-17289da8d88e,CUS-00745,87646.84,pos,Nassarawa,Nassarawa-Central,29e2cbcd28a19312,2025-02-05 14:11:45,14,2,False
08fb7a50-0127-4b88-b3b2-fa4b0ca359f4,CUS-00986,4493.39,pos,Anambra,Nnewi North,b35f0ea93c48677d,2025-02-05 14:17:26,14,2,False
dd80e9ef-996a-4bfa-87de-14c895dffc94,CUS-00853,200.21,ussd,Nassarawa,Nassarawa-Central,be466e32ca37e9cd,2025-02-05 14:17:56,14,2,False
20af1201-7c86-41b7-93f9-58b15f80a003,CUS-00604,23772.63,pos,Lagos,Surulere,31a83e595b172ac1,2025-02-05 14:18:24,14,2,False
3dad69db-8263-4ca9-b224-77b652542089,CUS-00846,4577.36,mobile_money,Lagos,Eti-Osa,c8efc5cd1998980e,2025-02-05 14:30:38,14,2,False
703f0f20-2353-4d1c-87c6-df0c33d28688,CUS-01590,493972.8,card,Anambra,Nnewi North,13407ce4863fe750,2025-02-05 14:31:14,14,2,False
92350689-04f4-40f9-a1bd-1a84a677e593,CUS-00412,4051.66,bank_transfer,Katsina,Katsina-Central,63beaf11e000fab8,2025-02-05 14:33:15,14,2,False
bd9ecbb8-dde0-44a0-bd91-55cd8f5e6b20,CUS-00935,1145.86,mobile_money,Kano,Fagge,b408994bb5a00c47,2025-02-05 14:33:31,14,2,False
00c90d5e-9f39-4643-8749-24689cbc6032,CUS-01720,62381.71,pos,Lagos,Ikeja,d367b754b9943828,2025-02-05 14:35:55,14,2,False
3c29798e-ccf2-4077-9d54-fb0b8206e4a3,CUS-01603,124.41,pos,Kano,Tarauni,73ddb92252538ec9,2025-02-05 14:46:45,14,2,False
9c92347f-9e5f-4921-a4c1-788134a1a594,CUS-00405,646.17,bank_transfer,Nassarawa,Nassarawa-Central,4601c42a0f5d4785,2025-02-05 14:47:25,14,2,False
418f0fe8-f999-406b-bbe7-f0c9a91d97dd,CUS-00679,660331.81,bank_transfer,Zamfara,Zamfara-Central,7e25cc8d75f3b759,2025-02-05 14:55:33,14,2,False
7eb1f8b8-673b-4ed2-aac9-4fdcb849c2e7,CUS-00427,693994.11,card,Niger,Niger-Central,cc5fd57c9ca71698,2025-02-05 14:58:08,14,2,False
5a061468-7350-4a0e-97cf-15bd41f95ab2,CUS-01260,3621.03,pos,Kano,Dala,bf2d4785cb46fa2b,2025-02-05 14:59:05,14,2,False
65095cc7-c426-46c5-867e-bca01766223d,CUS-01549,1535.46,bank_transfer,Enugu,Enugu East,51f26c68350dec47,2025-02-05 15:21:10,15,2,False
f395676b-db2a-4a55-ab99-ab02af8e9f79,CUS-01168,3101.73,mobile_money,Lagos,Eti-Osa,b9e8174213c89292,2025-02-05 15:41:31,15,2,False
9cb83c1b-7491-4d15-a871-5b2ba66c7682,CUS-00176,79559.54,pos,Anambra,Nnewi North,99959f39f4739903,2025-02-05 15:52:30,15,2,False
a2f3b766-9616-4023-9787-903ed94c0290,CUS-00813,4047.43,pos,Adamawa,Adamawa-Central,722ce8c70b4a19cd,2025-02-05 15:53:00,15,2,False
ad4a74e6-994b-47e6-ad7c-64bfc2b1ea45,CUS-00859,60578.18,pos,Lagos,Ikeja,2a9e5dae55eab181,2025-02-05 15:59:31,15,2,False
f763a99f-bc75-4016-b605-56b8ab96ac4b,CUS-00697,83.0,pos,Oyo,Ibadan North,3a7a3a30be3ac3f4,2025-02-05 16:04:00,16,2,True
98ba1d2a-b62a-4329-972c-a268e6d657fe,CUS-00659,30876.58,mobile_money,Oyo,Ibadan South-West,800d4a3c5c4536de,2025-02-05 16:08:46,16,2,False
c0065e34-d7ae-4c89-b967-4adce9037e0a,CUS-01826,387.05,bank_transfer,Lagos,Alimosho,54fffc21d08a0d8e,2025-02-05 16:19:42,16,2,False
b0290b3d-af03-41af-9efe-474a2943bfc6,CUS-01186,200.8,pos,Anambra,Awka South,6289ff269db8f2ac,2025-02-05 16:28:52,16,2,False
59aca30f-2f2f-4d6d-a3f7-e518eb3d9f82,CUS-00697,262.14,mobile_money,Oyo,Ibadan North,3a7a3a30be3ac3f4,2025-02-05 16:30:00,16,2,True
9463765d-c7c8-47c2-b7e4-9c6438e5838c,CUS-01611,2851.1,pos,Delta,Warri South,aa648247ee837f3b,2025-02-05 16:31:44,16,2,False
a7934bdd-6280-404e-8129-716594d28d08,CUS-00922,734308.44,mobile_money,Nassarawa,Nassarawa-Central,4de90312f1d9291c,2025-02-05 16:33:57,16,2,False
e48db1a0-d848-4f86-acea-58fedf047de1,CUS-00151,624304.29,pos,Lagos,Lagos Mainland,2bf14b665bcd3a89,2025-02-05 16:42:02,16,2,False
da9318bc-8fe5-4072-8773-905628e0b7e5,CUS-00611,34633.39,pos,Imo,Imo-Central,4fd5ba40c68d9677,2025-02-05 16:45:20,16,2,False
575b4cd8-ae30-45b6-821e-ec1b2baa668f,CUS-00697,214.93,bank_transfer,Oyo,Ibadan South-West,3a7a3a30be3ac3f4,2025-02-05 16:51:00,16,2,True
541a3029-01da-4709-b517-32af2607a244,CUS-00453,4406.94,bank_transfer,Kogi,Kogi-Central,540bb66ff44d3712,2025-02-05 16:53:35,16,2,False
36a1706c-4268-4606-a6d5-911af4c3a23b,CUS-00285,38144.09,ussd,Lagos,Lagos Mainland,72450b7e68862ec6,2025-02-05 16:56:26,16,2,False
61cfdbed-28d8-4625-950b-e01a77536916,CUS-01167,403.31,pos,Abuja FCT,Gwagwalada,281007905cca8b73,2025-02-05 16:57:14,16,2,False
1355109f-a9f7-439a-9719-ed0ae1068d30,CUS-01991,244.04,pos,Lagos,Ikeja,abb9607a0f5b6000,2025-02-05 17:12:23,17,2,False
70c60158-432e-4740-9b0e-3afc51a42f54,CUS-01566,1676.08,bank_transfer,Anambra,Onitsha North,5c458226cf44cc07,2025-02-05 17:14:33,17,2,False
1ad98637-0a64-4484-9c7f-dc6feaabb732,CUS-01659,3733.67,ussd,Abuja FCT,Kuje,730cfa22f07b1396,2025-02-05 17:21:09,17,2,False
1d2f4b11-0a03-41eb-9b0a-af7659399faa,CUS-01340,2612.38,ussd,Kano,Fagge,32701a6673725ff9,2025-02-05 17:27:39,17,2,False
5a1ff59f-d8ef-4d37-9bc5-a2fd96020f0a,CUS-01064,1946.77,bank_transfer,Rivers,Port-Harcourt,b9189ef7da9ec2d9,2025-02-05 17:29:07,17,2,False
dc00ae0e-9f11-4e8e-8d4b-8c4fb788eac8,CUS-01459,65.24,bank_transfer,Delta,Oshimili South,83ecf0b74091205d,2025-02-05 17:38:15,17,2,False
303dadab-a9e2-4df5-b473-af0dd0d75441,CUS-00290,4186.06,mobile_money,Lagos,Kosofe,9182df30e6018f89,2025-02-05 17:38:18,17,2,False
22bc60ff-7efb-4c7c-ba41-b3c122ff7456,CUS-00475,3856.0,ussd,Ogun,Ogun-Central,12d309dd435050f0,2025-02-05 17:47:27,17,2,False
e03a6767-b494-49d3-a8cc-5b4eaca75144,CUS-01732,1213.61,bank_transfer,Oyo,Ibadan South-West,38dcf611fcbaa213,2025-02-05 17:57:21,17,2,False
39e87940-f58b-45d3-bc3c-8ff98757544d,CUS-01037,46648.41,card,Ondo,Ondo-Central,a88d75e7d5798857,2025-02-05 18:00:01,18,2,False
2f0bdc30-7823-4444-a25b-73a15435981d,CUS-00171,350984.73,pos,Lagos,Mushin,0c65465d650a4d4e,2025-02-05 18:14:46,18,2,False
e9fd99eb-4d27-467c-b9ed-0bb34455cf88,CUS-00697,77977.67,pos,Oyo,Ibadan North,3a7a3a30be3ac3f4,2025-02-05 18:22:00,18,2,True
b2db0a5d-05ce-45a8-9618-c1c528b6f51f,CUS-01362,3451.35,mobile_money,Enugu,Nsukka,97bd9276d63af312,2025-02-05 18:25:35,18,2,False
1e43c0e1-5644-4920-94fe-699a752d87a1,CUS-01170,1334.24,mobile_money,Enugu,Enugu North,bb3c1c43614049b2,2025-02-05 18:26:02,18,2,False
ab43ddd7-f64d-4890-89c9-94903cf8e6a3,CUS-00948,456.13,pos,Kebbi,Kebbi-Central,0e53d60ffee3b10d,2025-02-05 18:30:52,18,2,False
58dbbb9e-b3b1-4b2f-832c-9008cbb7a12c,CUS-01762,40809.84,bank_transfer,Lagos,Eti-Osa,a30f47b1c41a7839,2025-02-05 18:33:20,18,2,False
2024898f-e976-4eba-a4d3-c9ac6009ff26,CUS-00629,382.67,pos,Lagos,Surulere,df45b1aef8e52b4d,2025-02-05 18:49:54,18,2,False
150ab509-d8f1-47e8-b779-264f862cf25a,CUS-01128,66.53,card,Rivers,Port-Harcourt,4768fdad9f4a852b,2025-02-05 18:51:24,18,2,False
5da94278-9990-4cda-a730-0090b8725bf0,CUS-01151,456.99,pos,Bauchi,Bauchi-Central,12846136115c5e9c,2025-02-05 18:52:45,18,2,False
fd016fdc-1470-4f9f-a426-1a521a5db7b4,CUS-00067,4068.6,mobile_money,Benue,Benue-Central,2ce9fcf68f9d3141,2025-02-05 19:00:08,19,2,False
3afb274b-bb28-4fd9-a131-e07c89459370,CUS-01148,2440.61,mobile_money,Borno,Borno-Central,7dad1b3771045202,2025-02-05 19:01:18,19,2,False
646ab044-87d7-4d57-b9f9-22a7739194b1,CUS-01474,2527.63,mobile_money,Kano,Nassarawa,9f74e67babbc18cb,2025-02-05 19:07:22,19,2,False
56048e54-204d-4b6e-b1c9-5ce1b5d774a7,CUS-01230,98378.45,pos,Nassarawa,Nassarawa-Central,e80635d7cc7194ff,2025-02-05 19:13:33,19,2,False
1571b2b8-09ed-449d-9b0f-ddabdd77404c,CUS-00697,229.04,pos,Oyo,Oyo East,3a7a3a30be3ac3f4,2025-02-05 19:15:00,19,2,True
7ec1210a-9fa2-4f44-ad68-5fa4f5494197,CUS-01609,322.19,card,Oyo,Ibadan North,06948fe1f1b46a75,2025-02-05 19:16:24,19,2,False
4b769d63-384c-4b25-8252-321fd77efbb4,CUS-00529,9484.77,card,Zamfara,Zamfara-Central,157f629fa128876d,2025-02-05 19:17:16,19,2,False
e56e1a6c-7305-43db-a750-53b0108b914a,CUS-01556,4052.0,pos,Kaduna,Zaria,c43fb64fc547fd6f,2025-02-05 19:31:02,19,2,False
399f1a0d-9ab7-4f2b-a8e3-779cb8673301,CUS-01286,84987.79,pos,Lagos,Lagos Mainland,82739cbcbd1403a5,2025-02-05 19:31:43,19,2,False
5390981c-3dd7-448f-a617-7dbbb26955e0,CUS-00266,97.72,bank_transfer,Edo,Oredo,eb35fb1933325042,2025-02-05 19:40:12,19,2,False
e670f223-aaaf-4cf2-abab-6b5564c63ff3,CUS-01236,942.79,pos,Zamfara,Zamfara-Central,d68479e2a9eb270f,2025-02-05 19:43:50,19,2,False
1804cc79-148d-488e-9035-7213c91708b1,CUS-01149,325.24,bank_transfer,Zamfara,Zamfara-Central,200cf8aca5eef511,2025-02-05 19:45:04,19,2,False
835213f1-c4eb-4647-9066-fd17986348f9,CUS-00582,150.22,bank_transfer,Abuja FCT,Municipal,5097ab10195e97a2,2025-02-05 19:47:25,19,2,False
34128f38-8152-4980-92f4-e7eee15ad495,CUS-00257,114.66,ussd,Edo,Ikpoba-Okha,05b67e1b6e78ab21,2025-02-05 19:50:14,19,2,False
b3d00ba2-1c2c-4166-a28a-f912ca05191e,CUS-01584,4934.32,bank_transfer,Ogun,Ogun-Central,afbd85ed89571d3b,2025-02-05 19:53:22,19,2,False
3d2d66d5-2fdc-459a-bc61-650818c7ebf6,CUS-01584,31631.75,bank_transfer,Ogun,Ogun-Central,afbd85ed89571d3b,2025-02-05 19:53:41,19,2,False
d6d3571d-362a-4d2a-8d5f-230ae17eaf11,CUS-01286,1307.17,pos,Lagos,Mushin,82739cbcbd1403a5,2025-02-05 19:55:05,19,2,False
5c50064c-de22-477d-be5b-c3ea30b80f03,CUS-01990,1009.54,pos,Kwara,Kwara-Central,3745d1557ed742f5,2025-02-05 19:56:27,19,2,False
d4ed77ff-dde8-4b3c-9740-25850e4632e1,CUS-01076,3866.46,ussd,Rivers,Obio-Akpor,8fb4ce490c245fca,2025-02-05 19:56:36,19,2,False
934ad9a2-baf9-4fa3-b2ce-6c0afafe4d7b,CUS-00046,5329.12,pos,Kano,Fagge,18464df2f2c6b764,2025-02-05 20:14:13,20,2,False
67b8a8c8-50d8-44b7-8581-08c2bdf6d9ad,CUS-01068,34922.3,pos,Kano,Dala,8d576c7efcc7de85,2025-02-05 20:15:20,20,2,False
72088719-96cc-4ed3-88c3-590ff1e983cf,CUS-01484,4720.95,bank_transfer,Kano,Gwale,0e62fcf1fb9ddfdc,2025-02-05 20:25:22,20,2,False
a6758437-8576-417b-87b7-861fd1b0b51a,CUS-00757,7104.27,ussd,Oyo,Ibadan South-West,8c3b578b37eec62e,2025-02-05 20:29:39,20,2,False
dd1f858f-25e5-46b7-8e51-c8cfa79ad295,CUS-01342,2962.98,bank_transfer,Zamfara,Zamfara-Central,31b1f39dd3d30b05,2025-02-05 20:36:16,20,2,False
a7bdd93f-2096-4c4b-8327-5785d4ef96d4,CUS-00968,83880.94,mobile_money,Oyo,Oyo East,585ed5cc12bc5507,2025-02-05 20:55:18,20,2,False
f8017a32-a59b-4b4b-9916-e226f6bfcf68,CUS-01524,3370.29,pos,Abuja FCT,Kuje,e9b082843f2915d1,2025-02-05 20:56:34,20,2,False
3f6f3a70-3953-4138-b7c9-a9167b654d62,CUS-01000,295.55,mobile_money,Lagos,Mushin,9b21b53089a7e7c4,2025-02-05 21:00:59,21,2,False
e17d2eff-1e24-4b8b-81d8-379f2b78cd8c,CUS-01911,77399.83,bank_transfer,Kebbi,Kebbi-Central,121dff989a09cda1,2025-02-05 21:06:24,21,2,False
821aecb0-5b0d-4667-8819-989fac125add,CUS-00946,37401.37,bank_transfer,Lagos,Ikorodu,c6a0a0a65e14115d,2025-02-05 21:09:31,21,2,False
ad35bb31-cb2e-40d3-bc7a-66e5defde90e,CUS-01265,1915.87,pos,Lagos,Ikeja,3aa6fe9b92916bd6,2025-02-05 21:14:51,21,2,False
fce8226b-b1f6-4cb8-9d9f-ccfd851bec30,CUS-01482,3005.59,pos,Oyo,Ibadan North,304c1b645c7fc091,2025-02-05 21:33:55,21,2,False
c1e6b63b-ce9a-45d3-876f-2ded47c771c1,CUS-00697,779.86,ussd,Oyo,Oyo East,3a7a3a30be3ac3f4,2025-02-05 21:47:00,21,2,True
6daf7818-a6b0-4e0b-a11d-12643a01f289,CUS-01651,1593.76,pos,Kano,Dala,396043149ea8b2e6,2025-02-05 21:52:04,21,2,False
0b64750e-66f3-4478-8fc2-6a534e834fcd,CUS-00697,435268.61,bank_transfer,Oyo,Ogbomoso,3a7a3a30be3ac3f4,2025-02-05 22:31:00,22,2,True
abe723de-b837-492b-899c-cb078bd2c7ac,CUS-01002,61695.24,pos,Kebbi,Kebbi-Central,efcc435f8f743b77,2025-02-05 23:30:39,23,2,False
7c771506-64be-471b-97bc-fce901e0b466,CUS-00036,735.3,pos,Kano,Nassarawa,92bbe47fe9f49240,2025-02-06 00:21:46,0,3,False
b6e83fb1-abd6-445e-8693-17c572bda765,CUS-00700,665.41,bank_transfer,Oyo,Ibadan North,4aef78b85c3be624,2025-02-06 00:28:07,0,3,False
58220560-7361-427c-afca-09af12340829,CUS-00371,1043.03,mobile_money,Lagos,Ikorodu,7db25f91fbf121bf,2025-02-06 00:31:42,0,3,False
5edeca95-9df7-4479-87a6-8b9db5609594,CUS-01727,443.29,pos,Ogun,Ogun-Central,7011c30208d82b3b,2025-02-06 00:51:04,0,3,False
ffd0970e-4b32-4106-b87a-4677d5d6e48f,CUS-01247,2912.87,bank_transfer,Lagos,Alimosho,18e92e4979a08146,2025-02-06 00:59:57,0,3,False
8d7b13b2-559a-4280-ab14-096e2aceecf9,CUS-00410,470009.27,bank_transfer,Kano,Tarauni,9f4f4dd35dc18f7d,2025-02-06 01:13:00,1,3,True
2374fb64-af04-440b-a7f8-c186b754cf2f,CUS-00806,508514.84,bank_transfer,Gombe,Gombe-Central,1d2bb2dbe8f7d258,2025-02-06 01:18:58,1,3,False
c1c7ebde-e609-40ef-b815-241c1e061d76,CUS-00619,334148.52,bank_transfer,Osun,Osun-Central,c6673cb638a3bb63,2025-02-06 03:12:00,3,3,True
d2cbd20f-babf-404d-bb8f-b334bf9cc310,CUS-00531,41483.01,mobile_money,Ogun,Ogun-Central,e31655b45463dd12,2025-02-06 03:29:51,3,3,False
e1344471-0973-445d-9f88-7d51c4e37758,CUS-01537,335884.51,bank_transfer,Anambra,Awka South,a99f48c92dd1b94b,2025-02-06 04:14:22,4,3,False
af0db136-d033-4085-a340-57d207b4425c,CUS-00128,110.97,pos,Lagos,Kosofe,4fea8b2d9e7b6054,2025-02-06 06:13:00,6,3,True
047ed220-beea-4a56-a3c3-20f8af35cba9,CUS-00128,19525.5,bank_transfer,Lagos,Agege,4fea8b2d9e7b6054,2025-02-06 06:16:00,6,3,True
20dcecec-27e7-4af1-92c2-2a283411603a,CUS-01769,660.08,pos,Rivers,Port-Harcourt,1118a0d8bb9220e4,2025-02-06 07:09:11,7,3,False
2d56501d-b0ab-47f1-904c-5e7b19a88e08,CUS-00128,4429.71,pos,Lagos,Surulere,4fea8b2d9e7b6054,2025-02-06 07:34:00,7,3,True
28e6940d-c9f4-4080-a5ad-14bf75eb11a6,CUS-00128,26501.6,pos,Lagos,Ikeja,4fea8b2d9e7b6054,2025-02-06 08:44:00,8,3,True
da031795-8781-414f-9b39-4fcccf3aa980,CUS-01614,2041.32,pos,Kano,Gwale,1b4932f290b1fc00,2025-02-06 09:00:44,9,3,False
7dc4f6d5-03fb-458b-b3d4-35b96f8b52bd,CUS-00128,82.95,bank_transfer,Lagos,Oshodi-Isolo,4fea8b2d9e7b6054,2025-02-06 09:06:00,9,3,True
7316b63b-28b6-4df0-8067-53f65dc37ffe,CUS-00645,3664.16,pos,Niger,Niger-Central,3f8102ecf21bc1db,2025-02-06 09:06:17,9,3,False
bb70b2d2-15b8-43f4-8000-c436336f8932,CUS-00918,57504.11,mobile_money,Kwara,Kwara-Central,402f6978085be2fa,2025-02-06 09:12:19,9,3,False
c801cf4c-56e8-4c0f-8a9d-c0edd91c7758,CUS-00057,21641.51,bank_transfer,Lagos,Alimosho,7176e72fa68d4e40,2025-02-06 09:13:40,9,3,False
1100157d-b0b4-4ae1-83e3-79171e9fe20b,CUS-00071,583.66,bank_transfer,Lagos,Agege,1091ab6738ae125a,2025-02-06 09:15:21,9,3,False
bc8f10a3-1ccf-4983-97f4-eea313c3ad84,CUS-01319,2206.62,mobile_money,Lagos,Surulere,9dd92bdbfbe0cdc4,2025-02-06 09:26:23,9,3,False
0001ee40-4b9a-49f9-b9de-f204c1912f7a,CUS-01513,185.67,mobile_money,Lagos,Alimosho,bdecb2a312b96c1c,2025-02-06 09:28:15,9,3,False
5a200f66-1236-4d59-a78c-fb0a946c68c1,CUS-01151,723.01,pos,Bauchi,Bauchi-Central,12846136115c5e9c,2025-02-06 09:28:20,9,3,False
cc4af10b-8fae-446d-867c-f0147cc51731,CUS-01825,41957.17,pos,Oyo,Ibadan North,67bd0a3396337975,2025-02-06 09:33:34,9,3,False
fe8fbf19-f3e7-4c31-ba57-e9c97c647c42,CUS-00165,21346.06,card,Bauchi,Bauchi-Central,da9388b31798113b,2025-02-06 09:34:58,9,3,False
3269097b-8a49-4e79-8191-aa351a62ca3c,CUS-01015,3845.12,bank_transfer,Adamawa,Adamawa-Central,19492d475c97a771,2025-02-06 09:45:35,9,3,False
03e77796-5821-48e8-9ca1-9371d2be308a,CUS-01420,71386.36,mobile_money,Kano,Gwale,eff694d3bbf74ab9,2025-02-06 09:54:23,9,3,False
e73592b3-11fd-4905-b502-3287f734479e,CUS-00741,560119.89,pos,Kano,Fagge,1bb58da37496630e,2025-02-06 10:02:28,10,3,False
4b455698-bdbb-4abc-9b84-a41b297aefa8,CUS-01667,888.56,pos,Yobe,Yobe-Central,7e4e3afc85b0c8b0,2025-02-06 10:10:43,10,3,False
92f76eb5-15ed-4b95-9f7b-accd5547b7df,CUS-01752,676.47,pos,Lagos,Oshodi-Isolo,1418241f25a9340c,2025-02-06 10:13:14,10,3,False
1b409396-1d34-4a28-84f2-c4bf99559687,CUS-01135,259.22,bank_transfer,Lagos,Ikeja,ddc7283b773c8f9b,2025-02-06 10:23:29,10,3,False
73c3c351-da00-47a7-930a-3ac1911144c2,CUS-00128,39029.71,bank_transfer,Lagos,Lagos Mainland,4fea8b2d9e7b6054,2025-02-06 10:28:00,10,3,True
7b4937d4-1fbd-4034-b240-e2a59c00ddd5,CUS-01991,52000.55,pos,Lagos,Ikeja,abb9607a0f5b6000,2025-02-06 10:39:22,10,3,False
38d6b000-6860-4d84-9120-cc3b50d3348e,CUS-00496,2066.57,bank_transfer,Oyo,Oyo East,9cec30768d8a4bf8,2025-02-06 10:42:27,10,3,False
cf12df1b-a37a-420e-ab91-19231d92945c,CUS-00947,2231.78,bank_transfer,Nassarawa,Nassarawa-Central,16f02fc59c758e76,2025-02-06 11:00:59,11,3,False
461074aa-2966-4b56-b103-358adc35caec,CUS-01699,166.0,pos,Oyo,Ibadan North,1bde2143285a08c4,2025-02-06 11:01:19,11,3,False
edca7a10-53bc-4c0c-bfbd-40ec57bff3fb,CUS-00128,77243.98,mobile_money,Lagos,Ikeja,4fea8b2d9e7b6054,2025-02-06 11:06:00,11,3,True
75901a99-adb4-4cb0-8ea0-6f2e88cb0d08,CUS-01683,98281.4,pos,Plateau,Plateau-Central,e3bd83bb720ee892,2025-02-06 11:10:19,11,3,False
684b6018-aa0a-41a4-aab6-c622e523e5ed,CUS-01543,27866.51,pos,Lagos,Surulere,3a0152b6fe236ef4,2025-02-06 11:46:01,11,3,False
c0f667c4-21e1-4a90-b84e-d14a8717439d,CUS-01499,320170.41,mobile_money,Zamfara,Zamfara-Central,ad409298faa385ec,2025-02-06 11:51:01,11,3,False
bec3c0c4-607e-48bf-b9dd-1ac72d64f400,CUS-00497,162653.33,ussd,Lagos,Mushin,fd814a510ea60164,2025-02-06 12:12:03,12,3,False
44bec7b7-9f64-4687-bb7e-44e44490fb34,CUS-00032,4071.91,bank_transfer,Lagos,Lagos Mainland,6b07c6774a8a35ea,2025-02-06 12:33:06,12,3,False
37e51f52-37f5-46bc-bab1-545981c58358,CUS-01201,94975.49,pos,Lagos,Surulere,482ab1a361688438,2025-02-06 12:40:16,12,3,False
1dadc9d7-1f13-4c53-bf03-15a7c57907ff,CUS-01622,66180.25,pos,Oyo,Oyo East,7963dcf2f8c7dcbc,2025-02-06 12:40:38,12,3,False
c892f5b4-1c5d-49b9-9c72-bd63dd761ac2,CUS-00698,386.59,mobile_money,Lagos,Eti-Osa,5f2762a71ad1b9a9,2025-02-06 12:50:03,12,3,False
c87698df-4c65-4691-82ee-91bf3ecc85a7,CUS-00622,485.97,bank_transfer,Rivers,Obio-Akpor,7e53a819ad1be8b4,2025-02-06 13:14:49,13,3,False
39825ab4-8645-42af-9b91-60072adae6f3,CUS-00753,405.19,pos,Kano,Gwale,7dcdedb7ad4521d3,2025-02-06 13:15:23,13,3,False
e5773e98-cab0-4878-86e8-d367d3e1990a,CUS-01126,2434.35,mobile_money,Lagos,Eti-Osa,4dbdfcbd94e9e972,2025-02-06 13:39:19,13,3,False
3c5818c4-5fe4-4ea7-b92c-96926fad15a1,CUS-00782,92.54,card,Lagos,Ikeja,f792e29885654616,2025-02-06 13:39:20,13,3,False
fa360aa6-8a6a-4a9e-a977-5eed638dbf21,CUS-01927,803.01,mobile_money,Abuja FCT,Municipal,f2eeaed31f982ebf,2025-02-06 13:50:41,13,3,False
aeb2f1d4-725e-43b2-9185-3793da5d173d,CUS-00665,3653.29,pos,Lagos,Kosofe,5de9972665a5cc39,2025-02-06 13:51:21,13,3,False
5bd0a85c-b165-4d80-b065-2eedff2c4a05,CUS-01379,1918.71,mobile_money,Kaduna,Kaduna North,ada99f38e0e8f830,2025-02-06 13:57:44,13,3,False
f70da417-d826-4a30-abd3-e144e635540c,CUS-00421,4125.64,pos,Imo,Imo-Central,30c2c103147fffc3,2025-02-06 13:58:16,13,3,False
1745bc25-2780-42ea-82e3-e88202ebd7fe,CUS-00128,4296.28,pos,Lagos,Ikeja,4fea8b2d9e7b6054,2025-02-06 14:18:00,14,3,True
302fe1b6-13c8-406a-a6b6-48cb909adaeb,CUS-01621,168.19,pos,Lagos,Mushin,8647eebdaf46fec5,2025-02-06 14:21:29,14,3,False
8a851dfc-32ab-43fd-97f5-e46c17058b0d,CUS-00585,349.03,bank_transfer,Lagos,Ikeja,9eafae1f828f172b,2025-02-06 14:21:51,14,3,False
f7097b27-c5d2-40b8-a289-bdeb1af4491e,CUS-00806,13177.47,pos,Gombe,Gombe-Central,1d2bb2dbe8f7d258,2025-02-06 14:30:00,14,3,False
96697304-04c0-4189-84e9-1046cd80cbbf,CUS-00779,4625.02,pos,Enugu,Enugu North,161c4884b0d5f0dc,2025-02-06 14:45:37,14,3,False
02335970-895e-47b9-9ce4-42b77a70db6e,CUS-01664,28853.25,bank_transfer,Ogun,Ogun-Central,69024d426ea4f554,2025-02-06 14:49:30,14,3,False
e8cc8212-f82f-421f-9c17-b3deab59dd31,CUS-01238,2546.37,bank_transfer,Akwa Ibom,Akwa Ibom-Central,4f2883e80ffbe344,2025-02-06 15:06:16,15,3,False
3cfce2a5-31a1-4522-9f74-d88573a93404,CUS-00648,1370.33,bank_transfer,Imo,Imo-Central,87df8c596d1e3bc8,2025-02-06 15:13:19,15,3,False
0fc33ac3-77c6-46e2-895b-d699bc4eec29,CUS-00128,157.59,pos,Lagos,Ikeja,4fea8b2d9e7b6054,2025-02-06 15:24:00,15,3,True
8b49a8f0-6fa8-45a7-b1b2-8ce21267a509,CUS-01796,3172.17,bank_transfer,Ondo,Ondo-Central,35497b8b7e62e84e,2025-02-06 15:32:09,15,3,False
49358e21-9e43-4eeb-b2db-28fc47a79fd7,CUS-00386,58094.0,pos,Kano,Kumbotso,273baa91f71df6fc,2025-02-06 15:38:18,15,3,False
fb43d3e7-4133-4b5b-96ba-9938f1449b7c,CUS-00128,4996.9,card,Lagos,Surulere,4fea8b2d9e7b6054,2025-02-06 15:46:00,15,3,True
ae91ebc7-83a9-444d-80c5-9b783de2dfad,CUS-00407,320.55,pos,Lagos,Alimosho,9215cf956d43adbc,2025-02-06 15:54:06,15,3,False
73a75d7e-625b-47c9-ad85-33033efc9ee7,CUS-01360,768.34,mobile_money,Taraba,Taraba-Central,b6f6e9047c2792c1,2025-02-06 15:59:25,15,3,False
5c49cf01-9b59-40ca-8168-d986043059be,CUS-01063,74173.06,bank_transfer,Rivers,Port-Harcourt,9e1a89fd42d907c4,2025-02-06 16:20:54,16,3,False
37774f06-9f73-479d-a44a-e008c9c14d2c,CUS-01609,3653.15,card,Oyo,Ibadan North,06948fe1f1b46a75,2025-02-06 16:36:53,16,3,False
64bfba5b-a370-411f-8647-e35aa5b68c9c,CUS-00438,32631.7,bank_transfer,Edo,Egor,13939ba62a5e19d3,2025-02-06 16:37:25,16,3,False
ec54a3a5-4a23-4d77-a016-9df5b387c410,CUS-01978,67.86,pos,Kebbi,Kebbi-Central,c9c94165fe4b9e65,2025-02-06 16:54:06,16,3,False
236715fb-2361-4b4f-9691-81cfb06f14a4,CUS-00842,62609.13,ussd,Lagos,Ikorodu,4a7bc2fbc70c3572,2025-02-06 16:54:10,16,3,False
c77975eb-fbaa-496d-8aca-50b8738fb0c7,CUS-00788,414.69,card,Abuja FCT,Kuje,cfa2bab673d6b5bb,2025-02-06 16:55:45,16,3,False
7da91545-679d-409d-8b32-18dce6b832cd,CUS-00128,4876.74,mobile_money,Lagos,Eti-Osa,4fea8b2d9e7b6054,2025-02-06 17:01:00,17,3,True
843a57ad-434b-49e4-bc8a-cc3081c09852,CUS-00658,244066.69,pos,Delta,Warri South,f427466ee9b7df69,2025-02-06 17:01:49,17,3,False
b16ab817-b587-40fe-aafb-1f1e494c55f6,CUS-01436,241.08,pos,Kano,Kumbotso,407a3276e36403ea,2025-02-06 17:07:38,17,3,False
154c106b-f7c4-4b0f-95ba-997e90985775,CUS-01091,82258.92,card,Delta,Oshimili South,6b596a85b2b7d24f,2025-02-06 17:12:24,17,3,False
56b8396e-832b-466d-8819-49b6a700dd79,CUS-00969,411.02,bank_transfer,Abuja FCT,Gwagwalada,16437dc8de01cc12,2025-02-06 17:14:00,17,3,False
79194e28-751e-46c4-98eb-1dc4da09cc6f,CUS-00933,979254.05,bank_transfer,Oyo,Oyo East,e024c9658ed25f99,2025-02-06 17:14:23,17,3,False
8bf1c212-90ac-464f-976a-90b57036ce47,CUS-00517,52086.02,bank_transfer,Benue,Benue-Central,ae544b55a6d75903,2025-02-06 17:20:53,17,3,False
897bc608-7461-4d43-ba68-9230d765cf45,CUS-01665,1504.2,bank_transfer,Borno,Borno-Central,f822c218fdd2c293,2025-02-06 17:26:20,17,3,False
7c45c0f7-484e-4364-b5af-cc3d40ebec27,CUS-00495,599.63,mobile_money,Kano,Fagge,f1024ed0b10e31cb,2025-02-06 17:33:01,17,3,False
a7337c8d-6c59-4031-8982-98d246303916,CUS-01140,76.94,pos,Plateau,Plateau-Central,5f6457a7a17fb30a,2025-02-06 17:46:06,17,3,False
e3f9c56f-3fe5-407d-b6c4-0bc119b2c273,CUS-01997,405.79,pos,Lagos,Kosofe,8252b5622bd82ebb,2025-02-06 17:50:19,17,3,False
01affd8f-4faa-4a48-b4d3-d9fa06fe2162,CUS-01810,2473.97,mobile_money,Delta,Uvwie,2a1448eec0668544,2025-02-06 17:52:16,17,3,False
9518289b-708a-47c7-8355-c3d7088e0575,CUS-00359,2711.61,pos,Oyo,Ogbomoso,c013c0a17c1c88db,2025-02-06 18:04:06,18,3,False
16cc6949-bc7c-4fe8-9d94-d20929135600,CUS-00128,5690.3,mobile_money,Lagos,Lagos Mainland,4fea8b2d9e7b6054,2025-02-06 18:08:00,18,3,True
03e60222-52b5-4748-899a-7d5f9f9ab93a,CUS-00438,2013.37,bank_transfer,Edo,Egor,13939ba62a5e19d3,2025-02-06 18:10:40,18,3,False
92f8e51d-9a26-4a0f-bc82-ce53e19cca63,CUS-00432,36342.2,card,Enugu,Nsukka,d821956ebf7b9a1c,2025-02-06 18:14:34,18,3,False
af9c3a91-1fbf-4f4b-b04a-ae7697588fe0,CUS-00748,53565.89,mobile_money,Kogi,Kogi-Central,998b89625c438d01,2025-02-06 18:41:20,18,3,False
adcb9b24-5f6b-40e9-b66b-442e7c648a5f,CUS-01579,45896.21,bank_transfer,Oyo,Ogbomoso,98d39056461813d3,2025-02-06 18:45:25,18,3,False
bdc95553-5a2b-4270-83be-cb979a010f94,CUS-00661,2654.09,ussd,Ogun,Ogun-Central,94d166e2cf615c3e,2025-02-06 18:49:19,18,3,False
bd8a2c68-739f-456b-ab5c-1ed3a783d91b,CUS-00983,379.99,mobile_money,Lagos,Lagos Mainland,df0d0800377121f5,2025-02-06 19:02:48,19,3,False
1d941f96-d83a-48c6-8f69-a2d97622c83e,CUS-01144,87167.78,pos,Kano,Gwale,79f2ca9dea7f4c82,2025-02-06 19:04:07,19,3,False
e58edd62-13d7-4a6f-8a36-792b2b16235e,CUS-00345,2725.65,mobile_money,Kaduna,Kaduna North,808e7a5c5a97600f,2025-02-06 19:05:36,19,3,False
c3b275aa-b19d-4f51-9c1a-e810f71bd60d,CUS-00828,262067.51,bank_transfer,Osun,Osun-Central,9a1f4e8803f68e25,2025-02-06 19:19:49,19,3,False
ddc14b71-802c-4116-acae-e82e0ae0cdec,CUS-00304,75653.57,ussd,Ondo,Ondo-Central,283deccb36c7b95c,2025-02-06 19:23:47,19,3,False
a3805dbd-abd7-4304-9d4f-82cfceb8e6b6,CUS-00979,75594.57,card,Kaduna,Zaria,6e449854f903e547,2025-02-06 19:30:02,19,3,False
1663eeb7-aac9-4006-99da-efc6b2895d8f,CUS-00766,4923.84,bank_transfer,Kwara,Kwara-Central,6ff0ddcda0bc1969,2025-02-06 19:30:56,19,3,False
7ff91f3b-fa40-4757-8369-caaecb80c25f,CUS-01662,416.16,pos,Adamawa,Adamawa-Central,5fb1527086435d69,2025-02-06 19:38:11,19,3,False
2be2c527-bc2d-4d15-9c2d-74b6a9233111,CUS-01422,446.69,mobile_money,Lagos,Mushin,c7464d1708c5983c,2025-02-06 19:39:20,19,3,False
52f5deca-ffb7-47e4-9edb-b3252b6ddf54,CUS-01398,1328.61,pos,Enugu,Enugu East,38bb26e921581818,2025-02-06 19:41:58,19,3,False
8e406eb0-7404-4210-811f-c66b22e41af7,CUS-01495,29400.31,ussd,Anambra,Nnewi North,336384e20cab2a52,2025-02-06 19:48:24,19,3,False
020c184f-99b3-407c-861d-e15740309415,CUS-01234,3767.39,pos,Delta,Uvwie,8319fe633d556a40,2025-02-06 19:49:49,19,3,False
fb520f28-2d3b-49aa-ac6e-e3359361d2c1,CUS-01186,1769.86,pos,Rivers,Oyigbo,6289ff269db8f2ac,2025-02-06 20:00:00,20,3,True
fe678b55-be70-496e-b391-7047dee9e42e,CUS-01761,2203.79,mobile_money,Borno,Borno-Central,dc00833fab7bb6be,2025-02-06 20:00:46,20,3,False
47373d55-6e1e-43af-967e-5361ddcb3313,CUS-00289,63281.47,pos,Kaduna,Kaduna South,b2cf27b1e6b53ab6,2025-02-06 20:01:20,20,3,False
b77bc028-5cfe-44ec-8ff3-4fc2f6cd824f,CUS-01186,2634.47,bank_transfer,Kano,Tarauni,6289ff269db8f2ac,2025-02-06 20:08:00,20,3,True
a7720623-4067-4d54-a8e2-2b9768b6f66f,CUS-00316,3344.99,pos,Rivers,Port-Harcourt,f45621f2c00f78c7,2025-02-06 20:15:47,20,3,False
3be84d0b-7eef-4d99-8ca7-ac05e4bfd957,CUS-00128,4471.79,mobile_money,Lagos,Mushin,4fea8b2d9e7b6054,2025-02-06 20:26:00,20,3,True
91f74f81-ef02-460d-bab6-eda4410debc4,CUS-00805,754246.85,card,Osun,Osun-Central,1bd77958d113fdcf,2025-02-06 20:27:05,20,3,False
27f4c388-16c5-45ef-9189-53bff4db7619,CUS-01908,935301.8,mobile_money,Kano,Dala,01f9dab905ec8c27,2025-02-06 20:43:05,20,3,False
dca42fc6-7076-447c-9772-c322c3311ee9,CUS-01680,1059.55,mobile_money,Kano,Kumbotso,5b6d9e25e5985abb,2025-02-06 20:45:40,20,3,False
fb5b701f-9b49-4f2e-ae55-a4df1fe55287,CUS-00916,86445.82,mobile_money,Kano,Dala,5bd822755a40195e,2025-02-06 20:48:24,20,3,False
a27858c8-ef0a-444f-b122-5e9202834859,CUS-01757,26779.07,pos,Abuja FCT,Municipal,2b81d97a0edf05ec,2025-02-06 20:58:22,20,3,False
e049f41a-7eeb-4bd4-a0be-8e078d60bd7e,CUS-00153,53902.42,mobile_money,Abuja FCT,Gwagwalada,9640a9fc14e6d38b,2025-02-06 20:58:35,20,3,False
760ef655-f92a-4884-bada-5233d0ae008f,CUS-00506,34761.52,ussd,Taraba,Taraba-Central,36d937528a49042b,2025-02-06 21:06:45,21,3,False
e11d2114-6fcf-4c15-bbef-125657ba73d6,CUS-00056,81522.8,bank_transfer,Lagos,Surulere,2261f7a59fdd0292,2025-02-06 21:10:57,21,3,False
51944af0-d5c2-468b-88bf-8a84b7be91b5,CUS-01241,292.03,bank_transfer,Abia,Abia-Central,6a842683f72bdf4b,2025-02-06 21:11:23,21,3,False
d99eeda2-2910-4d26-9135-1a96e0a70d13,CUS-01915,30381.08,pos,Ondo,Ondo-Central,5df0e6f4ac72dfe8,2025-02-06 21:19:01,21,3,False
90b20636-c8bc-4e14-812e-437d9f11618a,CUS-01264,91752.54,mobile_money,Lagos,Mushin,6f3f0a8fa5427bf4,2025-02-06 21:25:42,21,3,False
6eb14a86-8bcc-4fdc-8257-4094c806ce6e,CUS-01941,4048.78,ussd,Kano,Fagge,9dbbf7c1e6ccee2c,2025-02-06 21:26:18,21,3,False
9e7f172e-df6b-4818-be7b-c7f9e5d6086f,CUS-01418,250.81,pos,Abuja FCT,Kuje,d3cb7e7d185053b7,2025-02-06 21:38:27,21,3,False
0f889b6e-3350-444b-8e32-167fc7940523,CUS-00193,181.13,ussd,Enugu,Nsukka,d152fd56ffcd3512,2025-02-06 21:43:29,21,3,False
95423113-fdc4-4f66-b969-9f6b8177958f,CUS-00926,5287.62,mobile_money,Kano,Gwale,e9d3627c865d5a28,2025-02-06 21:48:17,21,3,False
1a95eab9-eb99-4503-9a7d-2a4b15bd7de8,CUS-00249,2126.04,pos,Sokoto,Sokoto-Central,582309303bc8cadb,2025-02-06 21:50:07,21,3,False
c0342417-e961-42f7-a9e5-5c7e53604b33,CUS-01537,90104.29,bank_transfer,Anambra,Onitsha North,a99f48c92dd1b94b,2025-02-06 23:07:34,23,3,False
cb3741b3-8726-4f0f-803a-b4505ef79ca6,CUS-01452,324.15,mobile_money,Zamfara,Zamfara-Central,8af2244a304d26f8,2025-02-07 00:29:14,0,4,False
4b442b42-b644-491e-bf04-d2cc2530acf5,CUS-01078,702568.35,bank_transfer,Lagos,Mushin,f93b47fd7d069f48,2025-02-07 02:07:00,2,4,True
f31d7b95-844a-45e1-880e-2501a9af0b6a,CUS-01280,2305.77,bank_transfer,Enugu,Nsukka,de49824b2d71bf04,2025-02-07 02:16:57,2,4,False
26d694e6-72ab-4034-85c6-493bd7cdcbae,CUS-01275,1763.87,mobile_money,Lagos,Agege,9b96ba82f57290ea,2025-02-07 02:54:31,2,4,False
ef937ce6-fc1f-4b01-b78e-4aad777dda1c,CUS-00203,44213.63,pos,Nassarawa,Nassarawa-Central,28e1a249d12d9596,2025-02-07 03:07:01,3,4,False
8d80d1b5-9d31-4dc1-9f61-0596791dfbde,CUS-01736,825149.67,bank_transfer,Abuja FCT,Bwari,dc75516563b80dbc,2025-02-07 04:31:00,4,4,True
ffaed11b-ba6b-4108-89ea-f2c6da14667b,CUS-01201,4912.19,bank_transfer,Lagos,Mushin,482ab1a361688438,2025-02-07 06:25:59,6,4,False
5bce7299-a951-4aa7-bc4c-4a2f869d8a74,CUS-00508,59.33,mobile_money,Katsina,Katsina-Central,3c6dcb4e5b6b2d16,2025-02-07 07:15:18,7,4,False
c2fe9c8b-8125-4430-9af5-fe4d5c5f5b7f,CUS-01724,427.75,mobile_money,Anambra,Awka South,255cc9f84c700375,2025-02-07 07:18:00,7,4,True
64388c6c-c7aa-4b1e-9b9c-5998d66c16cb,CUS-00167,397.28,mobile_money,Lagos,Kosofe,1a50db474267137b,2025-02-07 07:25:00,7,4,True
3f33d487-2af2-443a-9c76-129c69e5b1d0,CUS-01724,252.49,ussd,Anambra,Onitsha North,255cc9f84c700375,2025-02-07 07:27:00,7,4,True
842491ff-ba3d-4f96-b7a4-b796b6bacb56,CUS-01840,4794.38,bank_transfer,Rivers,Port-Harcourt,f0a551f0ca70f7b7,2025-02-07 07:28:38,7,4,False
764d2c9a-230c-4c33-90ba-07f0d109a94f,CUS-01724,458.39,mobile_money,Anambra,Nnewi North,255cc9f84c700375,2025-02-07 07:35:00,7,4,True
2f3d4369-6716-4c54-a16a-8217ec14176f,CUS-01724,269.3,ussd,Anambra,Awka South,255cc9f84c700375,2025-02-07 07:38:00,7,4,True
9fdaf9dd-d417-4587-97b1-353d1b9612c4,CUS-00167,686.18,bank_transfer,Lagos,Oshodi-Isolo,1a50db474267137b,2025-02-07 07:47:00,7,4,True
3d26dcac-a9ae-4cb0-9a25-2838bb78bd05,CUS-01724,75.72,mobile_money,Anambra,Awka South,255cc9f84c700375,2025-02-07 07:54:00,7,4,True
ae44430b-d6fe-4d5e-9b4f-fe9b4d26ff30,CUS-01724,351.47,ussd,Anambra,Awka South,255cc9f84c700375,2025-02-07 07:54:00,7,4,True
d4480190-ab55-4745-a8b3-09e3a3272146,CUS-00988,265.97,mobile_money,Lagos,Eti-Osa,5cbbf471995adf72,2025-02-07 08:15:53,8,4,False
035a7d2e-0c36-42de-afe5-81788ce44c3b,CUS-00167,318.9,pos,Lagos,Oshodi-Isolo,1a50db474267137b,2025-02-07 08:30:00,8,4,True
04af9128-ad4a-4f9d-89a2-a9942a8e0054,CUS-00400,554.52,pos,Lagos,Kosofe,5a7139589bfd1fa4,2025-02-07 08:56:31,8,4,False
efa9370b-0027-440e-9b19-8fd2c10a818d,CUS-00167,32285.03,pos,Lagos,Oshodi-Isolo,1a50db474267137b,2025-02-07 09:02:00,9,4,True
567d5b73-b001-4c70-b479-24fa27f4c955,CUS-00789,1960.78,card,Jigawa,Jigawa-Central,7fe492226e84ff2c,2025-02-07 09:05:40,9,4,False
c5a3eeaa-9c8d-4e6a-b17d-0ea227a0fb46,CUS-01068,4428.71,pos,Kano,Nassarawa,8d576c7efcc7de85,2025-02-07 09:06:24,9,4,False
d4d9267f-1809-4290-b0d9-bc8bef24376e,CUS-00764,743.89,pos,Lagos,Alimosho,505092f3fbd319a1,2025-02-07 09:06:43,9,4,False
818e90a3-07de-42ea-95b9-598e3f2e419f,CUS-00324,3255.23,ussd,Cross River,Cross River-Central,eadd563a73f69909,2025-02-07 09:09:36,9,4,False
6c02e328-16aa-442a-8b99-38e85cc81988,CUS-01561,98440.2,mobile_money,Lagos,Ikorodu,e4806e2d6e74cc83,2025-02-07 09:10:15,9,4,False
9db8f96d-dd09-4fb0-8eff-2ebd2c6f291d,CUS-01815,9126.17,bank_transfer,Akwa Ibom,Akwa Ibom-Central,4fd188f02b5f6a2f,2025-02-07 09:10:50,9,4,False
c28aa4f1-f95a-43a5-b594-eba757fd207b,CUS-01442,66830.94,pos,Anambra,Awka South,5a18b54435835ed9,2025-02-07 09:16:21,9,4,False
e69fef78-51f9-4c00-8ac6-696780d3b7fe,CUS-01168,72041.81,mobile_money,Lagos,Surulere,b9e8174213c89292,2025-02-07 09:21:40,9,4,False
88ad4d5f-b599-4750-891e-eae67f6a1801,CUS-00411,96.52,pos,Katsina,Katsina-Central,a3aa5c70552aaa99,2025-02-07 09:25:51,9,4,False
2e696cf5-1413-4a93-ae62-d39d37a14fb8,CUS-00167,4168.64,card,Lagos,Mushin,1a50db474267137b,2025-02-07 09:26:00,9,4,True
07c15df9-b042-4630-91e0-4d09f926d387,CUS-01002,98748.05,pos,Kebbi,Kebbi-Central,efcc435f8f743b77,2025-02-07 09:31:21,9,4,False
dc260db9-5e66-43bb-ab1c-bdb4f5bef0c0,CUS-00754,90702.98,ussd,Lagos,Oshodi-Isolo,050f9e3bad7016e4,2025-02-07 09:42:59,9,4,False
627c776a-8cdb-487c-8b2e-dff5bd41aff7,CUS-00167,30302.81,card,Lagos,Ikorodu,1a50db474267137b,2025-02-07 09:43:00,9,4,True
4147cad6-d2bb-485b-847e-c34f02dc64f3,CUS-00134,97339.06,pos,Jigawa,Jigawa-Central,e7db1492838416b6,2025-02-07 09:43:32,9,4,False
2d14410c-6f5d-438c-be08-cbeeaa5a9b8b,CUS-01821,4318.45,pos,Lagos,Mushin,e7ac53555b39c0fc,2025-02-07 09:53:23,9,4,False
0243fc96-36e0-47b1-b779-5e689c915d1b,CUS-01546,243.63,pos,Benue,Benue-Central,07f4f42f28f9e9cc,2025-02-07 09:53:59,9,4,False
441f4b58-5e64-4f5e-abfe-bffea2447726,CUS-01684,280.31,mobile_money,Lagos,Ikorodu,c502b63d2b4acfae,2025-02-07 10:02:42,10,4,False
52ff5ece-e9d2-4dee-9f6f-49d67114b93b,CUS-00093,421.71,bank_transfer,Oyo,Ibadan North,05a21485fe081204,2025-02-07 10:03:00,10,4,False
eb057f7b-6e70-4654-b2e1-ce037da4931a,CUS-00768,533.01,bank_transfer,Kano,Nassarawa,68be7d7ed2728f8b,2025-02-07 10:11:28,10,4,False
58463b10-d7fd-4a67-a051-f75553b36634,CUS-01751,4012.85,ussd,Lagos,Eti-Osa,d7aa67b01e985885,2025-02-07 10:45:42,10,4,False
bb3e3298-654b-4e24-8ebb-67f6a588dde6,CUS-01663,4948.86,pos,Abuja FCT,Gwagwalada,e87a1054d8b9be6b,2025-02-07 11:17:09,11,4,False
08520917-5a11-43fd-8389-15f08e617355,CUS-01043,1975.48,bank_transfer,Enugu,Enugu North,5cb8d7aafc020524,2025-02-07 11:21:43,11,4,False
ad4ea147-699a-4cc1-838b-09cf22063c04,CUS-00535,4143.02,pos,Jigawa,Jigawa-Central,99b1889353b4384a,2025-02-07 11:21:56,11,4,False
96f24ac9-4fa8-4298-b455-f7e1bb4e0037,CUS-00402,42117.28,bank_transfer,Abuja FCT,Municipal,f2b2f87b00141bb9,2025-02-07 11:25:47,11,4,False
315e5d4a-65fa-46bf-a60f-f259a777d0bf,CUS-01403,977.12,pos,Osun,Osun-Central,6666f1a1cebc0728,2025-02-07 11:44:53,11,4,False
3a9be9d4-86c2-4641-b4e5-75731adabc1d,CUS-00436,49585.71,pos,Lagos,Ikorodu,68fb798e5b124399,2025-02-07 11:47:38,11,4,False
c1e2b652-cbe0-4907-8bae-ffa41ff9218a,CUS-00671,77247.69,pos,Nassarawa,Nassarawa-Central,c036671ca8b35a91,2025-02-07 12:01:50,12,4,False
27f1efe9-87fe-490f-8baa-b709004f094e,CUS-01890,311.87,pos,Lagos,Agege,c84a562ccf107b05,2025-02-07 12:03:55,12,4,False
d460e3f6-5e6d-4e71-9338-3e33462bf160,CUS-00233,465.26,ussd,Abuja FCT,Municipal,102c007b0ed18d02,2025-02-07 12:09:19,12,4,False
0fe40ea4-ea62-4764-af1f-56c146d83722,CUS-00222,11038.42,bank_transfer,Lagos,Mushin,03d53dcc4ef59e8b,2025-02-07 12:10:51,12,4,False
55d6737a-b71e-4b2e-85a5-95417a465bc5,CUS-00536,2847.18,mobile_money,Borno,Borno-Central,f1abe6723efdbbfe,2025-02-07 12:14:28,12,4,False
48322720-6100-41e1-8369-cb278826077b,CUS-01911,94870.59,pos,Kebbi,Kebbi-Central,121dff989a09cda1,2025-02-07 12:22:02,12,4,False
3df1d356-a461-4669-92c6-6b61f1d9f150,CUS-01326,805655.6,bank_transfer,Lagos,Eti-Osa,d91f349461d4c224,2025-02-07 12:32:28,12,4,False
f240dce9-2269-4a86-b760-ac1ca0144308,CUS-00313,3758.31,bank_transfer,Akwa Ibom,Akwa Ibom-Central,e069a0aa9637db93,2025-02-07 12:35:50,12,4,False
437fa53e-719f-443a-8062-20b101b23cb4,CUS-00527,874327.08,card,Kano,Fagge,48afef767dcffb2e,2025-02-07 12:36:55,12,4,False
0c2e1d40-e928-4ff6-9672-1d392e37fcd4,CUS-00921,124968.0,ussd,Abuja FCT,Municipal,c65673b7915bf99e,2025-02-07 12:44:06,12,4,False
b5e964ed-7f8c-42a2-8510-853484b5675c,CUS-01709,319.01,card,Delta,Warri South,4b07fffe81db38c5,2025-02-07 12:48:58,12,4,False
f544edc7-3a93-4900-ba5b-472f95e42508,CUS-01969,1439.24,pos,Lagos,Kosofe,c2f713ad5e7d40ec,2025-02-07 12:57:22,12,4,False
74b53f75-342d-47d8-91a9-26ca8844944c,CUS-01224,65901.3,pos,Rivers,Port-Harcourt,68c115a5a9527fcb,2025-02-07 13:10:27,13,4,False
9918eca4-b9fd-4fa2-a9fe-1d5cf7a7e19a,CUS-00868,864470.64,pos,Sokoto,Sokoto-Central,6367985943441b19,2025-02-07 13:17:17,13,4,False
0903f55e-2ee0-47f8-a147-6f9ef4c790ef,CUS-00664,3429.88,bank_transfer,Lagos,Kosofe,a0143ffa4ba86491,2025-02-07 13:17:21,13,4,False
9ce9630e-e35e-413e-b1f1-9aa654b04c5d,CUS-00525,29323.21,pos,Abuja FCT,Kuje,f40d6919fc724ebb,2025-02-07 13:18:00,13,4,False
8d04a635-fdfb-4e1a-b9b4-d476a82a9971,CUS-00753,270.87,pos,Kano,Kumbotso,7dcdedb7ad4521d3,2025-02-07 13:21:54,13,4,False
8b431f43-aacc-429c-b30e-69f38465e812,CUS-00272,2017.85,bank_transfer,Zamfara,Zamfara-Central,c6f1d8b3c6540168,2025-02-07 13:24:08,13,4,False
e26d8f60-790b-4c69-aae4-fad57978cfd5,CUS-01171,54187.22,pos,Ekiti,Ekiti-Central,bc9b058bfcd65ff3,2025-02-07 13:29:27,13,4,False
2b1a5728-977c-4b93-a81d-d51ba5246e70,CUS-00023,452.14,pos,Rivers,Oyigbo,f84e67d217d0d0ef,2025-02-07 14:00:56,14,4,False
aa606518-b62f-4878-bbbc-c73ce99620b3,CUS-01915,4739.66,pos,Ondo,Ondo-Central,5df0e6f4ac72dfe8,2025-02-07 14:05:51,14,4,False
d4bcee30-3685-4d99-86b6-76572e379761,CUS-01415,35981.95,bank_transfer,Gombe,Gombe-Central,fd345b5c9c2bc51a,2025-02-07 14:21:39,14,4,False
7d91b0bc-b570-42b8-bd7e-0eefeb562912,CUS-01742,1714.01,pos,Kwara,Kwara-Central,d2a3e6ca8f72aef1,2025-02-07 14:31:55,14,4,False
f145b2a7-b70e-41c6-9e29-9be54e219371,CUS-00403,348.81,pos,Plateau,Plateau-Central,4cc2a310dd5e1b80,2025-02-07 14:38:32,14,4,False
8081510f-e94f-4d42-a30a-e091c902236e,CUS-01162,228.71,pos,Kano,Tarauni,4d4fdcee1f176dbe,2025-02-07 14:41:58,14,4,False
f2b23489-b171-45aa-8275-e9e57f08cdf7,CUS-01932,50.82,bank_transfer,Oyo,Ibadan South-West,1015c124c9b58be1,2025-02-07 14:57:53,14,4,False
b7b48238-ade5-49e0-8b73-e2afe940243a,CUS-00662,3842.17,pos,Kaduna,Kaduna North,0e30b90da7b7b7ae,2025-02-07 15:10:09,15,4,False
e4a5481f-90d7-4f3d-b904-1f2489cc4ba5,CUS-01873,12972.33,mobile_money,Bauchi,Bauchi-Central,fcad9d34dfe38881,2025-02-07 15:31:31,15,4,False
8031ea10-3688-41c9-9449-767076dac45c,CUS-00079,1646.93,mobile_money,Lagos,Ikeja,547904e86a6fecb8,2025-02-07 15:31:39,15,4,False
43150eba-0138-4ea5-ab98-65d97258c5ae,CUS-01432,68784.82,mobile_money,Abuja FCT,Kuje,93530302c2ac579f,2025-02-07 15:33:24,15,4,False
2f82ede0-1a2a-4b3c-82ae-c9b960e668a5,CUS-00563,267.7,pos,Lagos,Kosofe,25a706977d61cb16,2025-02-07 15:37:04,15,4,False
b3f7eb64-0055-42c5-9f15-2052a928abea,CUS-01642,1449.01,bank_transfer,Abuja FCT,Bwari,d02d3de6b21344b6,2025-02-07 15:45:03,15,4,False
c42d7b0f-3ac2-4746-ba42-481941a39f1e,CUS-00996,92629.2,ussd,Taraba,Taraba-Central,7a9b7dbe88f4f124,2025-02-07 15:50:05,15,4,False
3396a22d-b989-453e-9337-e46ad18fa528,CUS-00192,1653.29,mobile_money,Nassarawa,Nassarawa-Central,3be92bc242be1da2,2025-02-07 15:58:26,15,4,False
7c0f6364-a075-46c3-88e5-d0a1b207fec0,CUS-01053,7850.61,pos,Imo,Imo-Central,239fe4560cf4f0a8,2025-02-07 16:00:14,16,4,False
61639112-9298-41a8-998a-ac568acf881c,CUS-00167,72659.46,bank_transfer,Lagos,Oshodi-Isolo,1a50db474267137b,2025-02-07 16:07:00,16,4,True
4b5ed786-19a6-4206-918b-303cefdb23b9,CUS-00055,4046.21,mobile_money,Adamawa,Adamawa-Central,59d4333d73c25113,2025-02-07 16:08:14,16,4,False
cd431904-5984-4502-b200-7b19e3ac4a75,CUS-01733,9348.59,bank_transfer,Rivers,Oyigbo,95599289dfc0bb5d,2025-02-07 16:11:38,16,4,False
1a767019-94cc-4fed-a6b5-e5bdec760a3c,CUS-01767,1599.3,bank_transfer,Abuja FCT,Bwari,3e2929fc96a5c0f6,2025-02-07 16:16:29,16,4,False
3e2fb36b-d70d-4497-a54c-63cbd4a94d9c,CUS-00321,250.91,mobile_money,Ondo,Ondo-Central,8712e0b7021fe925,2025-02-07 16:26:56,16,4,False
c4b46c66-68ea-48ea-a17e-f82613c3fac1,CUS-01747,444.8,bank_transfer,Kano,Tarauni,cc8cc73d43d1ea71,2025-02-07 16:31:31,16,4,False
b45ca352-3223-4801-b7da-77ccefcce9c2,CUS-00585,2404.97,bank_transfer,Lagos,Ikeja,9eafae1f828f172b,2025-02-07 16:50:58,16,4,False
3423952d-0bac-4436-b62d-ce7bc8749f9b,CUS-00199,450.76,pos,Abia,Abia-Central,360cfb364f745b10,2025-02-07 16:51:23,16,4,False
129cd30c-f1b7-46ba-925a-4cb12753af41,CUS-00965,91170.79,mobile_money,Kano,Tarauni,ffa59c2f68f6683d,2025-02-07 16:52:58,16,4,False
f616b284-f547-481a-8aa8-35dd426fd2d2,CUS-01752,4397.78,mobile_money,Enugu,Nsukka,1418241f25a9340c,2025-02-07 17:00:00,17,4,True
797c4241-236f-4cc5-9b58-26e90e1dd507,CUS-00167,462.66,ussd,Lagos,Agege,1a50db474267137b,2025-02-07 17:15:00,17,4,True
b34caa54-3b17-4e33-a279-43acd980b189,CUS-00894,419.91,pos,Anambra,Nnewi North,4d7414a6f0f8e763,2025-02-07 17:15:37,17,4,False
c85f4edd-a543-4636-9c72-a296eae072fc,CUS-00167,63.38,mobile_money,Lagos,Surulere,1a50db474267137b,2025-02-07 17:19:00,17,4,True
86cdf406-a51f-441c-814f-dde040b10774,CUS-01752,2858.76,bank_transfer,Zamfara,Zamfara-Central,1418241f25a9340c,2025-02-07 17:22:00,17,4,True
49f293a5-986e-4e48-bed9-e4ef5f2d1fc9,CUS-00535,181.5,mobile_money,Jigawa,Jigawa-Central,99b1889353b4384a,2025-02-07 17:24:27,17,4,False
82c95d07-9e19-4a2a-9585-986f819545af,CUS-00420,3508.91,pos,Imo,Imo-Central,76a8c25473272d18,2025-02-07 17:39:56,17,4,False
a390e703-699b-49ae-af6d-1f4f5a507f7a,CUS-00391,53438.36,pos,Rivers,Port-Harcourt,52e45b3cfc6c465c,2025-02-07 17:40:18,17,4,False
c904c36f-52ea-4ab3-97c3-c861a06e4a40,CUS-01401,39165.76,pos,Lagos,Alimosho,819745d3500a43cf,2025-02-07 17:50:36,17,4,False
c1293ece-e6ed-497a-b4e2-f58a28dae463,CUS-00885,1288.97,ussd,Lagos,Eti-Osa,86545590e89568a7,2025-02-07 18:21:36,18,4,False
3f0c5b55-6d1b-4494-a80f-353e72f53e28,CUS-00167,272571.89,pos,Lagos,Ikeja,1a50db474267137b,2025-02-07 18:39:00,18,4,True
77adf2e4-bc5e-4901-b343-50af88987958,CUS-00061,830149.46,bank_transfer,Kano,Dala,8ffdeca966e54133,2025-02-07 18:43:58,18,4,False
b5ca873d-c39b-4313-aee9-8e9eb1fec2f9,CUS-00277,206.15,bank_transfer,Delta,Warri South,05fd2ce1901ce713,2025-02-07 18:48:02,18,4,False
c8db63ce-5f37-4732-8a7b-be06719087ef,CUS-01743,553658.46,pos,Lagos,Ikorodu,d5589e4b86f19561,2025-02-07 19:10:04,19,4,False
c5adb974-218f-4225-82e0-df7b5ca95e06,CUS-00167,4242.43,mobile_money,Lagos,Surulere,1a50db474267137b,2025-02-07 19:11:00,19,4,True
f4ab7747-6bab-4392-a737-d348672744d7,CUS-01699,40009.41,pos,Oyo,Oyo East,1bde2143285a08c4,2025-02-07 19:16:10,19,4,False
153d59e2-c610-4971-ba3c-c9f1927fc860,CUS-00421,1515.01,pos,Imo,Imo-Central,30c2c103147fffc3,2025-02-07 19:43:11,19,4,False
a69ce293-72fb-47dd-b68d-6a23aac4616e,CUS-01771,326.91,ussd,Abia,Abia-Central,9bef20b0925967ba,2025-02-07 19:53:11,19,4,False
c2adc240-3f92-4cbe-a878-9fc69a26fcd2,CUS-01270,207849.07,pos,Edo,Oredo,645b14af82fe0e91,2025-02-07 20:04:20,20,4,False
354fad5f-7408-4287-9a14-fc3abf876625,CUS-00949,286.11,pos,Kaduna,Zaria,d6bcd438a77f6c9d,2025-02-07 20:20:52,20,4,False
83f8d9bc-24b2-47aa-8e76-f79727f3c45f,CUS-01742,283.69,bank_transfer,Kwara,Kwara-Central,d2a3e6ca8f72aef1,2025-02-07 20:24:33,20,4,False
6986e7cb-40b4-4f35-b4bc-bbab99c8a033,CUS-01696,2057.79,card,Lagos,Kosofe,9ece3fabe54aa3ce,2025-02-07 20:27:32,20,4,False
f8c92fef-1dd2-487d-8688-a8662c5b28d0,CUS-01298,31442.89,pos,Enugu,Enugu East,8316a52fadfdb58f,2025-02-07 20:36:45,20,4,False
9ca2ee59-da1f-4b64-beeb-02b834b23a7c,CUS-00931,435.6,bank_transfer,Bauchi,Bauchi-Central,378d1c4e280df576,2025-02-07 20:44:49,20,4,False
8d71f672-5afe-4af8-89c2-9e4034451880,CUS-00356,46981.71,ussd,Lagos,Ikeja,887a44be65fd4c5e,2025-02-07 20:46:41,20,4,False
e8c66af1-4303-457f-beb0-9921eaf29991,CUS-00278,3157.53,bank_transfer,Edo,Egor,822dd77593056ff5,2025-02-07 20:57:26,20,4,False
77668d14-0ea4-4d65-a6e2-04582d00528c,CUS-00120,23150.71,mobile_money,Benue,Benue-Central,2aa8167840b42b5e,2025-02-07 21:06:07,21,4,False
4ecf8088-4344-431b-bfdc-5736366b4a76,CUS-01083,93429.52,mobile_money,Kebbi,Kebbi-Central,b6a82c9c02ad23e5,2025-02-07 21:10:44,21,4,False
1e21717e-d50e-441f-805c-fc622d9509cb,CUS-01770,44351.73,ussd,Abuja FCT,Bwari,c27f86555385f66b,2025-02-07 21:10:55,21,4,False
ffbef6db-f4e1-4408-a8f3-e6be6a9ad32c,CUS-00167,38704.95,mobile_money,Lagos,Oshodi-Isolo,1a50db474267137b,2025-02-07 21:20:00,21,4,True
3061a99b-b0d9-47a0-bdc7-e4e6ac251b0c,CUS-00661,88831.35,ussd,Ogun,Ogun-Central,94d166e2cf615c3e,2025-02-07 21:20:11,21,4,False
9078c992-cf30-4c50-926c-f4628b36433c,CUS-01955,82459.88,ussd,Yobe,Yobe-Central,d8a64296698dc0ac,2025-02-07 21:30:44,21,4,False
ca6730f7-ca1d-48db-80f8-812844bc1ff6,CUS-00857,1183.58,pos,Abuja FCT,Municipal,5dc9fa146e46a351,2025-02-07 21:32:28,21,4,False
983927ea-8d44-4a08-8bc1-61609055c316,CUS-01314,345.62,pos,Abuja FCT,Kuje,c3e6a458eded1ae6,2025-02-07 21:34:25,21,4,False
c3f0db27-70de-48e6-8531-c3a7f4b9417a,CUS-01504,344.94,ussd,Rivers,Port-Harcourt,f335f5754e24756b,2025-02-07 21:38:54,21,4,False
a5ca2362-9ec0-448e-8cf5-0104ea3b4072,CUS-00429,316.43,ussd,Lagos,Ikeja,69e52406211df804,2025-02-07 21:41:22,21,4,False
757da822-4edd-4afe-8ea3-fcb7993ef5b4,CUS-00533,4716.02,pos,Oyo,Oyo East,ed52fa7157600cd1,2025-02-07 21:48:22,21,4,False
080cbad3-a645-46a3-922b-8636b5c86b5e,CUS-01786,319.21,bank_transfer,Enugu,Nsukka,7124e494c7f17efa,2025-02-07 21:51:45,21,4,False
4639a4d8-7d0d-46d9-b7be-85a1bb718eb0,CUS-01834,499.12,bank_transfer,Benue,Benue-Central,af74a768871921fd,2025-02-07 21:54:19,21,4,False
f45b8a01-4e53-4ea5-b893-ed1bb548a07d,CUS-01894,18606.62,mobile_money,Oyo,Ibadan North,caa7f44890efbfa1,2025-02-07 22:12:19,22,4,False
c7571215-867c-4c4d-96bb-35f0bd83784b,CUS-00167,85756.14,mobile_money,Lagos,Agege,1a50db474267137b,2025-02-07 22:20:00,22,4,True
5ae92124-3c7c-4046-b831-c1ff51d929ee,CUS-00126,445.81,bank_transfer,Plateau,Plateau-Central,c27704b9a020a1f7,2025-02-07 22:22:57,22,4,False
55dee960-aa08-433b-b15e-9e4e0850291c,CUS-00167,1674.54,ussd,Lagos,Oshodi-Isolo,1a50db474267137b,2025-02-07 22:38:00,22,4,True
833db5fa-5242-4905-b024-e84f7f9b7a67,CUS-01475,102.67,mobile_money,Anambra,Awka South,1982e4149ad2f4cf,2025-02-07 22:41:49,22,4,False
4bbd9cd3-fbfe-44df-a10e-4598f78ec5ff,CUS-00644,642238.32,bank_transfer,Lagos,Oshodi-Isolo,02a0acac00402ca5,2025-02-07 22:52:00,22,4,True
53f0bb93-2bd8-4988-8d6e-18cd9361045f,CUS-00487,92269.15,ussd,Kano,Fagge,421f45f1a22d16d0,2025-02-07 22:54:55,22,4,False
2be99280-7533-4a20-b27b-c2fe2f831272,CUS-00528,84470.43,pos,Lagos,Agege,97f0bebd566ad442,2025-02-07 23:34:54,23,4,False
90f8d65f-7ada-482f-949c-1a3ba3938546,CUS-01486,549007.56,pos,Rivers,Eleme,68f0f77451d5d2f5,2025-02-07 23:42:52,23,4,False
4b41022c-0076-48be-ad4d-bffcc7917cd1,CUS-00202,4524.36,bank_transfer,Lagos,Ikeja,fea8af2286c17aee,2025-02-07 23:43:12,23,4,False
292414f6-c9e4-483e-8ce0-b42175286be8,CUS-01526,259.48,card,Kano,Dala,9cf5f93aa4a4b335,2025-02-07 23:46:25,23,4,False
b13b74ee-f9d0-4eb1-9d6a-9590ebfd0bdd,CUS-01712,274501.94,mobile_money,Abia,Abia-Central,41745fe862a83d71,2025-02-08 00:10:16,0,5,False
d330c89c-6511-409c-abfe-f26aafc8d9db,CUS-01445,123.78,bank_transfer,Lagos,Agege,dd998a910227d567,2025-02-08 00:11:24,0,5,False
6e4c7d81-5e3f-4eee-96b3-173eef1a70e1,CUS-00578,331.23,pos,Abuja FCT,Municipal,11bf76c9882864cd,2025-02-08 00:15:47,0,5,False
94688ba9-0a42-4bde-96a9-5b929ddade9a,CUS-01590,49445.67,card,Anambra,Nnewi North,13407ce4863fe750,2025-02-08 00:37:12,0,5,False
d11edf76-3b20-4fc2-a74f-0208eaf83b8f,CUS-00653,197.89,pos,Osun,Osun-Central,e8a1a2cdb5cf364e,2025-02-08 00:55:39,0,5,False
ee431193-2fa8-4031-a174-eeeac1ef8daa,CUS-00486,67.94,bank_transfer,Lagos,Lagos Mainland,eef581881ffc0e65,2025-02-08 02:53:46,2,5,False
777b0ddb-659b-4c2a-b235-da46d73a773e,CUS-00605,3688.84,bank_transfer,Abuja FCT,Bwari,8cb5ca4807fafe31,2025-02-08 05:09:58,5,5,False
858ca608-c13a-462d-832d-62036dfcdc35,CUS-00198,63345.46,mobile_money,Niger,Niger-Central,9af1733f50cf9816,2025-02-08 05:24:40,5,5,False
522293fd-762c-4c9f-8746-a0488fb6e260,CUS-00290,1171.66,pos,Lagos,Ikeja,9182df30e6018f89,2025-02-08 06:00:00,6,5,True
e392986e-269a-4e82-a20e-c24c0f0e885e,CUS-00662,332.43,pos,Kaduna,Zaria,0e30b90da7b7b7ae,2025-02-08 06:02:00,6,5,True
b375c11c-9485-4a79-b8f4-92f8388094a5,CUS-00290,4369.56,mobile_money,Yobe,Yobe-Central,9182df30e6018f89,2025-02-08 06:06:00,6,5,True
53bf3974-9b6e-49df-97f1-9f256c4eb527,CUS-00662,4786.91,ussd,Kaduna,Kaduna South,0e30b90da7b7b7ae,2025-02-08 07:09:00,7,5,True
f371091c-2d13-4179-bcb7-11e81e77abcb,CUS-00819,69.62,card,Kano,Dala,2dbc5cf713264b24,2025-02-08 07:42:00,7,5,True
6163bb40-6464-4b3d-9d27-11b196ae48ca,CUS-01015,65744.38,ussd,Adamawa,Adamawa-Central,19492d475c97a771,2025-02-08 07:49:00,7,5,True
fba2674b-133d-4a3c-8899-a43e50eb32a0,CUS-01366,395.82,pos,Ondo,Ondo-Central,bb1761bfcb6e4105,2025-02-08 08:04:07,8,5,False
4773e72a-057e-41ae-aaf2-a1ebc7e46635,CUS-01910,284.6,pos,Kano,Nassarawa,ea6850c62e2c1350,2025-02-08 08:05:55,8,5,False
98dc6969-8ee6-40ed-8751-829b0080954f,CUS-01015,357.51,mobile_money,Adamawa,Adamawa-Central,19492d475c97a771,2025-02-08 08:34:00,8,5,True
1134d6f0-8b94-48d9-9058-b396a98ff16c,CUS-00819,42321.76,pos,Kano,Kumbotso,2dbc5cf713264b24,2025-02-08 08:45:00,8,5,True
b84eeb71-321e-4dbd-9b94-0f6f04069876,CUS-00026,533.58,mobile_money,Lagos,Surulere,f906aed94ac545a4,2025-02-08 09:18:36,9,5,False
10beef94-1205-463b-a378-05837c8ccf30,CUS-00662,306.85,pos,Kaduna,Kaduna North,0e30b90da7b7b7ae,2025-02-08 09:23:00,9,5,True
8a4eaee2-4b31-4c30-9e56-68ad014ca4c7,CUS-01242,910125.76,bank_transfer,Abia,Abia-Central,a2b93884ec11f5f0,2025-02-08 09:24:46,9,5,False
c5e4a44a-2b14-4f6d-aeea-bc789c73f793,CUS-00974,95486.67,pos,Lagos,Kosofe,c996ce5477003036,2025-02-08 09:33:45,9,5,False
8651c0d2-a0db-4d8c-92b3-3473ef1d3b85,CUS-00897,446466.57,pos,Nassarawa,Nassarawa-Central,5b9761b9c452f988,2025-02-08 09:37:51,9,5,False
a36bb0b1-99b4-4f38-8f0e-916bf8883425,CUS-00369,2483.77,mobile_money,Lagos,Surulere,31d1603ffb4a5ee0,2025-02-08 09:53:12,9,5,False
fbfdad46-d2da-469f-9864-7bcccdaaa6e4,CUS-00662,64242.63,pos,Kaduna,Kaduna North,0e30b90da7b7b7ae,2025-02-08 09:55:00,9,5,True
e9bd8be3-dae2-47e1-8af5-689109b7c288,CUS-01949,452.0,pos,Rivers,Port-Harcourt,768770528d41dc82,2025-02-08 09:57:11,9,5,False
c9db6c5c-acbc-407d-80c8-d3bd895d8b1d,CUS-01403,74534.73,pos,Osun,Osun-Central,6666f1a1cebc0728,2025-02-08 09:58:18,9,5,False
364f0bcc-6240-4a55-be00-29b5a635db1e,CUS-01395,1111.74,mobile_money,Lagos,Lagos Mainland,653cfb57ee19328a,2025-02-08 10:00:00,10,5,True
3ac0e970-a72a-4fa0-9879-4b09db74f211,CUS-01395,3423.15,bank_transfer,Yobe,Yobe-Central,653cfb57ee19328a,2025-02-08 10:09:00,10,5,True
f3a43212-b8bd-47ce-89cf-66e98a4b28e1,CUS-00541,330.58,mobile_money,Kaduna,Kaduna South,2d27eb65a141ea41,2025-02-08 10:13:02,10,5,False
f79fbd7a-83ac-4cec-949e-dd181e90068e,CUS-00949,26228.0,ussd,Kaduna,Kaduna South,d6bcd438a77f6c9d,2025-02-08 10:21:50,10,5,False
1f6bfc74-459b-4b6e-abe1-14cb3de326f2,CUS-01279,221.29,ussd,Abuja FCT,Municipal,b56cc1990c02d164,2025-02-08 10:23:27,10,5,False
499a5702-3890-4bd2-8d54-5df6bf0101e8,CUS-00937,1601.68,bank_transfer,Taraba,Taraba-Central,db6c0c9551210daa,2025-02-08 10:27:30,10,5,False
a1136b7f-ae4b-4b05-8b80-9e6f94f0a51d,CUS-00621,4083.56,ussd,Lagos,Lagos Mainland,1de5393a19cb127d,2025-02-08 10:35:18,10,5,False
b254685c-f5ac-4a21-86cc-8a30bec67b13,CUS-00772,32726.54,mobile_money,Lagos,Oshodi-Isolo,369e9e81cb9400c3,2025-02-08 10:46:17,10,5,False
6a5bd677-74b1-4a3e-972c-4ef19cfd3cac,CUS-01739,2568.75,bank_transfer,Rivers,Obio-Akpor,e0adb1db04a2c04e,2025-02-08 10:48:15,10,5,False
46381e37-dc61-468c-ab09-1648f1c73fa7,CUS-01842,318974.42,bank_transfer,Rivers,Port-Harcourt,c34f3404d55f887a,2025-02-08 10:51:29,10,5,False
c51be4a5-753d-4058-b207-c6e5243ca4bd,CUS-00662,3777.55,pos,Kaduna,Kaduna North,0e30b90da7b7b7ae,2025-02-08 10:54:00,10,5,True
d14a79c9-3dcb-45cb-914c-d8ba674fc616,CUS-00124,284.42,card,Lagos,Ikorodu,e28d9b0a17e761c8,2025-02-08 10:57:02,10,5,False
451dee13-2ba4-401e-bfa2-790788b5d79d,CUS-01015,3863.04,ussd,Adamawa,Adamawa-Central,19492d475c97a771,2025-02-08 11:02:00,11,5,True
b3863ceb-ee55-4b19-88b3-e7414d30e535,CUS-00452,20364.53,bank_transfer,Rivers,Port-Harcourt,42de18a74e13aeb6,2025-02-08 11:02:46,11,5,False
81ef85de-1688-47d4-a4ce-730082d82446,CUS-00819,63452.91,bank_transfer,Kano,Fagge,2dbc5cf713264b24,2025-02-08 11:14:00,11,5,True
d82774ec-319a-4ff2-af64-40c78342846f,CUS-01430,3733.28,bank_transfer,Abuja FCT,Municipal,df054fd147e69344,2025-02-08 11:27:23,11,5,False
9494493a-4c54-429b-b670-33e00c38be55,CUS-01410,22140.69,pos,Lagos,Agege,cb7e9f278717c254,2025-02-08 11:29:05,11,5,False
4d092f92-3795-4e7c-ab5f-8ce675446536,CUS-00517,3721.42,bank_transfer,Benue,Benue-Central,ae544b55a6d75903,2025-02-08 11:31:23,11,5,False
56076f4b-ff39-4ce2-a0cf-4849c1c95a4d,CUS-00915,3354.96,pos,Rivers,Port-Harcourt,2c879017be169f9f,2025-02-08 11:32:33,11,5,False
01b82c23-effe-438d-ba0f-459c0ce385bf,CUS-01108,83127.01,bank_transfer,Edo,Egor,eea88849f4648862,2025-02-08 11:37:41,11,5,False
7dad9cb4-39c7-4db7-b25c-0b1e67f7dabb,CUS-01744,23364.34,pos,Rivers,Obio-Akpor,ab5a10f2aee58b71,2025-02-08 12:03:08,12,5,False
0b373aa0-80bf-4178-a53a-1042df276e54,CUS-01458,266.29,mobile_money,Lagos,Alimosho,c18dc73f7df72ee5,2025-02-08 12:03:46,12,5,False
5246be9d-f26d-470a-9d7c-c085ece241b3,CUS-01015,264.52,pos,Adamawa,Adamawa-Central,19492d475c97a771,2025-02-08 12:04:00,12,5,True
de83d4f5-8851-4008-9406-4033f168e165,CUS-00662,885.96,bank_transfer,Kaduna,Kaduna South,0e30b90da7b7b7ae,2025-02-08 12:09:00,12,5,True
c502763f-f384-4dcc-91db-b26075301117,CUS-01015,456.64,ussd,Adamawa,Adamawa-Central,19492d475c97a771,2025-02-08 12:11:00,12,5,True
c90cea7a-1f0e-4b2f-8201-f632089c4c3c,CUS-01412,343.63,pos,Kano,Nassarawa,f6ccae4908f13600,2025-02-08 12:20:53,12,5,False
3de59b2c-3e55-463d-8211-50ebedbc4472,CUS-00686,4711.18,card,Oyo,Oyo East,ef089a3243e46f69,2025-02-08 12:39:47,12,5,False
ab73e471-f3ab-47d1-9ff2-4476d6280f98,CUS-00497,28854.24,ussd,Lagos,Ikorodu,fd814a510ea60164,2025-02-08 12:42:41,12,5,False
b8e22a1a-2ec2-4a65-ae70-7568e41be7f2,CUS-00383,78210.02,bank_transfer,Kebbi,Kebbi-Central,c919c6af242bd317,2025-02-08 12:44:26,12,5,False
99fae642-1c01-4a0b-ad97-d7d0b7d55505,CUS-00621,410.57,bank_transfer,Lagos,Lagos Mainland,1de5393a19cb127d,2025-02-08 12:49:47,12,5,False
19ebedcd-602d-4323-9486-0c48605022e9,CUS-00301,57807.73,mobile_money,Oyo,Ibadan North,4acd84f2fa7ac6df,2025-02-08 12:51:30,12,5,False
2a250b8e-6b71-4cc6-8083-ad7453d0e505,CUS-01486,707.09,pos,Rivers,Eleme,68f0f77451d5d2f5,2025-02-08 12:51:57,12,5,False
02f1e3eb-f7b8-4f32-9eda-b64cd2097e1e,CUS-01118,4685.52,ussd,Kano,Kumbotso,9906c287df3d4b3d,2025-02-08 12:57:16,12,5,False
5fafe4a8-841a-4229-9e4e-f0ec1e78483b,CUS-00625,77041.44,card,Rivers,Port-Harcourt,1d090ee98ebcd277,2025-02-08 12:57:19,12,5,False
26135008-c4eb-49c8-a993-e528d6052d3a,CUS-01701,90218.66,mobile_money,Rivers,Oyigbo,0339e824793d49a0,2025-02-08 13:00:24,13,5,False
6170275b-b31e-4907-9b59-14a71073b74c,CUS-01163,811421.43,bank_transfer,Osun,Osun-Central,3c2a17d1f83b499e,2025-02-08 13:05:32,13,5,False
aefa061c-455f-4e27-b77f-c1702ce825c7,CUS-00412,195.73,pos,Katsina,Katsina-Central,63beaf11e000fab8,2025-02-08 13:17:09,13,5,False
452743d5-9536-4b44-beaf-d3315f7a4fbf,CUS-01078,897480.66,bank_transfer,Lagos,Eti-Osa,f93b47fd7d069f48,2025-02-08 13:20:22,13,5,False
b1090d94-ca5f-4af6-9f27-89fa9cd74f0d,CUS-00819,105.73,bank_transfer,Kano,Dala,2dbc5cf713264b24,2025-02-08 13:27:00,13,5,True
7f0bbbf9-a4dd-4af6-a073-8b7948609802,CUS-00238,196490.79,pos,Delta,Uvwie,508e599aa4f29bec,2025-02-08 13:27:55,13,5,False
cf16870f-5448-4830-90e8-b0878ae12218,CUS-01089,7354.1,pos,Lagos,Ikorodu,4a1fc1354e8f9be2,2025-02-08 13:32:49,13,5,False
b19f8b3e-fa6b-4ed8-9c12-dc7c6eb373ad,CUS-01977,3997.43,mobile_money,Rivers,Eleme,02673b590c313531,2025-02-08 13:38:57,13,5,False
850c5468-cd27-4e5b-b686-98d5f6670451,CUS-01192,76.64,card,Kano,Tarauni,da912eb3f9e9e9b0,2025-02-08 13:41:58,13,5,False
eb03a91e-d971-4520-88f4-5acbb3ef2d16,CUS-00610,4842.18,mobile_money,Lagos,Agege,306e315b55aaa9fd,2025-02-08 13:50:27,13,5,False
282518e4-a324-4bcb-8b3e-7b3f8793575d,CUS-00662,328.66,pos,Kaduna,Zaria,0e30b90da7b7b7ae,2025-02-08 13:53:00,13,5,True
55342ed0-c79f-4d19-89e6-fde8d3cdded4,CUS-01054,55164.51,mobile_money,Ogun,Ogun-Central,dbecb9c21b3aca89,2025-02-08 13:54:02,13,5,False
1b7ffa8f-33be-411d-9fb1-7ddcfb27c62a,CUS-01706,278.54,bank_transfer,Enugu,Nsukka,86372c2220b851b3,2025-02-08 14:17:32,14,5,False
effb9983-b151-4028-98fa-6a1ce546ac35,CUS-00219,4300.73,mobile_money,Borno,Borno-Central,ab7212d149ded51a,2025-02-08 14:22:31,14,5,False
30752137-0d10-4269-b793-0d8f50c88aa7,CUS-00141,82116.6,bank_transfer,Lagos,Mushin,41494816afbde82e,2025-02-08 14:25:33,14,5,False
9f596f11-3962-48f3-a8d1-cfebd8739a1d,CUS-00619,59.15,pos,Osun,Osun-Central,c6673cb638a3bb63,2025-02-08 14:41:47,14,5,False
1d797a43-b4cb-47f1-8abf-7ff24abe62a2,CUS-01810,571686.74,mobile_money,Delta,Warri South,2a1448eec0668544,2025-02-08 14:44:45,14,5,False
0beefe6e-8651-4d88-b716-41339577a3cd,CUS-01567,3418.48,pos,Lagos,Lagos Mainland,30c29ebcbd60bd63,2025-02-08 14:50:13,14,5,False
ade418ac-476e-4855-8842-f16f81fcbee7,CUS-00819,7414.16,mobile_money,Kano,Tarauni,2dbc5cf713264b24,2025-02-08 14:54:00,14,5,True
e7cf11ef-9ad1-4b25-af6e-ba6c9a9a7553,CUS-01821,83574.32,pos,Lagos,Kosofe,e7ac53555b39c0fc,2025-02-08 14:54:39,14,5,False
cf624bce-692e-4f46-a5ca-03ac9f237783,CUS-01015,156.04,mobile_money,Adamawa,Adamawa-Central,19492d475c97a771,2025-02-08 14:55:00,14,5,True
910a53e8-872b-4f98-86a8-f7daabb52b33,CUS-01499,1613.96,mobile_money,Zamfara,Zamfara-Central,ad409298faa385ec,2025-02-08 15:08:51,15,5,False
8eaa0756-9ba8-4305-92ce-373cd5c3553a,CUS-01593,99218.96,bank_transfer,Lagos,Ikeja,fe285f055c45f3de,2025-02-08 15:10:45,15,5,False
c3f5497f-e409-4f0f-9cc5-89ba81925ce0,CUS-01237,3817.52,pos,Abuja FCT,Gwagwalada,133b472c31a8289a,2025-02-08 15:12:30,15,5,False
49e5b6a6-b064-4bb5-85f1-6d8134ba446e,CUS-01841,142.74,pos,Rivers,Obio-Akpor,a9155ef7b8a0e463,2025-02-08 15:26:19,15,5,False
6a37015d-2387-40f9-8358-8eab54f649c8,CUS-01035,54.63,pos,Edo,Ikpoba-Okha,156ab5dd8a852c79,2025-02-08 15:26:23,15,5,False
6d1bac22-6700-44e9-a6ad-42beaf1ca178,CUS-01619,2954.82,pos,Ondo,Ondo-Central,12bbf648320e11ce,2025-02-08 15:30:43,15,5,False
6624ffd7-1809-4d35-9619-20fb1e8266ca,CUS-01851,553698.03,pos,Benue,Benue-Central,d3e748409aa8c63f,2025-02-08 15:34:53,15,5,False
ccaaa91a-8ccb-48a4-a246-7731de2590bf,CUS-01015,28107.73,pos,Adamawa,Adamawa-Central,19492d475c97a771,2025-02-08 15:42:00,15,5,True
a8c318ea-f93f-4143-af37-02bf185c2739,CUS-00819,65702.36,bank_transfer,Kano,Tarauni,2dbc5cf713264b24,2025-02-08 15:48:00,15,5,True
45360309-da46-4a75-b6f0-751cc862a5e8,CUS-00819,2094.02,pos,Kano,Dala,2dbc5cf713264b24,2025-02-08 15:52:00,15,5,True
2ec0093f-8598-4a1e-9cee-e31da3e35477,CUS-00872,333.9,bank_transfer,Delta,Uvwie,07840812b559650f,2025-02-08 15:53:35,15,5,False
bcea1387-854d-40f3-acc0-376bfeb407c4,CUS-01931,1232.37,pos,Oyo,Ibadan South-West,13794813dded1c14,2025-02-08 15:58:04,15,5,False
389f3ea4-a469-4b84-9be4-7771bcae22b9,CUS-00273,490.7,mobile_money,Taraba,Taraba-Central,cccbd53cee404658,2025-02-08 16:02:48,16,5,False
c7daa10e-232b-457a-b876-2fd3c36f8327,CUS-00819,96239.29,mobile_money,Kano,Tarauni,2dbc5cf713264b24,2025-02-08 16:09:00,16,5,True
2398ef0a-29a2-4a99-927a-f9de5dbd4a6b,CUS-00662,2769.74,bank_transfer,Kaduna,Zaria,0e30b90da7b7b7ae,2025-02-08 16:12:00,16,5,True
081775c9-19ba-4fc4-bdcd-72b15b104bcd,CUS-01614,55316.43,pos,Kano,Kumbotso,1b4932f290b1fc00,2025-02-08 16:14:58,16,5,False
9a1a403f-2865-4274-a673-f4399a59271c,CUS-01438,442.16,ussd,Lagos,Eti-Osa,9e67975ac1e802bd,2025-02-08 16:15:13,16,5,False
dc36e9a9-3fc3-4a3f-8d71-9c751ae9ee7c,CUS-01663,224950.17,bank_transfer,Abuja FCT,Gwagwalada,e87a1054d8b9be6b,2025-02-08 16:38:00,16,5,True
27adfbc7-ab54-4221-a355-b4f0d26dbaea,CUS-00585,4569.92,pos,Lagos,Alimosho,9eafae1f828f172b,2025-02-08 16:41:36,16,5,False
a47a5008-e00f-4214-a248-3bcefe383308,CUS-00031,28798.63,bank_transfer,Lagos,Oshodi-Isolo,38b23373e5bb57a3,2025-02-08 16:50:03,16,5,False
39049676-7c31-4db8-9f2d-a9743e0b5d0b,CUS-01818,1165.94,mobile_money,Enugu,Enugu East,d55cdb42c79cc105,2025-02-08 16:53:17,16,5,False
94751891-cb0b-4c71-a4fb-7b1a276e21e5,CUS-00662,1125.86,pos,Kaduna,Zaria,0e30b90da7b7b7ae,2025-02-08 16:58:00,16,5,True
d83d16f2-dfb4-4607-a815-577d3c626fcf,CUS-01624,195.83,bank_transfer,Lagos,Surulere,766976ee8cdbe429,2025-02-08 16:58:30,16,5,False
80a23593-f376-43a1-b802-ab3410b93bb3,CUS-01243,55115.77,mobile_money,Borno,Borno-Central,93484305876b6f42,2025-02-08 17:08:42,17,5,False
3411b78a-4e8b-40ff-b8fc-d2d2b9065af3,CUS-00819,434.09,mobile_money,Kano,Fagge,2dbc5cf713264b24,2025-02-08 17:13:00,17,5,True
6789d3ad-8d4d-4b1f-943e-abd8e6a0b093,CUS-01598,66100.21,pos,Lagos,Ikorodu,4fb23adca810bdd7,2025-02-08 17:20:04,17,5,False
db296982-d333-4a96-84dc-aae0813fc1a7,CUS-00909,4572.9,bank_transfer,Rivers,Oyigbo,256c588e94dcbb7b,2025-02-08 17:31:08,17,5,False
4b6dab86-a909-405c-bc23-f7769c566ef8,CUS-00670,4524.03,bank_transfer,Lagos,Surulere,1cc74c0482d19f3a,2025-02-08 17:38:33,17,5,False
6a7b097d-5763-4bfe-9b8b-cc6ddc454d26,CUS-01509,145.64,pos,Kwara,Kwara-Central,5158872a81a9343c,2025-02-08 17:40:33,17,5,False
80fc32c2-2acc-44ec-ad6d-8d045a7d9c1c,CUS-01015,609212.07,ussd,Adamawa,Adamawa-Central,19492d475c97a771,2025-02-08 17:50:00,17,5,True
bb3d0a42-0f6f-4387-8a4b-596333cee691,CUS-01467,70827.42,mobile_money,Rivers,Oyigbo,13aeaced423d48ec,2025-02-08 17:52:44,17,5,False
9ff92f6b-8621-47d2-b284-8119ae3af8cc,CUS-00662,149.88,pos,Kaduna,Kaduna South,0e30b90da7b7b7ae,2025-02-08 18:17:00,18,5,True
3980ffb4-1b26-43d9-adac-c861be77efe4,CUS-01727,3094.32,pos,Ogun,Ogun-Central,7011c30208d82b3b,2025-02-08 18:25:56,18,5,False
5a1e05de-12e5-4373-a752-03f52f1d6bb7,CUS-00548,362.32,bank_transfer,Abuja FCT,Municipal,ec494afb9403a35d,2025-02-08 18:27:48,18,5,False
97a932e8-b1d1-4bb7-a10f-90da5866aa17,CUS-00285,202601.26,pos,Lagos,Oshodi-Isolo,72450b7e68862ec6,2025-02-08 18:30:59,18,5,False
686b8c8b-d965-4da5-9596-8c35e5795a36,CUS-00819,1454.34,pos,Kano,Fagge,2dbc5cf713264b24,2025-02-08 18:34:00,18,5,True
35b6d31c-d019-4190-bd4b-2b8b161b7ec8,CUS-00819,448.5,bank_transfer,Kano,Nassarawa,2dbc5cf713264b24,2025-02-08 18:38:00,18,5,True
615a3fb7-31e0-4d2f-a845-fbdb512b5479,CUS-01127,3743.01,pos,Rivers,Eleme,82121e9423b06b7e,2025-02-08 18:38:18,18,5,False
465c8862-d706-4dd5-a9a0-8a04909bcc2b,CUS-00590,1390.63,mobile_money,Lagos,Alimosho,6f8c6cb8a638714d,2025-02-08 18:39:12,18,5,False
8c3402bc-ffe2-42b7-8334-5912fe690d57,CUS-01012,339.89,pos,Jigawa,Jigawa-Central,620b41a6cde49986,2025-02-08 18:45:50,18,5,False
19e819e0-2d67-4939-9330-93d002d3ffbb,CUS-01525,4084.66,mobile_money,Kano,Kumbotso,ebdefd77badb8caf,2025-02-08 18:48:47,18,5,False
714ef15d-f63c-4d68-b70b-48ed9a563fd8,CUS-00662,261.53,pos,Kaduna,Kaduna North,0e30b90da7b7b7ae,2025-02-08 18:51:00,18,5,True
88688424-3b2c-4a70-a921-8afec969fb05,CUS-00819,665033.94,bank_transfer,Kano,Kumbotso,2dbc5cf713264b24,2025-02-08 18:54:00,18,5,True
e38b482c-c3bf-41cd-98b9-aedc7d3da119,CUS-01770,28214.72,bank_transfer,Abuja FCT,Municipal,c27f86555385f66b,2025-02-08 19:00:05,19,5,False
f301c6f9-a97f-4d90-a1d7-f26951d97ad2,CUS-01653,288.69,pos,Rivers,Eleme,497df31f5bea514b,2025-02-08 19:03:00,19,5,True
4f111073-8500-42e6-b130-153d08ee4078,CUS-01653,261.47,mobile_money,Rivers,Eleme,497df31f5bea514b,2025-02-08 19:05:00,19,5,True
45464f79-0005-45e7-87a4-10077d27375d,CUS-00452,26424.16,bank_transfer,Rivers,Port-Harcourt,42de18a74e13aeb6,2025-02-08 19:09:29,19,5,False
e5b2c77f-e193-4c48-bfd4-484fb0436170,CUS-01653,134.54,pos,Rivers,Oyigbo,497df31f5bea514b,2025-02-08 19:12:00,19,5,True
8e39db82-b839-49f5-aabf-2252da506f11,CUS-01015,271307.71,bank_transfer,Adamawa,Adamawa-Central,19492d475c97a771,2025-02-08 19:15:00,19,5,True
0b79adc8-183b-4a23-8684-cbf5fd863e4f,CUS-00105,1800.33,pos,Lagos,Lagos Mainland,1e29af523fd2c4b3,2025-02-08 19:19:07,19,5,False
2d10462b-fcac-44bc-a3db-7a5a2fef32c2,CUS-01653,448.41,pos,Rivers,Port-Harcourt,497df31f5bea514b,2025-02-08 19:31:00,19,5,True
d64c76f9-c648-46be-984b-642fe2346396,CUS-00662,318.51,bank_transfer,Kaduna,Zaria,0e30b90da7b7b7ae,2025-02-08 19:32:00,19,5,True
ee8a9210-cf66-4e76-a32c-e72b2d05981a,CUS-00662,32409.27,ussd,Kaduna,Zaria,0e30b90da7b7b7ae,2025-02-08 19:42:00,19,5,True
f0f1237d-f9e6-40d5-a115-39927f7390f9,CUS-01653,338.14,pos,Rivers,Eleme,497df31f5bea514b,2025-02-08 19:43:00,19,5,True
2c6645de-9d8e-4476-a311-bf1fbf32e52a,CUS-01144,288.46,pos,Kano,Nassarawa,79f2ca9dea7f4c82,2025-02-08 19:43:38,19,5,False
11e5c957-ad67-403f-8a8f-d77586263b02,CUS-01653,466.39,pos,Rivers,Oyigbo,497df31f5bea514b,2025-02-08 19:44:00,19,5,True
cd7e4a16-6784-4425-8eb9-4b4c74f83606,CUS-01653,51.44,ussd,Rivers,Eleme,497df31f5bea514b,2025-02-08 19:45:00,19,5,True
21097794-4a5b-46e6-8470-056b284f9ada,CUS-00085,83114.6,bank_transfer,Kano,Fagge,bbe1ca633613948f,2025-02-08 19:47:07,19,5,False
96b97213-4a1f-4039-a1c7-82cb3e5aff1c,CUS-00338,201918.51,pos,Abuja FCT,Bwari,0bc0a52ab5090138,2025-02-08 19:48:13,19,5,False
2f004900-3004-4022-94f7-4cdf0f581ffe,CUS-01100,52227.58,pos,Lagos,Ikeja,df1461afa6ea20c9,2025-02-08 19:58:01,19,5,False
d3094b37-dde6-414f-ac91-e68a6eb2e9e0,CUS-00883,3362.14,pos,Lagos,Agege,dfb09978915770b7,2025-02-08 20:19:32,20,5,False
2458d8e4-d523-4038-b50f-e1a741aa11b8,CUS-00245,427.38,mobile_money,Yobe,Yobe-Central,98fd0374a3da0b15,2025-02-08 20:29:21,20,5,False
63e4e363-e6f1-4da6-98d2-e2cb8c81ae73,CUS-00610,99180.0,pos,Lagos,Agege,306e315b55aaa9fd,2025-02-08 20:30:12,20,5,False
e437fe8b-0750-4a43-8d6a-7916a2272694,CUS-00662,78037.0,pos,Kaduna,Zaria,0e30b90da7b7b7ae,2025-02-08 20:37:00,20,5,True
f7981891-1a99-45d0-9fb0-1bec7ce81888,CUS-01740,241.59,ussd,Plateau,Plateau-Central,396e7932f52475ca,2025-02-08 20:37:15,20,5,False
da5cd37f-9457-4c2b-ad2e-7afc1552b63d,CUS-00014,648913.28,pos,Lagos,Kosofe,22f6bea733e5c873,2025-02-08 20:40:25,20,5,False
27409ddf-6113-428d-af6f-84445662585d,CUS-00510,380.27,pos,Kaduna,Zaria,f280c054339f0674,2025-02-08 20:44:27,20,5,False
b42f43a1-d213-4d2a-baa5-6c845a0d7275,CUS-01940,52606.07,mobile_money,Lagos,Agege,07e3e3257383f7f3,2025-02-08 20:56:12,20,5,False
6bc1a6b3-99a7-49d4-af6f-dbb553908fc0,CUS-00819,85838.52,bank_transfer,Kano,Fagge,2dbc5cf713264b24,2025-02-08 21:01:00,21,5,True
52ba6705-ff9d-42cf-bf33-4b6bcd3e3f01,CUS-01487,15496.6,pos,Edo,Oredo,8b29f537a5dc9bb1,2025-02-08 21:07:24,21,5,False
d257821f-076e-4d7d-a563-b7de68120399,CUS-00640,409511.81,pos,Lagos,Kosofe,163d4591d5cbbc5e,2025-02-08 21:13:14,21,5,False
209e5b10-6736-4f6c-8482-bcc3c4bb5a8b,CUS-00748,139.83,pos,Kogi,Kogi-Central,998b89625c438d01,2025-02-08 21:13:29,21,5,False
4dddf5d4-6e9b-4187-80ed-742487f6d06c,CUS-00824,8002.2,pos,Oyo,Ogbomoso,e5648df22a55e5b7,2025-02-08 21:25:17,21,5,False
d0da8ecf-fd30-4df1-bb35-7b1e21cb9c61,CUS-01186,6531.84,pos,Anambra,Onitsha North,6289ff269db8f2ac,2025-02-08 21:42:02,21,5,False
b6e6f2c2-b083-4612-91c8-a0816e48afb1,CUS-01530,3920.63,ussd,Kano,Nassarawa,df8f607a09b331bd,2025-02-08 21:42:41,21,5,False
dd37f811-061f-4070-9bb4-d459123d128b,CUS-01449,72416.14,bank_transfer,Anambra,Nnewi North,1136ae79af32c0d4,2025-02-08 21:56:30,21,5,False
e60163a8-0d4e-41ab-a762-9b37724ece8b,CUS-00861,163.06,pos,Abuja FCT,Kuje,88c623371bdc41ff,2025-02-08 22:01:00,22,5,True
bc522485-6c34-45fa-baf8-1f35bc123035,CUS-01681,1275.01,pos,Ebonyi,Ebonyi-Central,90b8992bfab5317d,2025-02-08 22:04:11,22,5,False
f380500d-a9fc-47f0-9c35-5a0e52ab57a1,CUS-00861,159.26,pos,Abuja FCT,Municipal,88c623371bdc41ff,2025-02-08 22:11:00,22,5,True
de324fce-d99c-429d-a6c8-cf1c24bd46bd,CUS-00861,158.35,ussd,Abuja FCT,Bwari,88c623371bdc41ff,2025-02-08 22:19:00,22,5,True
e07a1ec0-bf0e-4f9f-a038-c5b8b1e5d8f5,CUS-00861,311.35,mobile_money,Abuja FCT,Bwari,88c623371bdc41ff,2025-02-08 22:22:00,22,5,True
f3f7fa24-dce2-41fa-8ebb-fc243ac53a9c,CUS-01015,80425.47,bank_transfer,Adamawa,Adamawa-Central,19492d475c97a771,2025-02-08 22:25:00,22,5,True
96eb31ee-a396-4c0b-a017-7ff7cc8dda89,CUS-00861,336.34,mobile_money,Abuja FCT,Kuje,88c623371bdc41ff,2025-02-08 22:47:00,22,5,True
e5566cec-9f92-47f2-96dd-6b1ded07a433,CUS-00455,69692.9,pos,Abuja FCT,Bwari,b4c3c4f1112b5142,2025-02-08 22:55:56,22,5,False
805a2d6f-bfbc-414a-b1c2-0a9fc37cf203,CUS-01635,87.32,bank_transfer,Lagos,Eti-Osa,4c2cbdd8ab6f3b4a,2025-02-08 23:05:37,23,5,False
b40dd526-4a5d-4e64-8f27-d06617342186,CUS-01887,140.53,bank_transfer,Lagos,Mushin,0be354668f5ee630,2025-02-08 23:27:15,23,5,False
eac8dcbe-b9b9-4d0f-b378-7d21f306ecc3,CUS-01210,638.91,pos,Rivers,Port-Harcourt,0e27aca8e7040c91,2025-02-08 23:30:24,23,5,False
902bc0da-2a2a-4cc8-98da-bd8d1460d3da,CUS-00668,4198.25,mobile_money,Lagos,Ikorodu,5e53bf0f5aecd7ec,2025-02-09 00:44:45,0,6,False
f9a0be86-1c53-4c89-9362-c84f6ec40760,CUS-00957,498900.86,bank_transfer,Lagos,Eti-Osa,bf9f18f4fe279e1c,2025-02-09 02:49:00,2,6,True
1578a1a6-97d0-49a1-88c0-cd5fc521c0dd,CUS-01672,2301.06,mobile_money,Zamfara,Zamfara-Central,62f20bbb589f3230,2025-02-09 04:05:04,4,6,False
ce46884e-0352-49cb-a5e1-85188981e91a,CUS-00691,370.73,bank_transfer,Rivers,Eleme,395436e8a74699ec,2025-02-09 04:34:18,4,6,False
4ff1dea4-dfd7-43a5-bd46-34a7213e9942,CUS-00590,4832.83,mobile_money,Lagos,Lagos Mainland,6f8c6cb8a638714d,2025-02-09 04:59:15,4,6,False
e0b4c8cb-0194-4677-b66d-e5b12b825ec0,CUS-01304,466.67,pos,Edo,Ikpoba-Okha,a9f2eed213018c92,2025-02-09 06:00:00,6,6,True
75a1514b-11b1-4b18-9f8b-cba460f880d7,CUS-01902,373.53,pos,Kwara,Kwara-Central,9bf23a682276144b,2025-02-09 06:03:00,6,6,True
f9dd30d6-a453-42c1-a106-9053b9d513fd,CUS-01902,164.17,pos,Kwara,Kwara-Central,9bf23a682276144b,2025-02-09 06:07:00,6,6,True
1d1799a4-17e0-46cd-a181-ae951a0f963f,CUS-01304,79.54,pos,Edo,Oredo,a9f2eed213018c92,2025-02-09 06:09:00,6,6,True
1d94bc3a-44eb-485f-ba9e-8f42b21e38d6,CUS-01304,437.65,ussd,Edo,Ikpoba-Okha,a9f2eed213018c92,2025-02-09 06:12:00,6,6,True
4d55998c-a6c8-40b2-9809-71ff83880beb,CUS-01304,373.46,pos,Edo,Ikpoba-Okha,a9f2eed213018c92,2025-02-09 06:12:00,6,6,True
e9856961-7a82-4937-98f4-7b59cc070223,CUS-01902,140.03,pos,Kwara,Kwara-Central,9bf23a682276144b,2025-02-09 06:19:00,6,6,True
28f7bfc7-83df-46c4-a90e-b2c4351b0bf5,CUS-01902,176.06,ussd,Kwara,Kwara-Central,9bf23a682276144b,2025-02-09 06:21:00,6,6,True
54b37f8f-79c2-42b9-bf76-39268961f4d9,CUS-00071,74811.15,bank_transfer,Lagos,Surulere,1091ab6738ae125a,2025-02-09 06:23:20,6,6,False
3eb22a39-62b0-4986-8ba9-d53be5503e6c,CUS-01304,105.22,ussd,Edo,Egor,a9f2eed213018c92,2025-02-09 06:29:00,6,6,True
fc2715dd-97d7-4a9c-a3b4-314bc3576da8,CUS-01304,202.34,ussd,Edo,Oredo,a9f2eed213018c92,2025-02-09 06:30:00,6,6,True
6aa82826-2b96-4918-8575-2a4633c82806,CUS-01902,83.45,ussd,Kwara,Kwara-Central,9bf23a682276144b,2025-02-09 06:35:00,6,6,True
8030f20e-5e7a-4cc2-9285-2e96e94cf3bf,CUS-01304,402.73,mobile_money,Edo,Ikpoba-Okha,a9f2eed213018c92,2025-02-09 06:39:00,6,6,True
31f0836c-5598-40e5-9645-84cc73eaaef4,CUS-01902,264.47,pos,Kwara,Kwara-Central,9bf23a682276144b,2025-02-09 06:43:00,6,6,True
ccb7ef86-3bc9-473e-b46f-493e4a10f8d4,CUS-01304,162.86,mobile_money,Edo,Egor,a9f2eed213018c92,2025-02-09 06:46:00,6,6,True
de10e5e4-a077-4b64-a2ed-de67ea5cde9c,CUS-01902,253.86,pos,Kwara,Kwara-Central,9bf23a682276144b,2025-02-09 06:49:00,6,6,True
3355e626-da93-4c4a-bfe8-e9871a0a0d7e,CUS-01902,376.12,pos,Kwara,Kwara-Central,9bf23a682276144b,2025-02-09 06:53:00,6,6,True
5e5f0fc4-3432-4639-b6a4-e949e373f458,CUS-00576,77247.75,card,Lagos,Agege,889483354ede0f98,2025-02-09 07:01:47,7,6,False
9ededb83-1466-43d2-b959-8f7c1e86a8db,CUS-00487,381.97,ussd,Kano,Gwale,421f45f1a22d16d0,2025-02-09 09:00:50,9,6,False
a5a43198-89ef-4dd7-8870-ed9976a7bfd2,CUS-01858,66277.11,pos,Borno,Borno-Central,b8cde3602eceb2be,2025-02-09 09:05:00,9,6,True
6f986647-4f2f-41e0-8dea-d0996f66774d,CUS-00253,2173.54,mobile_money,Kano,Gwale,9ff58e403109ef30,2025-02-09 09:06:48,9,6,False
3039a3df-38c8-45b3-8123-a6f5c741bbe2,CUS-01156,90968.5,ussd,Lagos,Ikeja,031d6ab684c1b05f,2025-02-09 09:07:45,9,6,False
fe9a9ea2-cea1-491c-9195-53a1259ddea6,CUS-01199,182169.18,pos,Lagos,Surulere,87823df2b69fc0a4,2025-02-09 09:14:00,9,6,False
fe668968-1a97-4c12-8bcb-dbd99abf81e6,CUS-01382,30808.35,pos,Bayelsa,Bayelsa-Central,e574935d513d27c9,2025-02-09 09:28:39,9,6,False
d906862d-0fcd-45f0-9822-4e3fc2cbad84,CUS-01770,65575.87,bank_transfer,Abuja FCT,Gwagwalada,c27f86555385f66b,2025-02-09 09:28:57,9,6,False
b9e65750-2a32-4de1-8537-a614ab887928,CUS-01055,421.1,bank_transfer,Kano,Nassarawa,8f06ec76dd8c644b,2025-02-09 09:38:47,9,6,False
8c5acc9f-b1a1-405e-8864-9f41b83a74fa,CUS-00044,1923.92,pos,Kano,Kumbotso,6345167d18868176,2025-02-09 09:48:26,9,6,False
7cdd46b9-e0ef-4005-8384-d658de419b54,CUS-01765,87880.97,pos,Kano,Dala,d1d47db5164f8c24,2025-02-09 10:08:37,10,6,False
c9313779-72e3-400e-b51b-46a90acd0d2e,CUS-00225,54.62,bank_transfer,Lagos,Agege,0745bb953102d53d,2025-02-09 10:26:10,10,6,False
f1fd9c11-1c03-46d8-bac8-6238cce98b3f,CUS-01778,159.36,pos,Lagos,Surulere,88867b61ceb71236,2025-02-09 10:33:43,10,6,False
a642023a-960f-4163-a7de-7dfefd30b679,CUS-00061,363.59,bank_transfer,Kano,Nassarawa,8ffdeca966e54133,2025-02-09 10:39:15,10,6,False
455dcd69-4c35-4330-94e4-fc333dd1e557,CUS-00922,79297.78,mobile_money,Nassarawa,Nassarawa-Central,4de90312f1d9291c,2025-02-09 10:44:35,10,6,False
2971fdfe-3864-4c62-996d-b0cc17023ad1,CUS-00424,45218.26,bank_transfer,Lagos,Surulere,91994fb841d39732,2025-02-09 10:44:46,10,6,False
56ac5a92-1d22-4cac-8611-ae6f69833c37,CUS-01910,242.61,pos,Kano,Dala,ea6850c62e2c1350,2025-02-09 10:58:27,10,6,False
d6825491-2efd-4c04-966f-44f738ba3915,CUS-01271,2104.44,pos,Sokoto,Sokoto-Central,7373474fe2ebb6c3,2025-02-09 11:07:04,11,6,False
c1589cc0-eba3-4d98-a85a-4ceb3994c2dd,CUS-01627,1925.37,ussd,Oyo,Ibadan North,8a68d0e2389ad1b9,2025-02-09 11:10:11,11,6,False
8882c5ca-9ca7-4f06-9c39-d45275db06c4,CUS-00408,3284.32,card,Kogi,Kogi-Central,113ca9141230a8f2,2025-02-09 11:15:11,11,6,False
09e014c0-0ef9-47c1-8b4a-212b9877c7bd,CUS-00911,844.72,pos,Kano,Fagge,db8f9fd7a5d88e61,2025-02-09 11:22:03,11,6,False
c1db77f0-735f-4665-b6f0-35c840259131,CUS-00686,87247.86,pos,Oyo,Oyo East,ef089a3243e46f69,2025-02-09 11:22:47,11,6,False
ce6d67c7-61cf-475d-af6b-6caf5420f5f6,CUS-00151,27957.6,pos,Lagos,Oshodi-Isolo,2bf14b665bcd3a89,2025-02-09 11:30:55,11,6,False
70e0078f-951b-48b5-ae93-6396d4f1262f,CUS-01642,711218.17,bank_transfer,Abuja FCT,Kuje,d02d3de6b21344b6,2025-02-09 11:33:16,11,6,False
a6e7bd78-14f9-4e11-ae5a-96dd63b14fc3,CUS-00242,254.52,pos,Taraba,Taraba-Central,3124ecd59d09a780,2025-02-09 11:35:10,11,6,False
b0a50fe8-cbcc-43e4-9ed5-3cf9401de94c,CUS-01894,144670.92,mobile_money,Oyo,Ibadan South-West,caa7f44890efbfa1,2025-02-09 11:39:54,11,6,False
e2171c70-ee38-4e66-80ce-6815b5e96ba6,CUS-00503,230097.01,card,Benue,Benue-Central,690632b566955a71,2025-02-09 11:43:39,11,6,False
44b58233-3f02-4fbb-b48e-d5b848c1d5ac,CUS-00079,1154.97,mobile_money,Lagos,Mushin,547904e86a6fecb8,2025-02-09 11:44:02,11,6,False
626fae3a-0bc3-46da-9f30-b093887ea063,CUS-01251,2535.68,pos,Abuja FCT,Gwagwalada,5a175e48ff0f0f21,2025-02-09 11:46:30,11,6,False
fe5cde48-1257-43e1-bbe7-f2db526debfe,CUS-01973,242.86,mobile_money,Abuja FCT,Kuje,b0a2e8ccaf3fc8d8,2025-02-09 11:51:09,11,6,False
af69e822-f941-4bf9-addc-2a2374c3fa00,CUS-00358,382055.09,bank_transfer,Gombe,Gombe-Central,a8241fb952fbd723,2025-02-09 11:56:17,11,6,False
3e41e8a9-cc8a-42df-a984-847f39d36df3,CUS-00080,87031.69,pos,Zamfara,Zamfara-Central,cd85d8451082aedb,2025-02-09 12:04:22,12,6,False
e9a0683e-eb70-41bf-873b-48cc2e5ac690,CUS-00274,21162.17,card,Abuja FCT,Gwagwalada,0043d9354f88a060,2025-02-09 12:13:05,12,6,False
3793bee8-380c-410d-ab02-83119623d06b,CUS-01515,80432.88,mobile_money,Lagos,Ikeja,a431e97b4e692b20,2025-02-09 12:15:57,12,6,False
9a53411a-3a03-441a-829a-46590e2ccf1f,CUS-01529,17135.91,bank_transfer,Oyo,Ogbomoso,b2f3d811f1911e5d,2025-02-09 12:37:14,12,6,False
e16676fc-1c8a-4e7d-966b-d681d3b2aa1b,CUS-00301,282.0,pos,Oyo,Ibadan North,4acd84f2fa7ac6df,2025-02-09 12:47:35,12,6,False
1f8b669d-6c55-4bb4-be2e-ba445d87f074,CUS-00433,88366.83,pos,Lagos,Surulere,dc214b9c85be517a,2025-02-09 13:05:22,13,6,False
c8eeb540-029b-4582-9f45-7763865bc28b,CUS-00481,90275.33,ussd,Edo,Egor,62896152bd82ae30,2025-02-09 13:07:57,13,6,False
92dfb425-b2e0-40b3-97db-24832d0dbfd1,CUS-00064,369.16,card,Kano,Nassarawa,d79b61acc4f44aea,2025-02-09 13:12:11,13,6,False
7acc27f8-dfc0-42dc-a74b-51c285b17123,CUS-01009,291.47,ussd,Abuja FCT,Municipal,d779f710e5a038e7,2025-02-09 13:29:51,13,6,False
79b08816-0638-43a5-b845-7ce4553eeb7d,CUS-00759,3666.77,pos,Imo,Imo-Central,23919a584a845bba,2025-02-09 13:31:19,13,6,False
fc9fec54-9186-402d-bac5-45bd69640388,CUS-00421,20020.22,pos,Imo,Imo-Central,30c2c103147fffc3,2025-02-09 13:41:17,13,6,False
57dc393f-2601-406f-84bb-1f3ca5ab92e0,CUS-01012,1678.76,pos,Jigawa,Jigawa-Central,620b41a6cde49986,2025-02-09 13:42:50,13,6,False
27179ff5-1193-409a-925a-8290b623e574,CUS-00816,914431.95,bank_transfer,Kaduna,Kaduna South,afe1bbf91079bbe4,2025-02-09 14:03:57,14,6,False
1019383c-e59e-4b0e-a32e-b441e1007bd4,CUS-00675,85.79,pos,Ekiti,Ekiti-Central,ee2d9866f851f434,2025-02-09 14:07:46,14,6,False
b74f5fc2-2a49-46d7-ae4c-db762d492275,CUS-00398,72.33,pos,Osun,Osun-Central,295ef15b1b3ae530,2025-02-09 14:10:41,14,6,False
e987d87b-25dd-4dd1-9b82-1d9ea21e9e68,CUS-01332,234.81,pos,Lagos,Oshodi-Isolo,4ca97245da0a0e27,2025-02-09 14:15:22,14,6,False
d8595069-8927-4483-a063-a0da728e9503,CUS-01715,3512.31,pos,Ogun,Ogun-Central,542b8868a3076c1b,2025-02-09 14:17:39,14,6,False
49607148-3843-42a3-a568-a4d685d222d9,CUS-01522,11024.86,pos,Kano,Tarauni,943007d4f4e03d9f,2025-02-09 14:21:17,14,6,False
180f2764-b79f-43eb-9bc6-2046923aa0e9,CUS-00100,323.38,ussd,Lagos,Kosofe,bcf49328f37bdf89,2025-02-09 14:37:31,14,6,False
d0044343-93bc-4845-b3d5-9405bf4b4f06,CUS-00860,4832.98,ussd,Abia,Abia-Central,0fc42ad3f8af3841,2025-02-09 14:37:31,14,6,False
6f8db20b-c191-42c8-a35d-878947bf3b3b,CUS-01852,476.4,bank_transfer,Sokoto,Sokoto-Central,ac5adcbf4944a58a,2025-02-09 14:41:52,14,6,False
709709a2-9d6a-43cc-8f39-21957a566c84,CUS-00146,3546.2,pos,Kaduna,Zaria,ffbadfb973b5ec03,2025-02-09 14:47:30,14,6,False
7f00fdb4-9a83-4db4-a52e-36a77a59cb75,CUS-00678,2629.98,pos,Bayelsa,Bayelsa-Central,780d38fd25566312,2025-02-09 14:49:03,14,6,False
ab227aa3-ba09-42a9-afef-082f94c1d0f5,CUS-01963,4222.18,ussd,Rivers,Obio-Akpor,555417b66f8a3e57,2025-02-09 14:59:09,14,6,False
f06dc141-5f81-4a40-bbc2-a14f96faf17c,CUS-00644,72.62,pos,Lagos,Mushin,02a0acac00402ca5,2025-02-09 15:03:20,15,6,False
4b2d55da-d18b-410e-9dee-6422a92930ff,CUS-01478,15665.24,pos,Imo,Imo-Central,4507ac80375043f6,2025-02-09 15:04:55,15,6,False
640a29b7-c2d0-462c-92c8-34466c6de01b,CUS-01806,969.7,bank_transfer,Delta,Uvwie,03e3cce37197c2f4,2025-02-09 15:15:55,15,6,False
224340ce-583f-4c03-921f-99558dfe620f,CUS-01858,55424.11,pos,Borno,Borno-Central,b8cde3602eceb2be,2025-02-09 15:23:00,15,6,True
475bdd0f-b431-4ff2-9581-5a72593f0ea0,CUS-00462,35634.76,bank_transfer,Osun,Osun-Central,da005172e3bfeaf9,2025-02-09 15:25:48,15,6,False
18654880-684f-4f91-93e0-44b74860c325,CUS-01282,194.51,pos,Oyo,Ibadan North,dc18e0f8c5a69a14,2025-02-09 15:39:29,15,6,False
e3953517-6ef1-4e6e-b899-5017793cd0fb,CUS-01494,2784.82,mobile_money,Kaduna,Zaria,acf36f5ac3721732,2025-02-09 15:41:19,15,6,False
3e80d95d-c332-4495-a8b7-da732f766ff4,CUS-00660,154.37,bank_transfer,Kano,Kumbotso,8c6878b8b463d522,2025-02-09 15:41:22,15,6,False
83e838ad-d423-4201-a339-a9f174af92b8,CUS-00206,487.7,pos,Lagos,Eti-Osa,3611e978f2cf6d25,2025-02-09 15:42:09,15,6,False
bf33f171-0b72-42bf-b589-e3a1285960c5,CUS-00636,286.36,card,Oyo,Oyo East,0e03d5f724baf012,2025-02-09 15:42:11,15,6,False
acab0015-77a3-4d27-9f62-042723e46997,CUS-01320,762595.94,bank_transfer,Lagos,Lagos Mainland,1cea17001a33563e,2025-02-09 15:47:45,15,6,False
ca9c93d8-7930-44d6-8d71-38ed2be70f83,CUS-00887,55692.61,bank_transfer,Lagos,Agege,74a921feddc38382,2025-02-09 16:01:34,16,6,False
9c6046c5-90b5-4e99-a02b-8fe66eb01758,CUS-00809,178451.44,mobile_money,Lagos,Alimosho,db69bf71f5a9ddc6,2025-02-09 16:04:56,16,6,False
5b7ac94a-7b90-43c0-ac8d-6e25127e76fa,CUS-00903,336.41,bank_transfer,Oyo,Oyo East,e707cda42c6fc450,2025-02-09 16:14:25,16,6,False
2f53c372-3146-43f7-9718-9b5b65026d0e,CUS-00501,529672.76,mobile_money,Oyo,Oyo East,2e8d0d54a7c53df0,2025-02-09 16:16:31,16,6,False
997b08fe-db31-44fc-961c-78a9b45bbc75,CUS-00376,1288.83,pos,Borno,Borno-Central,30d2cce2a11ef3e3,2025-02-09 16:18:39,16,6,False
e121047f-552b-4754-8f3c-55530e1c2d1d,CUS-00532,279.72,pos,Ogun,Ogun-Central,76d5d2e4a57db02d,2025-02-09 16:24:11,16,6,False
af4d5ebe-e674-4bf1-b372-bf9adeda55e1,CUS-01928,4598.32,mobile_money,Delta,Uvwie,3b3cf79cd7b03c7e,2025-02-09 16:38:53,16,6,False
669492e7-fc2e-4ed1-bae7-115ae33127b7,CUS-00127,240.65,pos,Sokoto,Sokoto-Central,8f4bb563c3deb65c,2025-02-09 16:41:54,16,6,False
d598b86a-7637-4775-b41e-d9c11d81334b,CUS-00386,300.13,pos,Kano,Nassarawa,273baa91f71df6fc,2025-02-09 16:49:19,16,6,False
04473ff4-0c67-4230-9ae8-b2be49dc74b7,CUS-01443,28922.4,card,Abuja FCT,Bwari,99626b470ed79cda,2025-02-09 16:52:55,16,6,False
169967cd-fcaf-4f9d-a2d6-6fa8617e656a,CUS-00416,3958.07,pos,Kano,Gwale,b2132b1f6b86d86e,2025-02-09 16:55:29,16,6,False
d389fd60-a84c-420f-9fb2-c1341a45f26f,CUS-01523,4489.16,pos,Lagos,Ikorodu,b4e06f3228683e87,2025-02-09 16:55:31,16,6,False
96dd58bd-a622-40e9-a5fc-544d86824293,CUS-01858,417.99,pos,Borno,Borno-Central,b8cde3602eceb2be,2025-02-09 17:05:00,17,6,True
113ae02b-f3a3-4813-9b7a-fe03c2dc2a30,CUS-00561,21674.41,mobile_money,Lagos,Ikeja,6b64c305fff4b7c1,2025-02-09 17:05:18,17,6,False
3fa5b591-718a-4ecd-9db5-21841c2e7181,CUS-00583,2215.59,mobile_money,Kano,Tarauni,ee1cf351161becb3,2025-02-09 17:09:28,17,6,False
2211f695-ef18-4bc8-b376-52e56d27dca2,CUS-01858,17449.35,pos,Borno,Borno-Central,b8cde3602eceb2be,2025-02-09 17:10:00,17,6,True
02db018f-053d-41b7-8fa5-d10e8fc19c41,CUS-00344,4808.94,ussd,Rivers,Oyigbo,60b0ed642f41442e,2025-02-09 17:13:45,17,6,False
fa21f73d-37bd-436b-8a6f-28dfa650e01b,CUS-01179,15097.61,mobile_money,Oyo,Ogbomoso,d58684393c60ad84,2025-02-09 17:23:28,17,6,False
77d2a35c-f472-4024-9df0-9785bb1c9d91,CUS-01858,2234.21,pos,Borno,Borno-Central,b8cde3602eceb2be,2025-02-09 17:34:00,17,6,True
61807432-0bb9-4fd5-a8bf-39139b436b3d,CUS-01858,5606.78,pos,Borno,Borno-Central,b8cde3602eceb2be,2025-02-09 17:38:00,17,6,True
ebee5959-e819-4b63-a16a-a1e0c941a659,CUS-01664,3476.6,bank_transfer,Ogun,Ogun-Central,69024d426ea4f554,2025-02-09 17:40:21,17,6,False
83fa3fd5-1dcf-4e8b-946a-52a35838adfb,CUS-01970,53414.07,card,Lagos,Ikeja,b82bff6ba8473af0,2025-02-09 17:41:41,17,6,False
112c6183-8f4e-455f-9477-cf588145ef8c,CUS-01154,407.94,bank_transfer,Enugu,Nsukka,b6010d549f54bd12,2025-02-09 17:50:59,17,6,False
15b56699-0a01-4de6-80b4-02dc76f8110a,CUS-00659,599482.25,pos,Oyo,Ogbomoso,800d4a3c5c4536de,2025-02-09 18:00:27,18,6,False
34adb7ed-7b7c-4def-a20b-2d51207bff83,CUS-00990,82.7,pos,Imo,Imo-Central,867cc7228b2daf96,2025-02-09 18:01:04,18,6,False
65f0eb3b-6a3b-42d4-baeb-9164d68bcb05,CUS-00339,703.83,bank_transfer,Lagos,Kosofe,293ef86bb3ea45e4,2025-02-09 18:06:08,18,6,False
250e5e67-fe59-449b-8d20-34a831b02622,CUS-01858,323.62,bank_transfer,Borno,Borno-Central,b8cde3602eceb2be,2025-02-09 18:22:00,18,6,True
f128f535-531d-43c5-89d8-f6a730e1854e,CUS-01433,611761.33,bank_transfer,Delta,Oshimili South,2966b413eb51f515,2025-02-09 18:30:07,18,6,False
070dd057-f6fc-4591-9a93-a5e626b37409,CUS-00373,87.51,bank_transfer,Anambra,Nnewi North,e49e584a125d0350,2025-02-09 18:30:16,18,6,False
c5682c40-be7d-40f2-96dd-d519797e3c9c,CUS-01385,4738.55,bank_transfer,Kano,Fagge,14dc1e3604a87504,2025-02-09 18:30:37,18,6,False
37bec3a0-d533-4802-8aa3-dd2041ee4d82,CUS-01701,6989.81,ussd,Rivers,Oyigbo,0339e824793d49a0,2025-02-09 18:33:08,18,6,False
c77007b5-cc95-4875-966e-4096f2b85924,CUS-01248,46532.13,ussd,Adamawa,Adamawa-Central,c5a6a2858112bc45,2025-02-09 18:45:25,18,6,False
af92d559-c677-45dc-b024-ec84e2c4f510,CUS-01213,542534.53,mobile_money,Imo,Imo-Central,762447a64e707775,2025-02-09 18:57:43,18,6,False
0603e071-482c-408a-88e9-6b438945f6f9,CUS-01230,3257.08,pos,Nassarawa,Nassarawa-Central,e80635d7cc7194ff,2025-02-09 19:01:40,19,6,False
ff72efe6-ab31-44c8-b35a-d905944da698,CUS-01355,71110.68,pos,Kebbi,Kebbi-Central,1a13698cf4c1d9c1,2025-02-09 19:04:33,19,6,False
7f6076f5-16dc-406b-94f6-bee0de5869e9,CUS-01927,10970.85,bank_transfer,Abuja FCT,Municipal,f2eeaed31f982ebf,2025-02-09 19:19:13,19,6,False
1f352dc4-5e21-450a-9670-09e849c80a0e,CUS-00325,71386.71,card,Osun,Osun-Central,8c6d91935dee1218,2025-02-09 19:20:42,19,6,False
a1b9f19a-541c-4eb8-9360-680fc4314b3a,CUS-01431,1987.03,card,Abuja FCT,Bwari,495d3248fee65305,2025-02-09 19:21:22,19,6,False
5fdecf3e-2f6c-4ffb-a126-6bf1e1525b0e,CUS-00869,20602.23,bank_transfer,Jigawa,Jigawa-Central,5a3b21a3a41473f2,2025-02-09 19:21:53,19,6,False
56782e55-f099-40fd-969d-1851e69b57e3,CUS-01858,2422.4,bank_transfer,Borno,Borno-Central,b8cde3602eceb2be,2025-02-09 19:30:00,19,6,True
047b2bd3-d842-4323-93e5-13deed60d308,CUS-01607,68495.47,pos,Imo,Imo-Central,984cfcfe59f2d6b7,2025-02-09 19:31:06,19,6,False
af6ee3f2-9caa-47e2-a08e-1ca4d9902970,CUS-00547,27229.67,pos,Anambra,Nnewi North,4b6eccd02320fe46,2025-02-09 19:37:15,19,6,False
88f7bf62-63fe-4ee0-ad76-82e2f5974c25,CUS-00589,95197.35,mobile_money,Lagos,Ikorodu,5e6a801e67834684,2025-02-09 19:40:12,19,6,False
40f14fc4-60be-4d1e-9283-38d799a5d3fb,CUS-00475,4937.81,ussd,Ogun,Ogun-Central,12d309dd435050f0,2025-02-09 19:45:23,19,6,False
3482c1a3-9c95-4ef1-b8df-c0db38367389,CUS-01720,1461.42,pos,Lagos,Kosofe,d367b754b9943828,2025-02-09 19:46:39,19,6,False
3e31235c-48ed-4783-a1b9-db716852eb6d,CUS-01421,30325.36,bank_transfer,Abuja FCT,Municipal,41a21affe763edbe,2025-02-09 20:00:55,20,6,False
747778ca-b809-40e5-a174-748d4e3229f3,CUS-01772,1236.3,pos,Niger,Niger-Central,19b1abc87809440d,2025-02-09 20:11:26,20,6,False
16b83b43-df77-4e7a-a481-a288b340223a,CUS-01858,290.9,ussd,Borno,Borno-Central,b8cde3602eceb2be,2025-02-09 20:30:00,20,6,True
36a9855f-eae6-4f3c-a7a9-718e89b04a97,CUS-00907,3556.32,pos,Kano,Kumbotso,5e62317a455c71c7,2025-02-09 20:40:06,20,6,False
36a96f4e-2279-433d-a3e7-140336468781,CUS-00946,4598.58,pos,Lagos,Lagos Mainland,c6a0a0a65e14115d,2025-02-09 20:41:34,20,6,False
45a065ad-21e5-4143-99a5-7610a4bb1b3f,CUS-01947,79236.31,bank_transfer,Lagos,Alimosho,4c7b689cb13b4c58,2025-02-09 21:00:09,21,6,False
8c7518f2-ceca-49a0-8056-69a673194528,CUS-01926,4108.34,bank_transfer,Kaduna,Kaduna North,dd29bf90630de913,2025-02-09 21:07:04,21,6,False
27a148d3-9211-4b9d-804c-108094a9121e,CUS-01187,520990.93,pos,Lagos,Eti-Osa,b3f9592ad1d5de57,2025-02-09 21:15:20,21,6,False
53585205-654b-4424-85c5-144615288ec0,CUS-00063,137.76,bank_transfer,Kano,Kumbotso,a36558e5a3b91b6e,2025-02-09 21:17:03,21,6,False
55484df3-510d-4f68-935d-f978761efc7c,CUS-00389,78288.12,mobile_money,Benue,Benue-Central,3433de2d776d5914,2025-02-09 21:17:54,21,6,False
f374eb4b-3b36-4e47-b352-fee7308263a9,CUS-00103,4712.66,mobile_money,Abuja FCT,Kuje,f6171ccce20fcaeb,2025-02-09 21:25:30,21,6,False
df7ca3dd-ee1d-479e-977e-1f20f01e7765,CUS-01400,3694.88,pos,Lagos,Ikorodu,5cde144e0f72a982,2025-02-09 21:26:06,21,6,False
fe5c3fd2-2162-46fd-b062-8f3dc46aa2a4,CUS-00342,3761.63,pos,Lagos,Kosofe,1ef61af4ad918042,2025-02-09 21:26:49,21,6,False
1b51ff90-ff34-48e8-950e-7b3c2f3b49f3,CUS-01858,1447.57,pos,Borno,Borno-Central,b8cde3602eceb2be,2025-02-09 21:37:00,21,6,True
a3d2cc94-4bfd-4220-ac4f-a775c8def632,CUS-01085,10876.53,mobile_money,Abuja FCT,Gwagwalada,015ee05e5160a433,2025-02-09 21:37:21,21,6,False
100c3a8c-db20-4ffd-aec3-47595fccd933,CUS-00026,6712.3,mobile_money,Lagos,Ikorodu,f906aed94ac545a4,2025-02-09 21:57:46,21,6,False
2cf607e7-00e5-4fc4-a397-6884f7c2c1fb,CUS-01060,672.31,pos,Kebbi,Kebbi-Central,b82de4bf598b7a40,2025-02-09 22:19:31,22,6,False
4840d9df-0d1b-46f5-bce5-47ae36b884ba,CUS-01548,2238.31,pos,Lagos,Ikeja,4c6c2fda7eb08019,2025-02-09 23:25:00,23,6,False
2eac1fc0-9749-49ab-ac0a-3e355c084365,CUS-00929,2776.35,pos,Kano,Fagge,395eff550cc0a560,2025-02-10 02:07:21,2,0,False
0d93e1a5-ade8-4fca-a6ee-5ade865db462,CUS-00925,1916.79,ussd,Lagos,Lagos Mainland,2cefba7709b5a566,2025-02-10 02:15:50,2,0,False
19fffdc9-ecdf-4a1d-bf21-ddf79d01dea0,CUS-01091,754226.2,bank_transfer,Delta,Warri South,6b596a85b2b7d24f,2025-02-10 02:48:00,2,0,True
12d9591a-96f9-4aab-8431-fbed9ca03bff,CUS-01524,4891.82,pos,Abuja FCT,Kuje,e9b082843f2915d1,2025-02-10 03:12:34,3,0,False
dcf312d3-6b5d-43a4-846f-390af997c3d1,CUS-01321,4118.88,pos,Lagos,Mushin,13cdbc6936f7c1bd,2025-02-10 03:53:31,3,0,False
2c4521c8-0f30-4dbe-993a-373cbb6ebab5,CUS-00148,407704.98,bank_transfer,Lagos,Eti-Osa,60928649e7eb9481,2025-02-10 04:26:00,4,0,True
c1e7f80f-6967-453d-a834-1b528f1939f2,CUS-00110,75949.93,bank_transfer,Kano,Fagge,ec463c226c5edd40,2025-02-10 06:07:00,6,0,True
3bd16168-a6d0-41fc-869b-3eff610ceaf6,CUS-01747,42655.34,mobile_money,Kano,Kumbotso,cc8cc73d43d1ea71,2025-02-10 06:20:52,6,0,False
8c501075-e147-4fc8-9094-e4b0fb177a59,CUS-00110,43109.13,bank_transfer,Kano,Nassarawa,ec463c226c5edd40,2025-02-10 06:21:00,6,0,True
490a83ba-39aa-4e74-9c86-458b37238d4d,CUS-01773,179.67,mobile_money,Cross River,Cross River-Central,c0784cb07cd5f0e0,2025-02-10 08:00:00,8,0,True
6e89f584-a5b3-43ae-93ea-e01e6022f8a3,CUS-01773,246.57,ussd,Cross River,Cross River-Central,c0784cb07cd5f0e0,2025-02-10 08:10:00,8,0,True
abf62bed-f1e3-4c99-994d-bb8f4885c533,CUS-00020,3310.08,card,Kaduna,Kaduna South,17432577a0f31ee4,2025-02-10 08:12:08,8,0,False
25b3bb14-8227-4a4a-a2a9-62d8f16a02e4,CUS-01773,374.9,pos,Cross River,Cross River-Central,c0784cb07cd5f0e0,2025-02-10 08:30:00,8,0,True
0d2eb870-4243-4916-b5ac-d638b8529569,CUS-01773,216.06,mobile_money,Cross River,Cross River-Central,c0784cb07cd5f0e0,2025-02-10 08:43:00,8,0,True
26e0b019-da65-4b47-9e47-c83854260b52,CUS-01773,248.76,mobile_money,Cross River,Cross River-Central,c0784cb07cd5f0e0,2025-02-10 08:49:00,8,0,True
60ce434c-9e44-4acc-b724-3d16979e7c45,CUS-01773,247.09,pos,Cross River,Cross River-Central,c0784cb07cd5f0e0,2025-02-10 08:52:00,8,0,True
0d75a6dd-c8c8-41a5-84b1-73a81b0dfc4d,CUS-01201,4356.8,bank_transfer,Abuja FCT,Municipal,482ab1a361688438,2025-02-10 09:00:00,9,0,True
0406e651-229d-45e7-89c9-450cc114102a,CUS-01201,64000.48,pos,Bayelsa,Bayelsa-Central,482ab1a361688438,2025-02-10 09:18:00,9,0,True
548aa915-0fb3-4756-be8e-b1c1f687e665,CUS-01271,367.73,pos,Sokoto,Sokoto-Central,7373474fe2ebb6c3,2025-02-10 09:19:05,9,0,False
5f41b51e-75b8-4b05-8c4f-390c1a7544cf,CUS-01757,31178.32,pos,Abuja FCT,Bwari,2b81d97a0edf05ec,2025-02-10 09:23:19,9,0,False
286124f6-dee6-4357-a2b6-40a238ebc6b2,CUS-01944,885778.71,pos,Imo,Imo-Central,b37b654ece3afc3f,2025-02-10 09:35:37,9,0,False
f906da83-30a4-422b-af4c-746e534ab550,CUS-01266,371.13,bank_transfer,Rivers,Port-Harcourt,e6c1adc6a4af372b,2025-02-10 09:37:09,9,0,False
649d31ca-c41c-449c-aafb-1341a43457e0,CUS-01509,4040.17,pos,Kwara,Kwara-Central,5158872a81a9343c,2025-02-10 09:37:51,9,0,False
ecc6d707-bf60-4d03-ac44-e0e220d4e514,CUS-01777,4624.7,mobile_money,Rivers,Eleme,3b6b26cc8eb04698,2025-02-10 09:42:36,9,0,False
01436bcb-fc5e-4e8e-8e5d-3a03e15f5f5f,CUS-01479,4654.61,bank_transfer,Rivers,Oyigbo,ca1f578fbe8c3972,2025-02-10 09:50:05,9,0,False
4558e89b-7b74-4dd9-b952-e1f44cda4455,CUS-01347,42087.47,pos,Rivers,Port-Harcourt,ec76fa108fd59db4,2025-02-10 09:57:22,9,0,False
c536f7b3-5b33-438a-9f3d-27c1c03e5bf2,CUS-00051,4530.32,bank_transfer,Abia,Abia-Central,a0955d05114e0b7a,2025-02-10 10:00:53,10,0,False
cc5d72c1-5038-45f7-bfef-bbf4c635285d,CUS-01772,79467.65,pos,Niger,Niger-Central,19b1abc87809440d,2025-02-10 10:02:22,10,0,False
efe7d3d3-c85a-4a1b-9544-97a0d8bc350c,CUS-01521,226.99,ussd,Gombe,Gombe-Central,8a4f89454d8ec02c,2025-02-10 10:02:47,10,0,False
3a8be5ce-053d-4c4c-b6c3-6ba807e188ba,CUS-00439,97077.28,pos,Lagos,Surulere,602b25072990d14e,2025-02-10 10:06:05,10,0,False
04e952f2-c811-4e2b-9e2b-7cf1bcd26719,CUS-01680,1938.9,pos,Kano,Fagge,5b6d9e25e5985abb,2025-02-10 10:07:29,10,0,False
e2f644a1-3cfe-491d-9dd2-e019a045876d,CUS-01086,3168.75,bank_transfer,Kaduna,Kaduna South,bc03b7ced93c35fb,2025-02-10 10:14:27,10,0,False
55f1dbe9-e5e6-42b8-9015-02f137f6dcdf,CUS-00477,50.3,mobile_money,Oyo,Ibadan South-West,4a04eeeb911cfe41,2025-02-10 10:17:04,10,0,False
3b5bd71a-97d1-427b-a944-975e6ddb2ea1,CUS-01479,3229.46,bank_transfer,Rivers,Port-Harcourt,ca1f578fbe8c3972,2025-02-10 10:18:22,10,0,False
928a18e7-06b0-40e7-9f95-7cb3ea435c3b,CUS-01488,195.66,pos,Rivers,Eleme,0a0786a2f6b2a6d2,2025-02-10 10:19:25,10,0,False
f80d7e3d-4d46-4e21-ac83-f62ac80b79ab,CUS-01455,69059.46,pos,Yobe,Yobe-Central,6d93573997f3a028,2025-02-10 10:21:54,10,0,False
6f10feb9-f99f-4397-8ae1-eabb783ecb78,CUS-00242,4668.63,bank_transfer,Taraba,Taraba-Central,3124ecd59d09a780,2025-02-10 10:42:25,10,0,False
82f62dba-1044-4688-a08a-b5f0ce8de901,CUS-00110,36245.41,bank_transfer,Kano,Fagge,ec463c226c5edd40,2025-02-10 11:06:00,11,0,True
c88d228c-a2b0-465a-ac5c-199d511eb6e5,CUS-01895,4829.81,mobile_money,Ondo,Ondo-Central,12f72a7a0931c2d6,2025-02-10 11:23:00,11,0,False
8aca778e-5f45-49d6-8a15-de2830d7c8f5,CUS-00110,249.08,mobile_money,Kano,Kumbotso,ec463c226c5edd40,2025-02-10 11:31:00,11,0,True
4a8f12b6-fedb-4118-8469-3bc35cd3c832,CUS-01952,909.39,card,Kaduna,Kaduna North,0f7239a8ceb8ebdc,2025-02-10 11:35:43,11,0,False
d3de6375-4bac-4453-945b-101cdb206e2b,CUS-00110,63192.38,bank_transfer,Kano,Tarauni,ec463c226c5edd40,2025-02-10 11:37:00,11,0,True
f1bccdce-d224-4549-b46d-ea1fe63ff321,CUS-00757,186.19,ussd,Oyo,Ibadan North,8c3b578b37eec62e,2025-02-10 11:54:50,11,0,False
e4057cac-6e4f-4215-a4d7-3a492d75ad9f,CUS-01886,382.16,ussd,Lagos,Alimosho,fcdeb95d42646c7b,2025-02-10 11:58:32,11,0,False
df4ca8a6-4361-4d02-96b7-b8ad8ed4db65,CUS-00499,4577.08,bank_transfer,Ogun,Ogun-Central,24073aefc48b8a94,2025-02-10 12:00:27,12,0,False
2e5cd0a2-bf30-4189-b3cb-ecb4b2023ba0,CUS-00194,2935.81,pos,Kano,Kumbotso,772c1cdc30b567ac,2025-02-10 12:02:05,12,0,False
bf790166-858d-4830-af34-aad8382a6f9b,CUS-00455,4563.52,pos,Abuja FCT,Municipal,b4c3c4f1112b5142,2025-02-10 12:06:24,12,0,False
65845dc0-4b1e-4056-bd6d-7dc5e0581bd8,CUS-01132,482114.89,ussd,Lagos,Ikorodu,cda0f4186c3affa8,2025-02-10 12:14:36,12,0,False
214b9546-8f64-46f8-abdc-43c2b449d8bf,CUS-00900,142.45,pos,Lagos,Ikeja,d66a452ae977614a,2025-02-10 12:19:42,12,0,False
db143355-a1d5-410c-9be9-06bf1acfbabf,CUS-00339,401.11,mobile_money,Lagos,Alimosho,293ef86bb3ea45e4,2025-02-10 12:58:00,12,0,False
2373a414-06ac-423f-a876-9c573801eb12,CUS-01049,2552.66,pos,Lagos,Oshodi-Isolo,317bf6dcd72d237b,2025-02-10 13:16:02,13,0,False
91c70bc3-1c78-4218-b863-33325dd3db9d,CUS-00573,33937.79,bank_transfer,Enugu,Enugu East,20cc363a9d220ed3,2025-02-10 13:18:55,13,0,False
1b1e527b-d49b-48f6-92dd-7980a720d49a,CUS-00236,97563.2,bank_transfer,Kano,Kumbotso,a5603aec39b63960,2025-02-10 13:21:16,13,0,False
6b395a73-5e3a-422d-8bc0-d322dc8c6423,CUS-01013,2621.45,pos,Lagos,Ikeja,85964e557da03c0d,2025-02-10 13:24:55,13,0,False
18edcd26-e9df-421d-bed6-700929b563bd,CUS-01932,4454.34,bank_transfer,Oyo,Ibadan North,1015c124c9b58be1,2025-02-10 13:28:50,13,0,False
6ba2ac22-1fb9-4c91-94a6-80619037d737,CUS-01142,443.7,bank_transfer,Anambra,Awka South,b4f03bc7e8cf05c0,2025-02-10 13:39:19,13,0,False
a55788c3-82c5-4c1f-a4c0-64695a4ad06f,CUS-01479,33150.66,bank_transfer,Rivers,Obio-Akpor,ca1f578fbe8c3972,2025-02-10 13:48:06,13,0,False
9f6a8260-5f43-4134-89ca-e165b774a845,CUS-00686,2001.42,pos,Enugu,Enugu North,ef089a3243e46f69,2025-02-10 14:00:00,14,0,True
58dc22cc-e04a-42a1-a1ec-7200cfce6528,CUS-00686,1314.56,bank_transfer,Zamfara,Zamfara-Central,ef089a3243e46f69,2025-02-10 14:06:00,14,0,True
24a714e7-55a0-445f-9802-93d128d9d5df,CUS-00785,27964.64,pos,Kogi,Kogi-Central,6292a14b4f110b8f,2025-02-10 14:12:21,14,0,False
e18cd1e2-1070-4fc7-b125-a0051c96ccfd,CUS-00623,4740.72,pos,Abuja FCT,Gwagwalada,49247348eeec8a45,2025-02-10 14:21:40,14,0,False
7d5dd5f0-a250-47c3-a0a7-6bbf36a23ae9,CUS-00110,3578.92,pos,Kano,Dala,ec463c226c5edd40,2025-02-10 14:23:00,14,0,True
526baa55-85e5-4c17-8d5f-43ef94710383,CUS-00227,30443.86,bank_transfer,Rivers,Oyigbo,5520f23bfce438f4,2025-02-10 14:33:27,14,0,False
734de8e8-0ed9-41e3-bab7-c9d830c5378c,CUS-00968,346.32,ussd,Oyo,Ogbomoso,585ed5cc12bc5507,2025-02-10 14:37:47,14,0,False
59157838-c9a1-4aaa-8b80-19aff5b901d0,CUS-00667,81023.79,mobile_money,Lagos,Agege,253d8a4c18d46c1e,2025-02-10 14:39:57,14,0,False
8dce113d-a829-4f5a-8da1-78e257b21fdf,CUS-00311,4447.2,ussd,Lagos,Ikorodu,7642663954311669,2025-02-10 14:41:09,14,0,False
9129aef5-f732-4d04-86b1-2f4df72ebe6e,CUS-01115,86073.26,ussd,Oyo,Ibadan North,8e84f0abbb452664,2025-02-10 14:50:11,14,0,False
5ae5c38c-83ef-4d23-816a-9e3256afa609,CUS-01149,4198.35,bank_transfer,Zamfara,Zamfara-Central,200cf8aca5eef511,2025-02-10 14:54:46,14,0,False
b7aa34e9-dcec-457a-a627-1d9857d201c9,CUS-00765,62178.39,card,Oyo,Ogbomoso,6d0444c4589009d0,2025-02-10 14:56:31,14,0,False
afb09f83-1585-4d36-bcb7-dcba6e3d2d72,CUS-01082,99.58,pos,Rivers,Eleme,ba4abb559ef4a036,2025-02-10 15:22:23,15,0,False
cdd4492f-4d23-42a7-a0fa-00780bfbbb48,CUS-00110,683109.47,pos,Kano,Gwale,ec463c226c5edd40,2025-02-10 15:25:00,15,0,True
8f389112-9258-472a-bd06-9c2e51572f3a,CUS-00110,64038.59,pos,Kano,Gwale,ec463c226c5edd40,2025-02-10 15:31:00,15,0,True
9c36fc2e-54b6-43ff-b6a7-ec91aa0af71a,CUS-00182,2105.72,pos,Adamawa,Adamawa-Central,1ec1fbe050eb7edd,2025-02-10 15:41:12,15,0,False
d3b93683-45e8-4260-965b-b8d5fd8a7202,CUS-01769,507.02,pos,Rivers,Oyigbo,1118a0d8bb9220e4,2025-02-10 15:44:04,15,0,False
bd27bb3d-3cba-4860-b249-0d4dad2fdc3a,CUS-01399,18177.15,bank_transfer,Edo,Egor,916b72d708a6954a,2025-02-10 15:54:31,15,0,False
2dfc4e8d-2658-4f6c-8a50-5904ee82de0a,CUS-01204,27264.37,mobile_money,Abuja FCT,Municipal,7fc10fe4ca5124d6,2025-02-10 16:05:04,16,0,False
03185fe5-6dcf-4ce9-b6a0-017a24ce8b62,CUS-00740,306.07,pos,Abuja FCT,Kuje,3c0b1d114141c593,2025-02-10 16:11:43,16,0,False
5f79976d-89fd-43da-8989-a27d54f16ceb,CUS-00459,95.6,bank_transfer,Lagos,Kosofe,ed4e3fe47d06a4a2,2025-02-10 16:11:55,16,0,False
34902da2-d31f-4c1c-a245-183958d5fccd,CUS-00869,202.42,pos,Jigawa,Jigawa-Central,5a3b21a3a41473f2,2025-02-10 16:22:17,16,0,False
45153adc-e3fd-46b5-8c48-acd68a82ca67,CUS-01047,23311.44,pos,Lagos,Ikeja,645338b224542c36,2025-02-10 16:28:30,16,0,False
ba0a8a57-6bfb-4844-a3ec-4985cb1a38a1,CUS-00224,4441.71,bank_transfer,Kano,Dala,4dcb9c5799d8cfbf,2025-02-10 16:50:17,16,0,False
b4a0084a-d610-47ce-a497-c89397e553cc,CUS-01441,1825.29,pos,Lagos,Alimosho,d64b70861a0a4512,2025-02-10 16:51:26,16,0,False
a89e5d41-83fa-4172-bcd4-d1972c4562ff,CUS-00380,44664.51,mobile_money,Lagos,Surulere,ca9ba6717d98299c,2025-02-10 16:53:06,16,0,False
2232272f-eb05-4f3f-90b5-4620381c26de,CUS-00686,23643.66,pos,Oyo,Ibadan North,ef089a3243e46f69,2025-02-10 16:59:14,16,0,False
229cef5d-9da7-4284-9e2e-2375cbcbea27,CUS-00673,11734.19,pos,Oyo,Ibadan South-West,3ea875182d80dd9c,2025-02-10 17:22:21,17,0,False
44fed968-2379-42e6-9fcb-ddab72c086c4,CUS-01475,38717.71,mobile_money,Anambra,Nnewi North,1982e4149ad2f4cf,2025-02-10 17:28:11,17,0,False
fcaeba65-2651-4e27-a617-8d8abb660ede,CUS-01776,2276.0,mobile_money,Anambra,Nnewi North,7c36fdafee67b187,2025-02-10 17:30:21,17,0,False
484494d8-a1d8-4977-942c-8fb2f10a4564,CUS-00237,82720.08,pos,Lagos,Agege,780e328ca59b422a,2025-02-10 17:35:42,17,0,False
124fdee4-bbed-4269-9223-46d44e79aa0d,CUS-00110,61630.23,mobile_money,Kano,Tarauni,ec463c226c5edd40,2025-02-10 17:36:00,17,0,True
33394347-e945-467c-9ac3-023b5c5c1db7,CUS-00828,2065.78,bank_transfer,Osun,Osun-Central,9a1f4e8803f68e25,2025-02-10 17:37:49,17,0,False
ef0afd84-af2e-44ab-bc20-5659033c137e,CUS-01085,119.4,mobile_money,Abuja FCT,Bwari,015ee05e5160a433,2025-02-10 17:39:04,17,0,False
754cd720-50a3-4cae-89f3-4d2d3c9a5681,CUS-01844,78827.82,pos,Jigawa,Jigawa-Central,1c72f4beb92ebf41,2025-02-10 17:42:14,17,0,False
2882e647-158a-4689-8e31-50c1e36c3cdf,CUS-01081,1577.32,mobile_money,Lagos,Lagos Mainland,d32760edf470473b,2025-02-10 17:44:56,17,0,False
d801df2c-3a1b-4fe4-954e-9b878fc5d789,CUS-01735,753.28,bank_transfer,Niger,Niger-Central,135744da84d71688,2025-02-10 17:52:12,17,0,False
922a4803-586e-4a68-8e2a-fdaaf78230f3,CUS-00158,27060.11,bank_transfer,Lagos,Agege,917312f18359f92b,2025-02-10 17:52:32,17,0,False
c65b50e9-eaac-4509-9824-072a59a8c0cf,CUS-00605,684460.42,bank_transfer,Abuja FCT,Gwagwalada,8cb5ca4807fafe31,2025-02-10 17:58:25,17,0,False
f25235db-3160-40cf-bc69-b3ee7ab8ca33,CUS-00274,3451.53,pos,Abuja FCT,Bwari,0043d9354f88a060,2025-02-10 18:02:35,18,0,False
bc474162-beab-4b32-8cd5-790d8b7f97e8,CUS-01823,236.3,pos,Abia,Abia-Central,7549cb46f8c38da9,2025-02-10 18:09:57,18,0,False
77871e63-e69e-4fe6-ab0a-713c774c44ea,CUS-01665,295.39,bank_transfer,Borno,Borno-Central,f822c218fdd2c293,2025-02-10 18:12:54,18,0,False
f859e0b8-d418-4545-9564-5d02b3987cee,CUS-00557,317.36,pos,Lagos,Ikorodu,07fc4697d947a08e,2025-02-10 18:16:54,18,0,False
5b226f39-6636-453b-abdb-498f51f9ac57,CUS-00108,486.78,pos,Lagos,Alimosho,058ea72f6a7c91eb,2025-02-10 18:24:21,18,0,False
a65355d9-4731-4fa6-9c5f-f95943056b35,CUS-00513,1882.44,bank_transfer,Zamfara,Zamfara-Central,cd2355238b6c4a61,2025-02-10 18:26:56,18,0,False
39f6d51e-47d1-4aa2-ba8f-d72e3c0527d2,CUS-00468,246.53,bank_transfer,Lagos,Kosofe,f54dd81c44ddef39,2025-02-10 18:29:01,18,0,False
ad16d506-d3af-4e45-97c3-cbe68c843597,CUS-01188,3027.21,mobile_money,Kano,Fagge,fe8326e203ab14be,2025-02-10 18:30:32,18,0,False
7c6337a0-14a0-4699-84cc-201bf3029096,CUS-01551,14891.85,pos,Kaduna,Kaduna North,edf0c9922b691d14,2025-02-10 18:34:52,18,0,False
ec454235-709d-49fc-86ad-8697d44d5e37,CUS-00364,4642.53,bank_transfer,Jigawa,Jigawa-Central,a373311aaf47ce29,2025-02-10 18:53:31,18,0,False
eb1527ed-64dd-4c0d-80f2-eaad628081d1,CUS-00050,2928.62,bank_transfer,Bayelsa,Bayelsa-Central,41aa6cad1ff50928,2025-02-10 18:53:54,18,0,False
790ea6dd-bfb5-4682-bbe1-7ec0b71de5e4,CUS-00810,3768.61,pos,Ogun,Ogun-Central,a332946e2cb208bc,2025-02-10 18:59:07,18,0,False
6557088b-1e86-4865-aa2f-6ac5f62b0b23,CUS-00110,29756.11,bank_transfer,Kano,Gwale,ec463c226c5edd40,2025-02-10 19:09:39,19,0,False
3dbbdff2-ab45-4d53-8fea-283b542d3efb,CUS-01101,474.88,mobile_money,Akwa Ibom,Akwa Ibom-Central,5dbe810827f42c87,2025-02-10 19:22:37,19,0,False
9fdb1764-5379-4fa6-b60d-5ba0e7a15d72,CUS-01033,72294.1,mobile_money,Lagos,Ikeja,3fe6d62b7438da14,2025-02-10 19:43:24,19,0,False
43451c69-27b9-40c9-8894-725c2fd63858,CUS-00873,86190.06,bank_transfer,Rivers,Eleme,bedd2a3af7208a8a,2025-02-10 19:49:43,19,0,False
56e62e98-faf2-48e5-b3a2-b8b23820e621,CUS-01225,60870.14,ussd,Enugu,Enugu East,a1e9aec4d038252e,2025-02-10 19:52:27,19,0,False
009e7a1a-0848-4e34-b693-4ab5552c728d,CUS-01419,2215.14,pos,Gombe,Gombe-Central,6afa9c9e3a1afd35,2025-02-10 19:56:13,19,0,False
30984cd6-2d1d-4875-a281-52070d0895a1,CUS-00453,68294.99,pos,Kogi,Kogi-Central,540bb66ff44d3712,2025-02-10 19:59:19,19,0,False
3d53d9b0-f572-4637-835e-8ff77df40f70,CUS-01095,4429.08,mobile_money,Lagos,Ikeja,9ac4df5dd4c901ee,2025-02-10 20:01:07,20,0,False
d11f727f-1438-4649-84ff-21b6abe70f53,CUS-01883,1347.59,bank_transfer,Kwara,Kwara-Central,2ae91dfda8953f4b,2025-02-10 20:05:15,20,0,False
14946cc6-51f1-4ce3-89d8-3a1f1d3709ea,CUS-00412,44589.99,bank_transfer,Katsina,Katsina-Central,63beaf11e000fab8,2025-02-10 20:05:16,20,0,False
0591a6f9-2b3e-4a7e-a574-8ce8addf8cb3,CUS-00110,1847.49,bank_transfer,Kano,Kumbotso,ec463c226c5edd40,2025-02-10 20:18:00,20,0,True
662c5c85-f06f-4d46-9f44-31ae68151502,CUS-00623,187918.91,ussd,Abuja FCT,Bwari,49247348eeec8a45,2025-02-10 20:22:11,20,0,False
1d131b07-772b-4716-9982-9e4b2dc75558,CUS-00808,249.73,bank_transfer,Abuja FCT,Municipal,69dd324fb440fa06,2025-02-10 20:28:57,20,0,False
ca3aa90a-9fdb-491f-a7b4-850eef59c844,CUS-01021,58327.45,bank_transfer,Kano,Fagge,a14fbfe3ea501645,2025-02-10 20:42:16,20,0,False
67b656a5-eb27-412a-9221-f93888686d45,CUS-01458,91095.75,mobile_money,Lagos,Ikorodu,c18dc73f7df72ee5,2025-02-10 20:54:19,20,0,False
cd8dfdb0-0e35-467f-abf8-e91b85aae351,CUS-01936,3441.61,card,Oyo,Ibadan South-West,75054c6e04621ec8,2025-02-10 21:00:00,21,0,True
852cc564-12e6-4e34-81e9-aef9f0a6399e,CUS-00110,3037.05,pos,Kano,Gwale,ec463c226c5edd40,2025-02-10 21:02:00,21,0,True
7d792bf1-b7f1-433a-90a3-286266a9f28d,CUS-01777,843806.1,bank_transfer,Rivers,Eleme,3b6b26cc8eb04698,2025-02-10 21:04:06,21,0,False
dbc6cf51-b478-4b76-af55-99da2eb28d29,CUS-00003,839.49,pos,Kaduna,Kaduna South,18718776213837dc,2025-02-10 21:07:13,21,0,False
e492dfd0-8707-4581-90a3-6b5f304c28f8,CUS-01936,41163.99,ussd,Adamawa,Adamawa-Central,75054c6e04621ec8,2025-02-10 21:16:00,21,0,True
59e675e3-0eb9-4341-81f2-9ed69ff922df,CUS-01453,4156.21,pos,Oyo,Ogbomoso,fee6248a5b22adcf,2025-02-10 21:26:46,21,0,False
2bc41950-42bf-4e43-87c6-72dd59325a63,CUS-00178,1153.83,ussd,Gombe,Gombe-Central,ae961792de3c8d29,2025-02-10 21:28:45,21,0,False
12c1a246-111b-474f-ae96-a6c8c7e48927,CUS-00394,226.97,ussd,Kano,Tarauni,ae69715490e1d162,2025-02-10 21:38:00,21,0,False
fb31a7d6-a4e9-40ed-8fd5-666bfd5257e6,CUS-00986,978.35,pos,Anambra,Nnewi North,b35f0ea93c48677d,2025-02-10 21:40:46,21,0,False
8c8f3bbc-3453-4d05-936f-7f3c80097ba9,CUS-01721,389.74,mobile_money,Lagos,Kosofe,2c0eac63a6a92e4e,2025-02-10 21:43:00,21,0,False
55d175fd-553a-4c02-aa80-f1e2ffbe59e6,CUS-01213,68.87,mobile_money,Imo,Imo-Central,762447a64e707775,2025-02-10 21:47:46,21,0,False
4de65009-36c7-4746-a415-88b5e20691bf,CUS-00422,31523.16,mobile_money,Lagos,Agege,ed6303f978217ba5,2025-02-10 22:32:25,22,0,False
83fdf682-9c48-4382-aed7-2b59fcddff31,CUS-00110,8111.31,mobile_money,Kano,Nassarawa,ec463c226c5edd40,2025-02-10 22:41:00,22,0,True
18240fca-8639-40a1-8219-edf6cbfc3672,CUS-00062,220.22,mobile_money,Plateau,Plateau-Central,97c2d31f69cba6c7,2025-02-10 22:58:08,22,0,False
034ad553-e6ff-4e42-9d31-b95c2d0eb300,CUS-01774,30317.63,mobile_money,Imo,Imo-Central,4416a81ac3c26ad7,2025-02-11 00:18:14,0,1,False
eaaf9ee9-115d-44d4-aadd-9828fe8caee1,CUS-01801,395.07,mobile_money,Osun,Osun-Central,8f779f94f9d34410,2025-02-11 00:29:29,0,1,False
40bd300c-dc4c-41db-b9fc-eb4ded8b8055,CUS-01738,458.06,mobile_money,Rivers,Obio-Akpor,a1b70eee008f9afd,2025-02-11 00:50:39,0,1,False
fd0539e1-cff4-4a81-8d3b-3ff3d787aa21,CUS-01426,1875.09,bank_transfer,Lagos,Kosofe,3bf75e734c5b5dd8,2025-02-11 01:03:55,1,1,False
16d59e8a-0346-4f1e-b3c3-20276e0a24ba,CUS-01082,121828.97,bank_transfer,Rivers,Oyigbo,ba4abb559ef4a036,2025-02-11 01:17:40,1,1,False
df80529c-d2b0-4b2b-861d-bd67a98ffb80,CUS-01693,429325.14,bank_transfer,Lagos,Eti-Osa,453f90468efd2c59,2025-02-11 01:20:00,1,1,True
3d0e96f6-add1-414f-8605-556b1f8d1ea0,CUS-01581,349.74,mobile_money,Rivers,Oyigbo,5a9b85d7ec8f8562,2025-02-11 02:30:03,2,1,False
540327d8-e2ad-4afe-a152-189367ff17d5,CUS-01238,81910.54,bank_transfer,Akwa Ibom,Akwa Ibom-Central,4f2883e80ffbe344,2025-02-11 03:42:15,3,1,False
18a159ad-ef10-4b69-8c6f-77d3f6ea58f0,CUS-00597,1138.11,bank_transfer,Lagos,Oshodi-Isolo,c0926ee4a0783d90,2025-02-11 04:16:33,4,1,False
aff2909d-0fe9-4538-a554-baa9ff1448eb,CUS-00472,269.59,ussd,Lagos,Ikeja,56988587362d6b60,2025-02-11 04:17:03,4,1,False
63f0d7e9-3a47-4694-90f9-795e221d864c,CUS-00855,4875.5,bank_transfer,Lagos,Lagos Mainland,c708ef9fa6a48519,2025-02-11 05:25:30,5,1,False
5b037e5a-e505-46a0-a74b-289ccdb8114f,CUS-00990,841761.27,pos,Imo,Imo-Central,867cc7228b2daf96,2025-02-11 05:37:30,5,1,False
a8d155e8-dee6-4a62-ab1a-69ebad46dbdd,CUS-00409,891279.54,bank_transfer,Lagos,Kosofe,7edcbf54bb8a31ff,2025-02-11 06:02:30,6,1,False
7d47f816-2ef5-4f0c-91bd-ca1b39d32802,CUS-00722,3250.2,mobile_money,Lagos,Lagos Mainland,c446e12fd8320bf5,2025-02-11 06:15:34,6,1,False
3826e5e2-cabe-4765-8f0f-a0170d8e34f6,CUS-01489,459.32,bank_transfer,Abuja FCT,Gwagwalada,b730deac81a141a4,2025-02-11 06:37:03,6,1,False
7540dd86-9e00-4a16-96a6-07d454e05045,CUS-00655,99395.47,bank_transfer,Lagos,Kosofe,26ac79b417ba3035,2025-02-11 06:52:46,6,1,False
9ea02701-6d55-4e4d-98c9-1588993025b7,CUS-00280,93944.64,card,Niger,Niger-Central,4698ff1ae54f33d7,2025-02-11 07:03:00,7,1,True
c5a2bc77-50ec-4253-901f-e118cd82f35c,CUS-00990,289.95,mobile_money,Imo,Imo-Central,867cc7228b2daf96,2025-02-11 07:28:59,7,1,False
cb3a22c5-9881-4aeb-93ad-894089cb00f0,CUS-00877,17781.65,pos,Delta,Uvwie,dbdece7179f3f47e,2025-02-11 08:56:30,8,1,False
0540029f-d495-4ad0-b62c-892ec02bc307,CUS-01312,3299.71,mobile_money,Lagos,Mushin,b0dab1b406b7d200,2025-02-11 09:00:00,9,1,True
9048700a-2b1f-423a-ab6e-e39c3220e3c5,CUS-01098,135.92,pos,Abia,Abia-Central,311eb4d69dc7f861,2025-02-11 09:02:27,9,1,False
5dd0c503-1dd7-44e2-a1d6-3074096bce10,CUS-01312,3030.6,pos,Yobe,Yobe-Central,b0dab1b406b7d200,2025-02-11 09:06:00,9,1,True
5105c063-f0e1-4521-b269-649619c5deec,CUS-01341,4009.59,bank_transfer,Abuja FCT,Kuje,0d563df55e953b63,2025-02-11 09:13:09,9,1,False
e8ffb026-d0df-4f9f-ac76-676d7257f20c,CUS-00147,1540.57,pos,Abuja FCT,Kuje,8331c4185bef5711,2025-02-11 09:31:31,9,1,False
75e13ef2-ac99-4f16-a743-ecf24afed512,CUS-00083,1942.55,ussd,Lagos,Ikeja,d08d1bc4a38fcfc5,2025-02-11 09:33:55,9,1,False
872cef1c-af95-453f-84db-d75d10eb7d08,CUS-01601,491.35,bank_transfer,Kano,Kumbotso,9247a632e0a859b9,2025-02-11 09:45:06,9,1,False
808df430-0b0b-4617-84c5-766bfcc5af64,CUS-00573,19104.99,bank_transfer,Enugu,Nsukka,20cc363a9d220ed3,2025-02-11 09:46:04,9,1,False
b49b5b1d-5590-4ade-bef5-aebd653f0444,CUS-01806,80445.46,bank_transfer,Delta,Warri South,03e3cce37197c2f4,2025-02-11 10:28:02,10,1,False
1e4d7913-17fe-445b-b98e-cb8460aee404,CUS-00976,4622.22,mobile_money,Kaduna,Zaria,a5f4eb10f25d6dd2,2025-02-11 10:53:37,10,1,False
e18887b9-7fe0-452a-8aca-193ed3a76f5d,CUS-01676,5300.62,pos,Lagos,Ikorodu,4cbe72a6e828f405,2025-02-11 10:53:50,10,1,False
b33435b0-359b-4ea5-bd24-f6c3e2198ded,CUS-01361,282.24,bank_transfer,Lagos,Ikorodu,e0a5181f4315f4ad,2025-02-11 10:57:37,10,1,False
5e77c96e-3329-4829-a7c9-3759efd530d7,CUS-00280,87.33,bank_transfer,Niger,Niger-Central,4698ff1ae54f33d7,2025-02-11 11:09:00,11,1,True
287a9917-bd37-4185-b929-b3b008c9e0e4,CUS-00016,2068.32,pos,Kano,Dala,8af9389512b674d0,2025-02-11 11:10:37,11,1,False
fa388e00-1747-4b77-bda4-51c0fffff3d8,CUS-00960,158.07,pos,Lagos,Surulere,49ef09fbe609636a,2025-02-11 11:17:15,11,1,False
e3206da4-3e1b-4e82-9be8-3b58dd048586,CUS-00771,4282.55,pos,Borno,Borno-Central,d59a3a8ad97e5503,2025-02-11 11:18:51,11,1,False
6343906b-c9d3-4723-8af5-fc56150f74b3,CUS-00280,981982.56,card,Niger,Niger-Central,4698ff1ae54f33d7,2025-02-11 11:23:00,11,1,True
b2161193-7fda-4291-93b7-da702de451fb,CUS-00882,1687.15,pos,Lagos,Surulere,3d74006a0bf2fcbe,2025-02-11 11:24:18,11,1,False
b175946c-dc39-4ada-aed4-ac880491e06e,CUS-00955,380.76,mobile_money,Rivers,Port-Harcourt,4cbfd8122c26b3ff,2025-02-11 11:24:37,11,1,False
9e2cabfb-8533-4fbd-a5df-9eea30c84eac,CUS-00637,601.56,bank_transfer,Lagos,Ikorodu,f49381118fa43feb,2025-02-11 11:27:16,11,1,False
ca55b84a-3221-464c-be0c-ae9d4207323d,CUS-00713,323.32,pos,Rivers,Oyigbo,93be4c8e97ea3203,2025-02-11 11:34:40,11,1,False
413dac92-8f2a-4cd1-b1eb-537ca7e5ffbd,CUS-00227,1173.27,bank_transfer,Rivers,Eleme,5520f23bfce438f4,2025-02-11 11:40:02,11,1,False
c945595b-c2b0-4b73-b998-b3ca13002ed1,CUS-00007,194.39,mobile_money,Zamfara,Zamfara-Central,d8d2a6dd35f76c1f,2025-02-11 11:47:02,11,1,False
b38a4178-9ef7-4434-b2ba-25453b5cccd7,CUS-00240,1878.32,mobile_money,Jigawa,Jigawa-Central,9d3432010bb1f785,2025-02-11 11:49:55,11,1,False
8f5ab9b3-5351-440d-8d16-90746e30214a,CUS-00164,122896.81,bank_transfer,Lagos,Agege,cb6a2f6a6e372299,2025-02-11 11:50:19,11,1,False
7792326c-a8c9-4213-be50-a9d55e6bffaa,CUS-01848,20516.09,mobile_money,Niger,Niger-Central,d701dbf8c2ff3cf9,2025-02-11 11:58:36,11,1,False
b3ba53be-d066-464c-bdf1-75c25a19c951,CUS-00280,3143.87,bank_transfer,Niger,Niger-Central,4698ff1ae54f33d7,2025-02-11 12:03:00,12,1,True
d0ea0132-1104-4fde-8492-baefb555bc73,CUS-00280,76809.62,pos,Niger,Niger-Central,4698ff1ae54f33d7,2025-02-11 12:07:00,12,1,True
1c5a5871-cbdc-4245-b1f1-eb45dcd92913,CUS-01041,312.79,card,Imo,Imo-Central,e8b1e78dda5fdc05,2025-02-11 12:11:29,12,1,False
f26930f3-308e-4c0c-beb9-f51c479b56c2,CUS-01316,4565.49,bank_transfer,Oyo,Oyo East,e293f6db0961a793,2025-02-11 12:30:59,12,1,False
7d5b78f5-2a9f-461f-843a-7beb2183214a,CUS-01807,1032.05,pos,Lagos,Kosofe,39b75e6bcf7ef405,2025-02-11 12:31:22,12,1,False
ad607085-f1b0-4669-8e30-f6ac11b331c5,CUS-01246,66536.8,bank_transfer,Lagos,Surulere,3fde53d02cb1d927,2025-02-11 12:43:40,12,1,False
b2e44e12-0a5e-4e4d-bfc1-a6f6c017ab21,CUS-00327,168036.29,pos,Kaduna,Kaduna North,83677903174a360f,2025-02-11 12:45:40,12,1,False
a78c5cae-8bd5-4024-9284-22b06bafbf93,CUS-00280,2037.89,bank_transfer,Niger,Niger-Central,4698ff1ae54f33d7,2025-02-11 13:06:00,13,1,True
d1bfb59c-6fd3-4960-a716-6ecc0b2bfedd,CUS-01361,772787.45,pos,Lagos,Oshodi-Isolo,e0a5181f4315f4ad,2025-02-11 13:07:27,13,1,False
987ce8a5-19dd-42bd-b457-137812de2ec9,CUS-00610,2631.22,mobile_money,Lagos,Ikeja,306e315b55aaa9fd,2025-02-11 13:07:38,13,1,False
d0696641-efc8-4fd6-9980-fa661bd218a9,CUS-00312,257.62,bank_transfer,Lagos,Ikeja,3494ed058a6d99ad,2025-02-11 13:11:16,13,1,False
b036efa0-22f3-43c5-a614-b255b66bf8e7,CUS-01739,143.48,bank_transfer,Rivers,Eleme,e0adb1db04a2c04e,2025-02-11 13:19:39,13,1,False
ed54889a-1b2d-4f9a-9727-5e088907a7ad,CUS-00114,4273.46,mobile_money,Enugu,Nsukka,94888243a11da8b1,2025-02-11 13:19:54,13,1,False
c2d084eb-662d-48ed-a2b8-42f15f45d409,CUS-01148,928258.89,mobile_money,Borno,Borno-Central,7dad1b3771045202,2025-02-11 13:22:52,13,1,False
45860be2-1b0f-48d1-8a86-5de42f3a2351,CUS-00761,71685.73,pos,Kano,Kumbotso,9af619d3f3e717ee,2025-02-11 13:28:01,13,1,False
b90a5772-3d74-4d6d-a46e-fab069a79eb5,CUS-01983,389.51,pos,Abuja FCT,Municipal,8d6ee04ebc70075d,2025-02-11 13:33:45,13,1,False
c4e62bb2-0138-4059-8d59-59f4f4ea8ce5,CUS-00280,150820.09,mobile_money,Niger,Niger-Central,4698ff1ae54f33d7,2025-02-11 13:37:00,13,1,True
f51eec3d-db67-4bee-ae3f-b9443081c0df,CUS-00504,37561.99,pos,Anambra,Onitsha North,e3e9b5adc18b4128,2025-02-11 13:51:36,13,1,False
7b7a4432-1b7f-4326-815a-52bcea4dbbf9,CUS-01907,2746.41,pos,Rivers,Eleme,e7b4e56a88b72877,2025-02-11 14:10:47,14,1,False
91488c42-435c-4669-9eb4-43793a2acc0c,CUS-00411,1466.36,pos,Katsina,Katsina-Central,a3aa5c70552aaa99,2025-02-11 14:26:12,14,1,False
799b5f11-ced8-4316-a73e-52ea220e20e6,CUS-01175,299.23,pos,Oyo,Oyo East,576106d204850a52,2025-02-11 14:31:40,14,1,False
72537771-caca-426d-af11-9e27a88dbc7f,CUS-01215,947.97,pos,Lagos,Alimosho,fcf96970900d7074,2025-02-11 14:39:26,14,1,False
83b29af8-1896-43fb-97f2-f8feb2c591c8,CUS-01906,334.18,pos,Cross River,Cross River-Central,9558c6a751953314,2025-02-11 14:51:03,14,1,False
c577d45d-c1b9-42c1-a13f-c0fa3caec973,CUS-00332,55730.89,bank_transfer,Lagos,Mushin,3fe7ddf458a60195,2025-02-11 14:54:35,14,1,False
0d154d26-8bb1-462a-b30a-8e88317a686f,CUS-00114,3845.24,mobile_money,Enugu,Nsukka,94888243a11da8b1,2025-02-11 14:55:21,14,1,False
3197a4fc-4620-4274-b737-731fea1deb6b,CUS-00541,1548.68,mobile_money,Kaduna,Kaduna South,2d27eb65a141ea41,2025-02-11 14:59:23,14,1,False
b9c59786-5294-4d0e-9a35-1147d466edf7,CUS-01618,2408.68,mobile_money,Oyo,Oyo East,a5d3e4c3c00502e8,2025-02-11 14:59:29,14,1,False
2cbb74b2-ca65-41a3-9d00-2168c1fb0768,CUS-00155,3066.69,pos,Lagos,Alimosho,aa41351d7606065f,2025-02-11 15:19:05,15,1,False
2750479e-e600-4a95-ae34-a3c0e6225e51,CUS-00324,252.9,mobile_money,Cross River,Cross River-Central,eadd563a73f69909,2025-02-11 15:42:48,15,1,False
60cf5dc4-4c8f-41e7-8109-e8bdf54ee03b,CUS-00835,225.16,ussd,Rivers,Obio-Akpor,95de52b480063a6d,2025-02-11 15:52:00,15,1,False
8a19712a-1b57-4deb-8f24-901623fa17fd,CUS-01256,52156.6,mobile_money,Lagos,Oshodi-Isolo,ec47f332f0057a59,2025-02-11 16:06:32,16,1,False
e4ad8168-370c-4d62-9403-676b4d0c012b,CUS-01606,368.14,mobile_money,Lagos,Kosofe,9d2943be2622aa4c,2025-02-11 16:18:43,16,1,False
7ab68666-3905-42fa-9ce0-4cc7ac00b965,CUS-01138,33326.51,bank_transfer,Abuja FCT,Gwagwalada,927ad78e9082ea6e,2025-02-11 16:21:26,16,1,False
8cd61c86-7ce2-414c-a227-72bc6e882bd0,CUS-00206,7799.19,pos,Lagos,Oshodi-Isolo,3611e978f2cf6d25,2025-02-11 16:24:03,16,1,False
0cd4fa04-1075-4112-be39-5379facd53ea,CUS-00280,86595.47,bank_transfer,Niger,Niger-Central,4698ff1ae54f33d7,2025-02-11 16:40:00,16,1,True
66decc61-b6a2-4b4a-bf98-62d665f0aedc,CUS-00360,2323.14,pos,Rivers,Port-Harcourt,bdeead7ca8d0d47f,2025-02-11 16:45:35,16,1,False
74065cb6-d658-4672-9471-1475208810b1,CUS-01851,141.08,pos,Benue,Benue-Central,d3e748409aa8c63f,2025-02-11 16:47:30,16,1,False
f129b632-4fca-4523-9b55-c548d963d214,CUS-01232,107.75,pos,Lagos,Ikorodu,3bdc663f1724f3e8,2025-02-11 16:57:00,16,1,False
46c2fbb7-c4f9-4574-bcb2-f3410582a183,CUS-01596,360.13,pos,Kano,Fagge,c8c331c571be68fb,2025-02-11 17:02:42,17,1,False
f924ea15-2499-49fa-9798-e09874802a85,CUS-00219,125.99,pos,Borno,Borno-Central,ab7212d149ded51a,2025-02-11 17:02:43,17,1,False
e525c97a-c156-451d-90b8-7f3e9b678764,CUS-01462,520699.32,bank_transfer,Lagos,Ikeja,0d73f85c4e1721ca,2025-02-11 17:10:44,17,1,False
6f2f0cae-c48f-4151-836b-6754b64b6fdf,CUS-01686,4687.0,ussd,Adamawa,Adamawa-Central,7628d342554142c5,2025-02-11 17:13:27,17,1,False
2cef4b37-fd1d-4837-9f00-31810445decf,CUS-01352,98814.38,ussd,Rivers,Oyigbo,92635ba9f4c8df47,2025-02-11 17:25:50,17,1,False
aad9acaf-55ae-45d3-9232-e251e0dbfcd1,CUS-00280,71995.22,pos,Niger,Niger-Central,4698ff1ae54f33d7,2025-02-11 17:31:00,17,1,True
3a1f43fa-97ba-4e9d-8514-6055f68a55bb,CUS-00541,4166.58,pos,Kaduna,Kaduna South,2d27eb65a141ea41,2025-02-11 17:47:00,17,1,False
1b48a689-c461-4fed-a363-6e66d9e7f841,CUS-00054,400.05,mobile_money,Kaduna,Zaria,77c84a745dfc622a,2025-02-11 17:49:01,17,1,False
65f15653-b05b-4337-955c-9fb7ea104cb3,CUS-00736,36913.79,card,Rivers,Eleme,a1e444919f8015bd,2025-02-11 17:58:17,17,1,False
28527159-de76-49b9-9d11-b54602fab324,CUS-01197,3075.46,ussd,Akwa Ibom,Akwa Ibom-Central,5efac0a27f8fb3df,2025-02-11 18:02:32,18,1,False
3205be76-1f9d-4af2-a590-6580faceef3f,CUS-00411,12166.49,pos,Katsina,Katsina-Central,a3aa5c70552aaa99,2025-02-11 18:02:55,18,1,False
ccf087a0-a467-416e-9ce2-7d610d994678,CUS-01300,3305.92,bank_transfer,Lagos,Mushin,2c4c0203c97a20fc,2025-02-11 18:04:19,18,1,False
0725d070-6377-4209-a570-3426e52fbd87,CUS-01971,89346.93,bank_transfer,Bauchi,Bauchi-Central,f55c7da2f7e80843,2025-02-11 18:07:12,18,1,False
84765f7c-4067-438c-a2a5-42dc69140392,CUS-00390,1802.67,pos,Ogun,Ogun-Central,f236feca84413f89,2025-02-11 18:07:44,18,1,False
89587823-38e5-45ea-b209-6d15d52401a3,CUS-01507,297.64,bank_transfer,Oyo,Ibadan North,f4cf870f53ea4416,2025-02-11 18:22:08,18,1,False
618cbbe7-1b23-4416-9dce-e05f658b0141,CUS-01569,2805.29,ussd,Abuja FCT,Gwagwalada,21d624bef1726de6,2025-02-11 18:34:58,18,1,False
50ab57e7-4111-4f3c-bf1a-4f71a884156f,CUS-01406,4515.9,ussd,Borno,Borno-Central,b14f58c7a95ce377,2025-02-11 18:35:17,18,1,False
68bc4800-b4fd-4f7e-8d19-3828cce733ae,CUS-00161,950.56,bank_transfer,Enugu,Nsukka,60cf3886193024a7,2025-02-11 18:38:45,18,1,False
d5abaced-1697-4faa-bd5f-5a0fadd301c2,CUS-00087,2774.65,mobile_money,Enugu,Nsukka,19e353826f15dcb5,2025-02-11 18:40:43,18,1,False
60e67cde-8f2c-4cc2-8b81-5b782a62f9e7,CUS-00609,446.54,pos,Anambra,Awka South,d1e653e0daf0e6cc,2025-02-11 18:42:04,18,1,False
6afd31de-9e66-495b-91d3-f074251726de,CUS-01397,552587.93,mobile_money,Lagos,Lagos Mainland,0d87b59e6833be9b,2025-02-11 18:51:36,18,1,False
559b8c00-6175-4875-bb52-4bc54281d370,CUS-01852,3742.58,bank_transfer,Sokoto,Sokoto-Central,ac5adcbf4944a58a,2025-02-11 19:15:58,19,1,False
de300d4a-23d0-4be3-8602-e4f0725640e0,CUS-01512,4572.53,pos,Cross River,Cross River-Central,a41949725c54d7c9,2025-02-11 19:18:06,19,1,False
f115c99d-2e8b-4629-b638-3cef518f05ef,CUS-00421,435.78,pos,Imo,Imo-Central,30c2c103147fffc3,2025-02-11 19:18:53,19,1,False
da16a589-2a99-4b0b-a325-21c56ebf9fde,CUS-00280,68.0,pos,Niger,Niger-Central,4698ff1ae54f33d7,2025-02-11 19:27:00,19,1,True
f9e46144-1170-4d37-be9a-477470ae95f5,CUS-00773,135.34,bank_transfer,Rivers,Port-Harcourt,bf57dfc7ac1d19b3,2025-02-11 19:27:39,19,1,False
3198792a-0372-4994-95ca-32d9cc06c164,CUS-01996,90.44,pos,Cross River,Cross River-Central,1c2e0e7a6f265ff1,2025-02-11 19:34:21,19,1,False
38fa1afe-ab40-4e93-ae72-f2e271c737a0,CUS-01859,10668.95,mobile_money,Ondo,Ondo-Central,69ff6246dfa76a1c,2025-02-11 19:34:27,19,1,False
b3276ecd-7077-47f6-ae11-6c5325e1afc5,CUS-00295,3632.85,pos,Abuja FCT,Municipal,3a78603332533436,2025-02-11 19:46:05,19,1,False
1a1bd1d0-e35a-4c86-b437-72a3ace0fdc8,CUS-01157,448794.67,pos,Kebbi,Kebbi-Central,ae8078b42967eb6d,2025-02-11 19:51:58,19,1,False
df2c098e-6881-4c99-b5ea-14b7ee39c04c,CUS-00229,3387.94,pos,Enugu,Nsukka,b213b560d21d418e,2025-02-11 19:54:48,19,1,False
949bf0f6-1a83-4282-ab19-0260b7a00577,CUS-01243,89845.81,mobile_money,Borno,Borno-Central,93484305876b6f42,2025-02-11 19:57:45,19,1,False
eb43b97e-911c-4ed8-8c25-ea70c59a2738,CUS-00097,155.54,bank_transfer,Rivers,Oyigbo,b6d43539671f700f,2025-02-11 20:00:50,20,1,False
7ce093a0-27ab-49a5-b154-79667ee2b01c,CUS-00280,115859.93,bank_transfer,Niger,Niger-Central,4698ff1ae54f33d7,2025-02-11 20:04:00,20,1,True
9f79010d-9a13-4860-92c1-75a2eb14728c,CUS-01544,483.56,ussd,Akwa Ibom,Akwa Ibom-Central,c55413ca9b16fc13,2025-02-11 20:05:13,20,1,False
455af2d1-8b9a-4735-9a31-206322ea44f2,CUS-01814,14018.54,mobile_money,Lagos,Eti-Osa,46056a504b319207,2025-02-11 20:12:23,20,1,False
c6cb9ee0-86c9-4b69-a8fd-67e1f9ce9b7d,CUS-00470,8048.66,pos,Lagos,Alimosho,b0cb7539e22a7ed7,2025-02-11 20:29:59,20,1,False
1d60d98c-9326-480d-a23c-8ae4e3b51287,CUS-00223,55158.45,pos,Rivers,Port-Harcourt,c12a7918695dc12e,2025-02-11 20:30:12,20,1,False
71c954af-b864-4aab-a632-66e62c8fc762,CUS-01845,75176.91,mobile_money,Lagos,Lagos Mainland,c2c002b16c321510,2025-02-11 20:32:41,20,1,False
c31edc00-4cab-4bdc-8c72-ffbebde9bc4c,CUS-01542,70338.44,pos,Oyo,Ogbomoso,61dbec9de8a78651,2025-02-11 20:33:25,20,1,False
793e0225-0ad9-4c88-9e01-fe7a670de45d,CUS-01986,87345.75,pos,Ondo,Ondo-Central,179c3d78f887cc5d,2025-02-11 20:40:33,20,1,False
93fffbea-d4b1-4a31-a53c-fe6025dd26a0,CUS-00354,59429.88,bank_transfer,Lagos,Lagos Mainland,b36159d39ed584a2,2025-02-11 20:48:14,20,1,False
49c1f9dd-851e-48a3-8bc1-50d69ef5017b,CUS-00603,229.17,pos,Lagos,Oshodi-Isolo,bb90dbe9236c1ae4,2025-02-11 20:49:13,20,1,False
48e46ecf-144e-4fc4-9483-6ef84cc30d06,CUS-00220,4137.64,mobile_money,Delta,Uvwie,86abb464750be17b,2025-02-11 20:54:14,20,1,False
0662632b-d53b-4f59-941d-a26d4821928d,CUS-00280,823237.07,pos,Niger,Niger-Central,4698ff1ae54f33d7,2025-02-11 20:57:00,20,1,True
f7c586c7-a35b-4a9d-9f90-d0b07ceb9a82,CUS-01260,119.85,pos,Kano,Fagge,bf2d4785cb46fa2b,2025-02-11 21:00:11,21,1,False
4d5ba0ea-300f-4c2e-a859-1ba4f30b24a6,CUS-00790,1753.24,mobile_money,Lagos,Lagos Mainland,b15e711fa28274c0,2025-02-11 21:00:14,21,1,False
d19b4e02-63fa-43a2-966c-d82a354b2be2,CUS-00672,969.86,mobile_money,Lagos,Agege,13a031b3a7c8fb31,2025-02-11 21:09:46,21,1,False
989e90d7-24a5-4c7d-902a-eb54213b58af,CUS-01056,2298.65,bank_transfer,Kwara,Kwara-Central,396525eee1cf71ee,2025-02-11 21:12:30,21,1,False
8c3c9ec2-875c-4f08-8a8e-e7fba7ffbb40,CUS-00916,52880.92,mobile_money,Kano,Dala,5bd822755a40195e,2025-02-11 21:19:04,21,1,False
317dc6a6-96e8-4934-920b-56287b341cce,CUS-00596,445.93,pos,Anambra,Nnewi North,f7565e7c280c5847,2025-02-11 21:19:42,21,1,False
31f4bc89-4212-4a98-a8d4-5ddb5913da61,CUS-01504,2638.64,ussd,Rivers,Oyigbo,f335f5754e24756b,2025-02-11 21:20:28,21,1,False
827bfb69-b0ef-4f46-b519-33d06a165e9d,CUS-00718,2777.31,mobile_money,Lagos,Agege,c61f22f1a32fbbb4,2025-02-11 21:26:57,21,1,False
5cb95497-1881-4f41-bfac-95fe2ff6d430,CUS-01498,5895.58,pos,Rivers,Eleme,06084f23b47782c5,2025-02-11 21:36:26,21,1,False
688f7be9-80da-479b-994b-7827388bcbdb,CUS-01331,88130.6,mobile_money,Ondo,Ondo-Central,bb02caf3ec8e0b3d,2025-02-11 21:48:49,21,1,False
4bad2fd8-d4b5-4855-8c3f-688332009190,CUS-00602,2671.44,mobile_money,Lagos,Kosofe,2f63c3ceec0cd786,2025-02-11 21:55:14,21,1,False
da4cb7e6-6310-4b7c-b807-47ee88cabdfc,CUS-00280,375.33,mobile_money,Niger,Niger-Central,4698ff1ae54f33d7,2025-02-11 22:08:00,22,1,True
b9a40e5f-904d-4ca4-910a-bc338786744d,CUS-01847,207.01,pos,Lagos,Oshodi-Isolo,c635e7b67ef870da,2025-02-11 23:09:01,23,1,False
71ccbde1-5949-4e3c-a969-ab15eef17659,CUS-00003,61606.57,pos,Kaduna,Kaduna South,18718776213837dc,2025-02-11 23:36:01,23,1,False
1ac564f2-85ae-4b87-b91a-f76671c09304,CUS-01586,202.33,bank_transfer,Edo,Ikpoba-Okha,ac26d5b5ca0ca689,2025-02-12 01:04:10,1,2,False
e4bf69da-8acd-4792-9f08-9aaf48c6146c,CUS-01580,326433.41,bank_transfer,Lagos,Ikeja,e37c823dc8776661,2025-02-12 01:15:00,1,2,True
50790c99-6aa8-46c7-a9b6-839de9f8e38d,CUS-01991,44800.53,pos,Lagos,Eti-Osa,abb9607a0f5b6000,2025-02-12 01:48:24,1,2,False
e00fb08f-99e5-4ce7-8b07-b0328122f2f2,CUS-00947,931.86,bank_transfer,Nassarawa,Nassarawa-Central,16f02fc59c758e76,2025-02-12 01:56:38,1,2,False
6152c29a-1c19-4827-a808-da0a3334ef6a,CUS-00066,66.34,pos,Lagos,Alimosho,d59b6fcd5f147bb2,2025-02-12 02:20:51,2,2,False
518385f5-e7e7-4fbb-bdd3-b9ac9403ea7e,CUS-00769,29150.69,mobile_money,Plateau,Plateau-Central,2bf4c4b79c399a09,2025-02-12 02:47:20,2,2,False
776af699-b341-404c-9417-834a7181cdf7,CUS-00168,860567.39,bank_transfer,Lagos,Kosofe,ffd3c25c7bec8d15,2025-02-12 03:17:00,3,2,True
b809ef58-7d23-4d64-8b69-eac5a15618e5,CUS-00103,3379.66,mobile_money,Abuja FCT,Municipal,f6171ccce20fcaeb,2025-02-12 03:33:05,3,2,False
dd4ee8af-6916-4169-9322-3c8a9e6dd3e5,CUS-00120,96167.94,mobile_money,Benue,Benue-Central,2aa8167840b42b5e,2025-02-12 03:49:38,3,2,False
d1222d33-a4bc-4a48-8a27-9311307b3d7e,CUS-01323,3784.49,bank_transfer,Lagos,Alimosho,ab9cd435daa247d3,2025-02-12 03:52:18,3,2,False
b92b3eae-164a-43af-b1c2-ce5ab31842d0,CUS-01824,16077.95,mobile_money,Delta,Uvwie,795d3a618ee8a025,2025-02-12 04:11:18,4,2,False
66564288-22b4-437b-8bac-7697287cf159,CUS-00087,54357.68,bank_transfer,Lagos,Ikeja,19e353826f15dcb5,2025-02-12 06:00:00,6,2,True
4b396693-fea1-4e63-8655-5702018c1ad5,CUS-00087,86129.97,mobile_money,Yobe,Yobe-Central,19e353826f15dcb5,2025-02-12 06:05:00,6,2,True
c88a7267-bd08-44ee-995a-c4cf03d151da,CUS-01030,29542.73,pos,Lagos,Alimosho,3eb7598049e53ce6,2025-02-12 06:12:44,6,2,False
0b88d68e-17bb-46e7-8169-a97bc9e6f21a,CUS-01619,240.58,bank_transfer,Ondo,Ondo-Central,12bbf648320e11ce,2025-02-12 06:15:00,6,2,True
05dba6dc-df53-4ad7-a0da-e8d1f99513cf,CUS-01401,74273.7,ussd,Lagos,Eti-Osa,819745d3500a43cf,2025-02-12 06:16:00,6,2,True
0c7b65e6-418e-46e7-8d90-52c1f54743d3,CUS-01152,191.7,mobile_money,Edo,Oredo,72ad6ac72ade3ab7,2025-02-12 06:22:00,6,2,False
375a1f40-ac35-443a-8743-fdd5cce9ae61,CUS-01619,455.49,bank_transfer,Ondo,Ondo-Central,12bbf648320e11ce,2025-02-12 06:23:00,6,2,True
f9fd9d36-273c-4731-b47b-4be02f69a5ac,CUS-01091,2867.02,card,Delta,Oshimili South,6b596a85b2b7d24f,2025-02-12 06:45:44,6,2,False
50ac49ae-1d7c-4c88-9a98-06fdf48b4211,CUS-01619,134.05,bank_transfer,Ondo,Ondo-Central,12bbf648320e11ce,2025-02-12 06:56:00,6,2,True
e3991fc7-36e9-4214-aee2-fe6f9559132b,CUS-01401,159083.73,ussd,Lagos,Ikeja,819745d3500a43cf,2025-02-12 07:12:00,7,2,True
4c308bf6-426b-473a-a6c8-0f3519fb67df,CUS-01737,420.29,mobile_money,Lagos,Lagos Mainland,d65c63cbb8989857,2025-02-12 07:21:37,7,2,False
2834e7b5-c071-4c78-ad36-3cd1767d4bca,CUS-00364,1659.04,bank_transfer,Jigawa,Jigawa-Central,a373311aaf47ce29,2025-02-12 07:31:48,7,2,False
0c591c78-8a3a-458b-bb5f-d0bcc73beab8,CUS-01401,310.73,mobile_money,Lagos,Agege,819745d3500a43cf,2025-02-12 07:47:00,7,2,True
140f648a-b220-4d05-a0a1-d8aac48f7743,CUS-00209,78.78,ussd,Lagos,Eti-Osa,8387c086ce75b96e,2025-02-12 08:04:14,8,2,False
17a90b25-f089-4ecc-9cdc-4226c02908b1,CUS-01619,166.99,mobile_money,Ondo,Ondo-Central,12bbf648320e11ce,2025-02-12 08:11:00,8,2,True
e2403b85-06f4-4ec6-a84b-3583a76042ee,CUS-01824,54747.67,pos,Delta,Uvwie,795d3a618ee8a025,2025-02-12 08:12:59,8,2,False
e06fb8b3-0e8a-4872-acb9-a3226f3a5563,CUS-01619,26369.14,pos,Ondo,Ondo-Central,12bbf648320e11ce,2025-02-12 08:34:00,8,2,True
30045d0b-282c-4df4-898f-0e10b471b6d0,CUS-00314,245.57,card,Bauchi,Bauchi-Central,eb5cac83407b81c2,2025-02-12 09:04:05,9,2,False
c908fa41-794e-49a4-9a8d-b7b721fefd32,CUS-01383,601502.68,bank_transfer,Kano,Tarauni,72e2369e3382312a,2025-02-12 09:08:00,9,2,True
12c4ad82-b8a9-4166-80af-99fe511da47b,CUS-01197,3239.38,ussd,Akwa Ibom,Akwa Ibom-Central,5efac0a27f8fb3df,2025-02-12 09:16:21,9,2,False
d20108ec-bd75-4222-9200-7e7b3773e485,CUS-01476,479.88,card,Benue,Benue-Central,034bbe47deb0873c,2025-02-12 09:21:58,9,2,False
f772a5da-31bd-4cb7-bef9-b0e263d5b57c,CUS-00231,1408.17,pos,Abuja FCT,Municipal,4e6b4b041a5e1044,2025-02-12 09:29:06,9,2,False
c626c064-6199-4e82-918c-693970fdca3a,CUS-01584,2574.3,pos,Ogun,Ogun-Central,afbd85ed89571d3b,2025-02-12 09:35:13,9,2,False
2eb5a04b-5553-49ea-83ac-c214b511fd47,CUS-01401,470.33,bank_transfer,Lagos,Alimosho,819745d3500a43cf,2025-02-12 09:43:00,9,2,True
f94248f3-99e0-4ae5-a2ca-a962c07a3898,CUS-01161,2006.12,pos,Lagos,Agege,eae646070bb9b5a8,2025-02-12 09:45:42,9,2,False
f8f948e3-30cb-45c1-8c58-82de4e075762,CUS-01708,39341.02,pos,Enugu,Enugu North,4211ce21fda32873,2025-02-12 09:48:30,9,2,False
32d03eac-beb1-4c9a-a20c-b03bf084a96b,CUS-01171,3562.07,pos,Ekiti,Ekiti-Central,bc9b058bfcd65ff3,2025-02-12 09:50:45,9,2,False
d6e99392-31cc-4b9d-a385-a826c5ba7bb6,CUS-01686,302.89,ussd,Adamawa,Adamawa-Central,7628d342554142c5,2025-02-12 09:54:38,9,2,False
51913046-d0b7-460e-a455-2c5c34613411,CUS-00442,10538.23,mobile_money,Rivers,Obio-Akpor,b72e75b2e9754cf1,2025-02-12 09:56:52,9,2,False
ba6a302b-f331-4e1b-aef8-bf77b8fbbb86,CUS-01059,569606.29,card,Enugu,Nsukka,e4c835e0fcbbd94b,2025-02-12 10:08:05,10,2,False
1b9db68c-7bce-48b8-b2d6-de23ea8fb48f,CUS-00517,410.49,bank_transfer,Benue,Benue-Central,ae544b55a6d75903,2025-02-12 10:19:46,10,2,False
fc5030a9-c0e3-4669-a97d-f35a7187d78d,CUS-00910,589475.21,pos,Kaduna,Kaduna South,21b2603bae87d119,2025-02-12 10:22:56,10,2,False
b7d3cdc0-4fb5-49b7-b521-417a80b7457c,CUS-01877,55830.53,ussd,Abuja FCT,Kuje,fcd99e89f421daa0,2025-02-12 10:43:15,10,2,False
4a7eebe6-22dc-4a9b-b463-901c5deb04ac,CUS-00524,3076.77,ussd,Bauchi,Bauchi-Central,426c573269cc321a,2025-02-12 10:51:39,10,2,False
8f96ad89-7b95-487c-a5c9-4cfb9db3bcd6,CUS-00988,2743.66,mobile_money,Lagos,Eti-Osa,5cbbf471995adf72,2025-02-12 10:52:26,10,2,False
348e127a-c23c-4256-bcb6-27d78c273647,CUS-01619,96219.27,ussd,Ondo,Ondo-Central,12bbf648320e11ce,2025-02-12 10:53:00,10,2,True
70a3a2ca-0f52-4bb3-b0f1-59854957a5b1,CUS-00168,443.18,mobile_money,Lagos,Agege,ffd3c25c7bec8d15,2025-02-12 10:54:33,10,2,False
3367e57c-c072-4013-889b-803c4582b5cf,CUS-00666,32273.02,pos,Lagos,Alimosho,f78ca29f187b0030,2025-02-12 11:04:06,11,2,False
fa0567b2-59de-4528-8f81-589f0e7580f4,CUS-00003,3493.13,pos,Kaduna,Zaria,18718776213837dc,2025-02-12 11:04:28,11,2,False
ba63722b-cddd-4b15-aa75-bb39588f912f,CUS-01731,13307.76,card,Enugu,Nsukka,82c0069192df81b9,2025-02-12 11:08:22,11,2,False
a7e437c2-8990-4e21-a8bc-9b79fd3fa82e,CUS-01306,101219.09,pos,Ondo,Ondo-Central,5f47559a51fd6588,2025-02-12 11:10:37,11,2,False
4d325e03-9842-484a-8686-23683def0a33,CUS-01941,508.16,ussd,Kano,Nassarawa,9dbbf7c1e6ccee2c,2025-02-12 11:12:05,11,2,False
158bde31-4c87-4ce1-8eea-06f581f8d205,CUS-01669,36684.49,bank_transfer,Plateau,Plateau-Central,07569bc15837dad6,2025-02-12 11:12:30,11,2,False
51d1523e-034b-48c0-9b51-29cbe10f0ce7,CUS-01277,59.91,bank_transfer,Ogun,Ogun-Central,add5c891c349873a,2025-02-12 11:19:32,11,2,False
ac3b98f6-2a73-4e4d-aae4-0661a18b24f4,CUS-01957,3736.24,bank_transfer,Rivers,Obio-Akpor,540af2a595b54ac2,2025-02-12 11:28:03,11,2,False
ce0c7195-1475-4dde-8bec-45d1cf40a6e7,CUS-01840,315.36,bank_transfer,Rivers,Oyigbo,f0a551f0ca70f7b7,2025-02-12 11:40:52,11,2,False
961cb8f8-1284-4b95-b389-87e89fcb6aac,CUS-01037,99370.41,card,Ondo,Ondo-Central,a88d75e7d5798857,2025-02-12 11:52:33,11,2,False
dfca6056-b8e1-4eed-aa45-122c5272afe6,CUS-01283,45699.7,bank_transfer,Enugu,Enugu North,c5bbd7ccda625b32,2025-02-12 12:00:00,12,2,True
b0e4c78f-ebb5-4746-b6a4-7ef0a72aef22,CUS-01920,392.23,ussd,Edo,Oredo,370efba7cf932d32,2025-02-12 12:00:02,12,2,False
6f8bd3ac-5621-4572-adfe-ba5eb8c94bcd,CUS-01283,3175.86,bank_transfer,Zamfara,Zamfara-Central,c5bbd7ccda625b32,2025-02-12 12:09:00,12,2,True
81f3cf8c-5718-4ac5-86d2-c8bc140ec66f,CUS-01803,34451.32,card,Kano,Tarauni,c059c9c5a59923b7,2025-02-12 12:12:46,12,2,False
93f161a6-ee5c-4d4c-9612-45cae549a320,CUS-00514,927.4,bank_transfer,Lagos,Eti-Osa,f596f20231d78a05,2025-02-12 12:17:31,12,2,False
c52677b8-8b31-4b6f-9d5e-b2f81453ac14,CUS-01619,63009.93,pos,Ondo,Ondo-Central,12bbf648320e11ce,2025-02-12 12:20:00,12,2,True
c453e6d4-deba-4751-8914-44f5dd10e53d,CUS-01982,302354.72,pos,Abuja FCT,Kuje,b73ee420f622f6cf,2025-02-12 12:50:41,12,2,False
64890d55-c039-4b68-bd9d-b01bbfc6f665,CUS-01417,2238.27,mobile_money,Lagos,Lagos Mainland,b56e5ca0db4f72a5,2025-02-12 12:52:45,12,2,False
1630c2ec-94f4-4a02-935c-da2ea02c8069,CUS-01944,210.6,pos,Imo,Imo-Central,b37b654ece3afc3f,2025-02-12 13:02:04,13,2,False
2aeeba23-82eb-48d7-893f-ba2dfcf95b76,CUS-01392,85.13,ussd,Lagos,Surulere,4cb534e0ea95a08f,2025-02-12 13:12:22,13,2,False
cc110095-bfb6-4c33-8207-4ffefbe34140,CUS-00786,87619.46,card,Oyo,Oyo East,5a94533355fbe278,2025-02-12 13:24:23,13,2,False
8b98a877-704e-45ec-9e55-4ce34d7e3dfd,CUS-01946,452.8,mobile_money,Rivers,Eleme,8f33926c4fee8d7b,2025-02-12 13:26:07,13,2,False
038284ba-0f00-4993-ac46-a4c497223c33,CUS-00944,33344.9,mobile_money,Lagos,Surulere,50fc92000a61d043,2025-02-12 13:32:40,13,2,False
82ab98dc-ce33-4b53-b2fb-76d226383716,CUS-01845,4672.7,mobile_money,Lagos,Alimosho,c2c002b16c321510,2025-02-12 13:59:20,13,2,False
2b06f420-631b-4062-a1d4-8714da2fce0a,CUS-00544,47883.73,pos,Enugu,Enugu East,7c1e957e56743c52,2025-02-12 14:11:26,14,2,False
3e5ed54c-d73f-429a-8197-e5a21da50ae8,CUS-01447,4309.3,pos,Bauchi,Bauchi-Central,14f7c7965d9a0426,2025-02-12 14:23:12,14,2,False
8ec8af4a-a95c-4864-93ce-e2dd9b80517d,CUS-01988,58397.42,pos,Rivers,Port-Harcourt,888331b4af3c2f9e,2025-02-12 14:25:51,14,2,False
b7d5ed38-30d9-4d8a-a792-82f46c91b976,CUS-01619,4801.18,card,Ondo,Ondo-Central,12bbf648320e11ce,2025-02-12 14:31:00,14,2,True
92c8cb72-9912-494a-9962-b3b2f76e9ec9,CUS-00961,79.98,pos,Kaduna,Kaduna North,53c76254ebe7bddf,2025-02-12 14:38:40,14,2,False
7322b3ba-24e2-4682-8ecf-0aaf3a277931,CUS-01619,2083.13,pos,Ondo,Ondo-Central,12bbf648320e11ce,2025-02-12 14:42:00,14,2,True
2306c1a6-6aeb-453a-a35b-132d2ea40a7e,CUS-00343,61744.94,pos,Rivers,Oyigbo,b4a2de98d30936c5,2025-02-12 14:56:38,14,2,False
bf34f0b1-7453-4a2f-b8f0-d8a64e6d36f7,CUS-00446,1649.25,bank_transfer,Ogun,Ogun-Central,a54ec969ae4fe771,2025-02-12 15:02:51,15,2,False
53d7e834-8730-45aa-b9d6-8f0501f97c72,CUS-00173,4874.57,ussd,Lagos,Kosofe,215dbe62d129810e,2025-02-12 15:13:48,15,2,False
c3093e71-c376-4ee9-9c9c-53eae2434bc3,CUS-00800,21981.13,pos,Edo,Oredo,2cd1fa6472cd8768,2025-02-12 15:13:50,15,2,False
de54913c-d94f-4764-bd49-03c7939947de,CUS-00677,63784.73,ussd,Rivers,Oyigbo,4e9702015e299de8,2025-02-12 15:14:20,15,2,False
fd13dba7-d73e-46ea-9efe-983223d62a3d,CUS-01442,1795.34,pos,Anambra,Onitsha North,5a18b54435835ed9,2025-02-12 15:14:37,15,2,False
6c1f2721-eb4a-4e35-a443-efea17b18e98,CUS-01570,68611.74,pos,Kaduna,Kaduna North,a2271304cc64d363,2025-02-12 15:22:45,15,2,False
eb610cbd-8f3f-4be1-9d68-756468236659,CUS-00819,426.62,pos,Kano,Nassarawa,2dbc5cf713264b24,2025-02-12 15:22:57,15,2,False
abcd17b2-c31d-45cc-9153-ba72c5850598,CUS-01150,834.79,ussd,Edo,Ikpoba-Okha,6a45da23b71f0b13,2025-02-12 15:24:15,15,2,False
7972d8dd-6437-4e4f-bc8c-c4f41eaba5a7,CUS-01771,994716.44,ussd,Abia,Abia-Central,9bef20b0925967ba,2025-02-12 15:38:21,15,2,False
8aaa8c1c-781f-498d-abeb-0f9dab29aa68,CUS-01653,5727.65,pos,Rivers,Oyigbo,497df31f5bea514b,2025-02-12 15:39:47,15,2,False
9bd6a375-7adc-42de-bd71-60131473229e,CUS-01619,488.51,mobile_money,Ondo,Ondo-Central,12bbf648320e11ce,2025-02-12 15:46:00,15,2,True
23f0bee1-0bd3-4997-abb9-9da9b59c63e8,CUS-01619,85641.17,ussd,Ondo,Ondo-Central,12bbf648320e11ce,2025-02-12 15:48:00,15,2,True
61f13f61-0cfb-4aa4-bb9b-121b2732ecfb,CUS-00534,5363.42,bank_transfer,Kwara,Kwara-Central,8b507257f97a6a69,2025-02-12 15:48:34,15,2,False
2d20038b-369c-41d6-baf7-28611d442a12,CUS-01018,2383.27,pos,Taraba,Taraba-Central,b4ff7a153fc4dff5,2025-02-12 15:53:39,15,2,False
b04a0b13-38af-4017-be17-72f12873085e,CUS-01401,2805.81,pos,Lagos,Alimosho,819745d3500a43cf,2025-02-12 15:56:00,15,2,True
02d17b95-10bf-4079-807a-1362cd56856f,CUS-01677,1992.39,bank_transfer,Rivers,Port-Harcourt,283f6dc9c1ece240,2025-02-12 15:58:13,15,2,False
42d3d4bc-8714-4c65-b649-88b1a1555193,CUS-01175,114173.2,pos,Oyo,Ogbomoso,576106d204850a52,2025-02-12 16:04:15,16,2,False
03e5dfb4-1598-4ebc-a0a2-f599149742f0,CUS-01006,86658.51,ussd,Anambra,Nnewi North,91de6e8e293c33a0,2025-02-12 16:14:30,16,2,False
3bf55642-9164-484b-aae4-3ea64cc09fb9,CUS-01701,425.29,mobile_money,Rivers,Eleme,0339e824793d49a0,2025-02-12 16:24:03,16,2,False
57a7398c-15d8-429d-8af1-f8c99255435a,CUS-01905,720.66,bank_transfer,Lagos,Surulere,63c9a98938fd6b95,2025-02-12 16:24:41,16,2,False
09f3b6ca-460a-44c8-bce3-713aeec5387c,CUS-00540,1445.48,mobile_money,Katsina,Katsina-Central,eff3c0ac9d23a694,2025-02-12 16:30:10,16,2,False
c644aea9-dbac-4fc8-9011-1fa47f8e707d,CUS-00374,48115.42,mobile_money,Lagos,Alimosho,398280c5aebe72e8,2025-02-12 16:39:37,16,2,False
af086cdc-a066-4c53-aeb9-fde9ac236b43,CUS-00383,2224.87,bank_transfer,Kebbi,Kebbi-Central,c919c6af242bd317,2025-02-12 16:45:00,16,2,False
8a64d7fd-307d-4f8b-94e6-f318e0fbd8c9,CUS-01206,685990.91,ussd,Anambra,Awka South,f1b490b78701a7d8,2025-02-12 17:08:37,17,2,False
16c6458c-d133-4a62-81c5-cc0a5ecd6f92,CUS-01692,16679.17,pos,Rivers,Oyigbo,5b48574b68806858,2025-02-12 17:16:54,17,2,False
192baf49-8acf-46b6-86f1-bf43cb94fdbe,CUS-00070,2528.6,mobile_money,Abia,Abia-Central,7c295cab1e590026,2025-02-12 17:27:41,17,2,False
c261923a-d98f-4a04-906c-1366a2c6163c,CUS-01619,2568.7,pos,Ondo,Ondo-Central,12bbf648320e11ce,2025-02-12 17:29:42,17,2,False
feba193a-5fc8-4a4a-a3a6-bc615728598c,CUS-01223,240.83,pos,Jigawa,Jigawa-Central,46351918e7e1af5d,2025-02-12 17:31:18,17,2,False
709f46bf-2ddd-4164-8e3d-fcf142d115a2,CUS-00005,3999.45,mobile_money,Lagos,Lagos Mainland,690985c0ae071827,2025-02-12 17:33:01,17,2,False
bf80e095-1655-4b81-b872-8184b73d9331,CUS-01913,3081.54,card,Rivers,Eleme,bdf92898e045a617,2025-02-12 17:40:18,17,2,False
d657917d-345a-4464-ba53-6139cf7321d7,CUS-00422,481.74,mobile_money,Lagos,Surulere,ed6303f978217ba5,2025-02-12 17:43:33,17,2,False
8099f7b5-b950-498d-a07b-57c39324f80e,CUS-00929,58944.89,pos,Kano,Gwale,395eff550cc0a560,2025-02-12 17:46:38,17,2,False
353800c2-1109-4e51-9042-a3146f175cac,CUS-00593,350.4,bank_transfer,Kano,Kumbotso,25ef0841b83617a6,2025-02-12 17:57:39,17,2,False
2a654906-7bcd-46d8-9a75-ce35174b4b26,CUS-00190,519362.92,pos,Lagos,Eti-Osa,2929f682d21c8189,2025-02-12 18:14:39,18,2,False
4f82940c-b307-4b60-a7da-740fa6b661ea,CUS-01401,183.02,pos,Lagos,Ikorodu,819745d3500a43cf,2025-02-12 18:27:00,18,2,True
23bbc496-ffc6-413d-b180-16f23ea50cdc,CUS-00048,95441.91,bank_transfer,Oyo,Ogbomoso,2bed16a79efed2dd,2025-02-12 18:29:42,18,2,False
e2914d0b-6db7-4046-a876-317dec6b00cf,CUS-01095,1753.17,mobile_money,Lagos,Mushin,9ac4df5dd4c901ee,2025-02-12 18:30:24,18,2,False
df68a7bd-3f29-4dd3-8f2c-2860d5e562c4,CUS-01582,284.82,pos,Kaduna,Kaduna North,9974cfb9c458a97a,2025-02-12 18:40:51,18,2,False
9ca4a2a3-769c-4c8f-8b7e-52e227e4e1c8,CUS-01251,256.21,pos,Abuja FCT,Gwagwalada,5a175e48ff0f0f21,2025-02-12 18:57:19,18,2,False
6d386f8f-8b6a-4892-ae3d-4a03f5819bd1,CUS-01619,3045.27,bank_transfer,Ondo,Ondo-Central,12bbf648320e11ce,2025-02-12 19:00:00,19,2,True
2ec2e22b-d34b-4ed7-816d-49eaff5c0042,CUS-00658,435.8,pos,Delta,Warri South,f427466ee9b7df69,2025-02-12 19:15:52,19,2,False
54fb62ca-a00d-4f53-84a8-4aec4b015142,CUS-00674,2089.1,ussd,Rivers,Oyigbo,5c24032e84ba2da3,2025-02-12 19:16:50,19,2,False
787019f4-5658-4bee-b6c9-25f8d9903166,CUS-00041,161.01,ussd,Abuja FCT,Kuje,11d829854838dbdb,2025-02-12 19:17:44,19,2,False
7bc2a057-cf36-40e2-841f-46df9268063b,CUS-01914,372.26,card,Abuja FCT,Municipal,7ee2d4129cfcde8d,2025-02-12 19:26:55,19,2,False
a64bfa52-62f1-4c38-a7b5-0ddd536cd61a,CUS-01070,1284.61,mobile_money,Kano,Kumbotso,33d5e150880b49ae,2025-02-12 19:28:18,19,2,False
80648542-d228-4117-a6dc-cf13414a99b3,CUS-01309,2474.46,bank_transfer,Benue,Benue-Central,3f2e55ad5d711bdb,2025-02-12 19:29:40,19,2,False
59f4b08d-e549-4b45-94f3-f26f08871ab4,CUS-01189,34125.14,mobile_money,Edo,Egor,36f1fd8d7d24e817,2025-02-12 19:32:17,19,2,False
3558f338-5166-4e04-8de0-2a5d504ab2db,CUS-01978,3858.75,pos,Kebbi,Kebbi-Central,c9c94165fe4b9e65,2025-02-12 19:35:50,19,2,False
2017b69f-2d8a-4cd0-9385-f6a133f6b874,CUS-00831,3500.51,mobile_money,Abuja FCT,Municipal,6e4e8493235d07f0,2025-02-12 19:39:32,19,2,False
f082d32c-84d8-486d-b432-cfbb144ffd5b,CUS-00269,169.38,bank_transfer,Kano,Nassarawa,e94f5eada21225d1,2025-02-12 19:44:16,19,2,False
2454a846-7562-4b4e-94b1-bd2e32a021c6,CUS-00148,268.57,bank_transfer,Lagos,Agege,60928649e7eb9481,2025-02-12 19:44:37,19,2,False
78e37bea-3a4d-4adb-91cb-53b7a20a8278,CUS-00654,279.19,mobile_money,Rivers,Port-Harcourt,d80e202bf8770361,2025-02-12 19:49:21,19,2,False
b597af01-b628-44d9-888d-7d38bc0fb99b,CUS-01920,3652.77,ussd,Edo,Oredo,370efba7cf932d32,2025-02-12 20:04:20,20,2,False
9fa3b069-5422-4724-953a-d1e795729ecf,CUS-01686,394.07,pos,Adamawa,Adamawa-Central,7628d342554142c5,2025-02-12 20:17:43,20,2,False
03216d52-fc3f-4ef4-a994-a7d0e822cb68,CUS-01383,3649.2,pos,Kano,Fagge,72e2369e3382312a,2025-02-12 20:18:27,20,2,False
6299afdf-3def-4af4-99f4-5bb0a39c35b3,CUS-00873,91681.69,bank_transfer,Rivers,Oyigbo,bedd2a3af7208a8a,2025-02-12 20:26:36,20,2,False
95342327-d7fd-4db6-9cff-4a48941a3814,CUS-00794,753820.01,mobile_money,Lagos,Mushin,61ad41bfc30e5cd7,2025-02-12 20:27:24,20,2,False
01ba8198-0a26-422e-801d-a47344824e89,CUS-00925,263.46,ussd,Lagos,Agege,2cefba7709b5a566,2025-02-12 20:28:38,20,2,False
ce5710ba-7be3-41d8-b84c-f917546c1c5e,CUS-00602,2396.61,mobile_money,Lagos,Ikorodu,2f63c3ceec0cd786,2025-02-12 20:31:47,20,2,False
5718002b-3423-40e5-a8e2-cb3d4ef5ec03,CUS-01664,83755.58,ussd,Ogun,Ogun-Central,69024d426ea4f554,2025-02-12 20:33:30,20,2,False
f31aad03-ddac-4ec2-9972-e2ec64da5a05,CUS-00311,740.08,ussd,Lagos,Ikorodu,7642663954311669,2025-02-12 20:36:53,20,2,False
9f606709-bbeb-41a7-bb61-14402fca2b6e,CUS-01900,4389.87,bank_transfer,Oyo,Ogbomoso,8be9efcf44f18c7e,2025-02-12 20:37:28,20,2,False
0f00df65-2d9c-47c0-9fef-6e5ffddf4f52,CUS-01401,28874.64,bank_transfer,Lagos,Mushin,819745d3500a43cf,2025-02-12 20:40:00,20,2,True
7d92308b-62fd-4d96-b45e-011c1dc425b1,CUS-01401,1393.26,bank_transfer,Lagos,Lagos Mainland,819745d3500a43cf,2025-02-12 20:42:00,20,2,True
f50e2f7a-a110-45f5-a279-20644ad2c237,CUS-01401,3437.26,mobile_money,Lagos,Lagos Mainland,819745d3500a43cf,2025-02-12 20:46:00,20,2,True
91aef491-9354-43de-9a71-da18370ec8ad,CUS-00547,35533.19,card,Anambra,Nnewi North,4b6eccd02320fe46,2025-02-12 20:54:26,20,2,False
ba363a13-b5e3-4817-bad8-05b9aebd0700,CUS-01644,89762.53,mobile_money,Lagos,Alimosho,4eb0e2d037f0c5a2,2025-02-12 20:54:53,20,2,False
b8c48193-4d00-4757-b8bb-065415cd39f7,CUS-01316,7884.85,bank_transfer,Oyo,Ogbomoso,e293f6db0961a793,2025-02-12 20:55:43,20,2,False
9cb8479f-ca23-426c-a948-4946962e1c01,CUS-01130,3095.76,mobile_money,Ondo,Ondo-Central,00577bc6026132e0,2025-02-12 20:57:57,20,2,False
0e142a9d-a378-43e6-a136-bffb6506946e,CUS-01395,681.56,card,Plateau,Plateau-Central,653cfb57ee19328a,2025-02-12 21:00:28,21,2,False
8df6a85b-a7f0-4af3-8887-5bf479188467,CUS-01237,2753.31,card,Abuja FCT,Bwari,133b472c31a8289a,2025-02-12 21:15:57,21,2,False
78e90a9a-08f5-42c5-b53d-ead201a64ba8,CUS-01751,43642.36,ussd,Lagos,Ikorodu,d7aa67b01e985885,2025-02-12 21:22:41,21,2,False
d9bad208-f0c3-4984-ada4-3087ced86ccf,CUS-01039,52992.67,ussd,Kano,Dala,f45c910b731e4816,2025-02-12 21:44:57,21,2,False
94b36819-dd3c-4be6-b9e8-25f03a0afdf0,CUS-01036,4499.41,bank_transfer,Kano,Kumbotso,2600188299f78a75,2025-02-12 21:45:27,21,2,False
92828aa2-027c-48d7-9b62-1e9686cec2da,CUS-01401,24452.4,bank_transfer,Lagos,Agege,819745d3500a43cf,2025-02-12 21:50:00,21,2,True
cd754cd9-e78c-466c-9c10-8f526340c050,CUS-01436,948.64,pos,Kano,Fagge,407a3276e36403ea,2025-02-12 21:52:27,21,2,False
ee4ee40a-105d-46d2-9c91-41d70a481581,CUS-00514,749.42,bank_transfer,Lagos,Alimosho,f596f20231d78a05,2025-02-12 21:54:28,21,2,False
b716213f-c9c6-47de-aa3d-eed499e94e5d,CUS-00167,2337.2,pos,Lagos,Mushin,1a50db474267137b,2025-02-12 21:55:09,21,2,False
72ec08ef-08f8-467c-990d-171c27e22a61,CUS-01273,372.56,mobile_money,Lagos,Alimosho,4a8421a02c35e770,2025-02-12 22:06:00,22,2,True
559ab0ae-8555-4961-93c4-63f0f9647f97,CUS-01507,1587.27,bank_transfer,Oyo,Oyo East,f4cf870f53ea4416,2025-02-12 22:19:11,22,2,False
bb6b1071-3794-4f58-a1d9-9bb39264ee67,CUS-01273,56.56,pos,Lagos,Ikeja,4a8421a02c35e770,2025-02-12 22:20:00,22,2,True
437fd78e-e546-4f06-8440-080f70615b4f,CUS-01273,232.33,pos,Lagos,Alimosho,4a8421a02c35e770,2025-02-12 22:28:00,22,2,True
acf03f1b-c304-410d-924e-727b0f52c32f,CUS-01619,370.22,pos,Ondo,Ondo-Central,12bbf648320e11ce,2025-02-12 22:29:00,22,2,True
e36ee824-1507-40fa-ac52-c3ea161d4ae3,CUS-00869,211956.58,pos,Jigawa,Jigawa-Central,5a3b21a3a41473f2,2025-02-12 22:40:23,22,2,False
1ce815bb-7be7-4df4-8a8b-414d2a6ba585,CUS-01273,194.99,ussd,Lagos,Lagos Mainland,4a8421a02c35e770,2025-02-12 22:41:00,22,2,True
20f63dd5-76ff-4d41-a47d-633148bf7665,CUS-01273,400.89,ussd,Lagos,Oshodi-Isolo,4a8421a02c35e770,2025-02-12 22:52:00,22,2,True
eb31cfbd-ac18-4969-9316-4b579fe6397e,CUS-01389,16231.07,mobile_money,Abuja FCT,Kuje,8ad5ba7b72d97c12,2025-02-13 00:34:09,0,3,False
5a9b329a-a032-45a1-bcf2-45dfe613dd14,CUS-01925,3312.2,pos,Lagos,Agege,8723c44e85b37773,2025-02-13 06:43:16,6,3,False
5959f92c-e8a3-49db-8f65-43c93b5ff2b0,CUS-01810,319.12,mobile_money,Delta,Warri South,2a1448eec0668544,2025-02-13 06:47:02,6,3,False
67eac8c0-5899-4b82-83e6-8e6d1c8f9595,CUS-01198,86184.02,pos,Osun,Osun-Central,01873dcabd0cc646,2025-02-13 06:48:50,6,3,False
a1b0d2e4-9d60-43d3-a7e0-4a342c39d8c6,CUS-00770,136.45,pos,Lagos,Oshodi-Isolo,07ebcbdbcca5ed04,2025-02-13 06:55:11,6,3,False
68c41865-3489-43c1-9e29-2ffb78b28294,CUS-00233,31720.54,ussd,Abuja FCT,Bwari,102c007b0ed18d02,2025-02-13 06:55:48,6,3,False
a6792758-1610-4e0d-9593-d653add3dd2d,CUS-00152,446.28,mobile_money,Lagos,Eti-Osa,d17fff6c596c08d0,2025-02-13 09:13:38,9,3,False
37f3051c-d7fa-4d80-9668-9237b11357f9,CUS-01397,66220.29,mobile_money,Lagos,Mushin,0d87b59e6833be9b,2025-02-13 09:15:55,9,3,False
0901b40e-fc78-4555-9b44-a7d68f0cc530,CUS-00147,4358.14,pos,Abuja FCT,Kuje,8331c4185bef5711,2025-02-13 09:23:53,9,3,False
9a2d9b86-5663-4e98-987a-73a1d5147491,CUS-01496,32848.35,ussd,Enugu,Enugu North,3ac019d4fb43e753,2025-02-13 09:29:46,9,3,False
56c73315-d92c-4624-afaa-76fede6e779c,CUS-01239,62933.54,bank_transfer,Lagos,Alimosho,cbf3ba8a5623bd89,2025-02-13 09:39:59,9,3,False
357da081-ef76-41e6-94d3-a1119fe053b7,CUS-00024,3899.78,ussd,Abuja FCT,Gwagwalada,d95a9bb935b93c8c,2025-02-13 09:41:41,9,3,False
97cca92f-6f32-43ed-ba4a-fca5265f9874,CUS-01963,999040.36,bank_transfer,Rivers,Port-Harcourt,555417b66f8a3e57,2025-02-13 09:53:26,9,3,False
f39e6ba3-5a2e-43b8-8c49-2a8647a0ec42,CUS-00182,67360.04,pos,Adamawa,Adamawa-Central,1ec1fbe050eb7edd,2025-02-13 09:58:02,9,3,False
61cc6385-13cf-4156-817d-739787d661a2,CUS-00904,162474.51,bank_transfer,Rivers,Port-Harcourt,d0e1243f2b62d140,2025-02-13 10:03:30,10,3,False
23218366-f418-4a60-ad9f-139fdd7cf5df,CUS-00214,2237.6,mobile_money,Edo,Oredo,255d60d4db4b17af,2025-02-13 10:04:23,10,3,False
91f98681-7e31-49f3-997b-87115f768f77,CUS-01058,163.78,bank_transfer,Abuja FCT,Municipal,823adada4ab70de2,2025-02-13 10:12:45,10,3,False
22ff7855-f5e1-4b5b-8cb0-0774b2e685ff,CUS-00568,3439.29,ussd,Kogi,Kogi-Central,dcc0efb50bd6ca59,2025-02-13 10:22:24,10,3,False
90afff7a-9026-4634-87d7-001b3ac1ab3f,CUS-00564,169.51,bank_transfer,Kano,Dala,7b60d7573ce6dd3e,2025-02-13 10:33:23,10,3,False
51de3b12-4f6b-454e-8d4f-2215ec96f6cc,CUS-00496,418.07,bank_transfer,Oyo,Ibadan North,9cec30768d8a4bf8,2025-02-13 10:49:50,10,3,False
e186a2c7-836a-4efa-b1f9-aa5d75198b29,CUS-01949,18803.15,pos,Rivers,Eleme,768770528d41dc82,2025-02-13 10:55:20,10,3,False
333d28c2-2c6a-4b42-8945-51054090c0e0,CUS-01674,8966.69,bank_transfer,Imo,Imo-Central,7cf45476250f1cf9,2025-02-13 10:56:02,10,3,False
886476b0-a121-40b1-96f2-a262eeeae652,CUS-00744,129.91,bank_transfer,Lagos,Ikeja,3cefb1dc104151c1,2025-02-13 10:57:37,10,3,False
04cf8c35-801c-4e48-8bce-86ac7aa847fe,CUS-01467,36040.68,mobile_money,Rivers,Eleme,13aeaced423d48ec,2025-02-13 11:11:56,11,3,False
47d5e261-7686-4d42-a408-a7dc97ce6ebb,CUS-00257,3023.08,bank_transfer,Edo,Ikpoba-Okha,05b67e1b6e78ab21,2025-02-13 11:18:43,11,3,False
5ec58c1e-305b-412a-9f81-2eb2f102ccc8,CUS-01723,413.86,pos,Lagos,Kosofe,b8469a7d5c27212d,2025-02-13 11:19:49,11,3,False
16ac6a4b-cad0-4d98-8b7d-a6ad5f38dd5a,CUS-01082,162.38,pos,Rivers,Eleme,ba4abb559ef4a036,2025-02-13 11:20:17,11,3,False
5ea3acca-3bd6-43ca-8675-f2bc0b85ffb4,CUS-00089,733.0,mobile_money,Abuja FCT,Gwagwalada,daa8eb1f1afb46f0,2025-02-13 11:20:48,11,3,False
ca396b29-f5dc-4db8-971e-ef49358fbcd2,CUS-00377,446.96,mobile_money,Lagos,Lagos Mainland,404fae11bb5912f0,2025-02-13 11:23:47,11,3,False
24e3947d-6b2f-4dad-8781-a03e46ae814b,CUS-00906,312590.27,card,Plateau,Plateau-Central,98117148c7a5e4fa,2025-02-13 11:26:16,11,3,False
99be16cb-71aa-4de1-8910-62756b782f61,CUS-00907,39370.3,pos,Kano,Dala,5e62317a455c71c7,2025-02-13 11:31:08,11,3,False
100a4044-7fb4-4755-9d9d-116afa7ca131,CUS-00358,2523.29,bank_transfer,Gombe,Gombe-Central,a8241fb952fbd723,2025-02-13 11:32:16,11,3,False
7cc3880a-823e-4f6a-b767-5e0cc177b8bd,CUS-01571,1544.14,bank_transfer,Lagos,Oshodi-Isolo,33e0329d255f3ff7,2025-02-13 11:37:13,11,3,False
e877cb9f-2bd9-4f9b-83ef-7152dfb2eac5,CUS-01212,2248.5,pos,Lagos,Surulere,e5e69af6a4993c4a,2025-02-13 11:52:44,11,3,False
433a3847-5268-4d35-8dc0-eb90ff431e09,CUS-01624,303.16,pos,Lagos,Alimosho,766976ee8cdbe429,2025-02-13 11:59:17,11,3,False
12f0e6be-f2da-4081-87d3-5e7ca89990be,CUS-00085,1953.83,pos,Oyo,Ibadan North,bbe1ca633613948f,2025-02-13 12:00:00,12,3,True
9339fa3a-4455-4371-8f3e-6a74fb1b8417,CUS-01939,89355.91,bank_transfer,Lagos,Surulere,8768ba6957f10aa1,2025-02-13 12:11:12,12,3,False
868c21a6-6b84-4c70-809b-0a227003cada,CUS-00085,56412.06,bank_transfer,Adamawa,Adamawa-Central,bbe1ca633613948f,2025-02-13 12:19:00,12,3,True
28a1c19d-5547-41e5-ad1a-5acaf55a9ecd,CUS-00310,303.58,bank_transfer,Rivers,Obio-Akpor,320091fe12a777cf,2025-02-13 12:24:51,12,3,False
769a2294-47b1-430f-b24a-794a627394e6,CUS-00553,2476.84,pos,Oyo,Oyo East,04817bd46d407d52,2025-02-13 12:28:34,12,3,False
cd36e984-4076-4be1-8cde-ea7d931490c0,CUS-00975,2246.55,pos,Kano,Tarauni,9c502efa00df8d6e,2025-02-13 12:42:48,12,3,False
11cc6770-dd87-4a3c-87c9-59cfd9b63c87,CUS-01167,397.79,pos,Abuja FCT,Municipal,281007905cca8b73,2025-02-13 12:51:25,12,3,False
fd667d93-171d-4070-9572-502b0e31cb27,CUS-01781,38045.03,pos,Kogi,Kogi-Central,7c39e27bdd3e2a60,2025-02-13 13:01:16,13,3,False
59816dbe-b62f-4505-987a-fd4a6fd9dec4,CUS-01396,451.49,mobile_money,Rivers,Port-Harcourt,98610eeb8849a59b,2025-02-13 13:02:09,13,3,False
72eb529f-b124-4052-8b91-e4e3f0112ea1,CUS-01921,500.59,bank_transfer,Lagos,Lagos Mainland,00eff35bca36a5be,2025-02-13 13:13:46,13,3,False
87f563fb-becd-4453-a767-8066d47015ac,CUS-00622,2313.53,bank_transfer,Rivers,Port-Harcourt,7e53a819ad1be8b4,2025-02-13 13:25:28,13,3,False
383bd9ed-20f3-4fdf-bafe-ebf9efc6a1f9,CUS-00012,3101.01,ussd,Bauchi,Bauchi-Central,e79bb123ff92969b,2025-02-13 13:35:55,13,3,False
5e669f53-d826-4774-90b1-429472559247,CUS-00896,519103.13,bank_transfer,Kano,Tarauni,05624b725ce601e5,2025-02-13 13:44:34,13,3,False
938509bb-ed59-4bae-a033-520f4a926c0b,CUS-01919,3343.61,bank_transfer,Rivers,Oyigbo,240b82a80daf923d,2025-02-13 13:48:25,13,3,False
ca0d8cf2-1aac-4289-a84d-7f4a2ed20465,CUS-00203,2904.22,pos,Nassarawa,Nassarawa-Central,28e1a249d12d9596,2025-02-13 14:12:42,14,3,False
5cd06638-861b-4b9f-91c0-83ea7276cf44,CUS-01986,737092.63,pos,Ondo,Ondo-Central,179c3d78f887cc5d,2025-02-13 14:16:13,14,3,False
1bd0fc27-db76-4932-a6fd-1fa424c8a226,CUS-01267,4698.59,pos,Abuja FCT,Gwagwalada,c0e12dd6f7fccc2b,2025-02-13 14:19:09,14,3,False
86740875-633e-4bea-a2e1-49e1a677a0ea,CUS-00034,35537.27,bank_transfer,Akwa Ibom,Akwa Ibom-Central,16d056fcd36c662b,2025-02-13 14:24:45,14,3,False
3906672c-53c8-4e98-9c80-4e15be63937a,CUS-01681,19870.57,ussd,Ebonyi,Ebonyi-Central,90b8992bfab5317d,2025-02-13 14:25:23,14,3,False
5a2b1f0c-13e7-4147-8819-b4aafae37612,CUS-01220,119.63,pos,Katsina,Katsina-Central,a6368f9dab3152f7,2025-02-13 14:28:02,14,3,False
5eaffc17-4c40-4bc9-a221-bdc0cf3eec9e,CUS-00780,4018.05,pos,Edo,Oredo,f51cc411e2fd45d3,2025-02-13 14:33:46,14,3,False
4583e1e7-4202-44c5-93b9-65d4298fd657,CUS-00253,4834.18,mobile_money,Kano,Gwale,9ff58e403109ef30,2025-02-13 14:34:13,14,3,False
ea17f7ef-eded-4f1e-9823-ff3c2da9d837,CUS-00097,1135.46,bank_transfer,Rivers,Oyigbo,b6d43539671f700f,2025-02-13 14:36:23,14,3,False
92a413f9-7b43-445a-b4e7-c554a3a0b96f,CUS-01050,4297.05,pos,Kebbi,Kebbi-Central,457ca2d963b3ad8c,2025-02-13 14:41:56,14,3,False
13d7c6e0-adcf-488f-820c-3bea78e248fd,CUS-00608,5238.33,mobile_money,Abuja FCT,Municipal,c12660b606f8ea6a,2025-02-13 14:43:04,14,3,False
dc6ef686-4140-473c-bd73-95afdf31c699,CUS-00261,3783.78,bank_transfer,Ogun,Ogun-Central,c338947ed685978d,2025-02-13 14:47:43,14,3,False
f7fda61f-e78a-4472-ba53-06686142b9f9,CUS-00374,842.96,mobile_money,Lagos,Surulere,398280c5aebe72e8,2025-02-13 14:48:33,14,3,False
3cd3066f-8a02-4e35-939a-a41f08ed8c51,CUS-00887,57412.38,bank_transfer,Lagos,Eti-Osa,74a921feddc38382,2025-02-13 15:04:37,15,3,False
902237ef-1655-4b7f-9935-fc793436d908,CUS-00480,847.92,pos,Enugu,Nsukka,6c46edee448434ad,2025-02-13 15:09:13,15,3,False
44463375-262d-4013-a71f-1856b0232761,CUS-00057,97225.82,bank_transfer,Lagos,Eti-Osa,7176e72fa68d4e40,2025-02-13 15:13:27,15,3,False
3829b0f4-20bd-416a-8571-f2f2da8f83fd,CUS-00403,358.09,pos,Plateau,Plateau-Central,4cc2a310dd5e1b80,2025-02-13 15:15:23,15,3,False
704f913a-9c0f-4557-bf0b-07ba43d04d34,CUS-00756,1737.58,bank_transfer,Enugu,Enugu East,e37fedd220386e09,2025-02-13 15:15:48,15,3,False
d0258c3b-948d-4840-a3d9-c8bd8868d934,CUS-00085,440.14,pos,Kano,Kumbotso,bbe1ca633613948f,2025-02-13 15:18:46,15,3,False
9fc588a1-7a46-41a8-8fba-30df55c26b0d,CUS-01645,2679.97,pos,Kwara,Kwara-Central,28718c1a00f4bf11,2025-02-13 15:24:32,15,3,False
d0053761-15d7-4a24-a9fd-ed1728510a55,CUS-01487,3547.06,pos,Edo,Egor,8b29f537a5dc9bb1,2025-02-13 15:28:53,15,3,False
45ef0d0a-4b2b-4f4f-8ced-59802afae86c,CUS-01675,25285.15,pos,Kano,Dala,a9e9dac83e68ea24,2025-02-13 15:35:12,15,3,False
29b30dbd-d24d-44a5-a72a-92380eae1556,CUS-00963,10507.57,card,Rivers,Port-Harcourt,073e1605c265b914,2025-02-13 15:37:17,15,3,False
e144c5f3-04f3-45db-8a17-78290fe618de,CUS-01646,793687.04,bank_transfer,Lagos,Oshodi-Isolo,47fd3830210a5886,2025-02-13 15:40:20,15,3,False
7780876f-b38f-4792-93cd-85c8f4c7dc21,CUS-00889,2101.67,mobile_money,Lagos,Ikeja,840f3e716557215a,2025-02-13 15:41:26,15,3,False
3191e968-74eb-4190-ba74-f25d2130cc72,CUS-00280,51.13,pos,Niger,Niger-Central,4698ff1ae54f33d7,2025-02-13 15:47:39,15,3,False
a9e567eb-4094-4f9f-84b7-66c96b8883ab,CUS-01536,2741.1,pos,Lagos,Surulere,72eadab8e3304187,2025-02-13 15:50:05,15,3,False
e8eb3dad-bb93-489b-ad42-a74c30658c99,CUS-00076,52133.35,pos,Abia,Abia-Central,4811e029a88bf94c,2025-02-13 15:53:25,15,3,False
b6d12d89-9584-4799-a54b-9bd88b596b54,CUS-01542,244.42,pos,Oyo,Ibadan South-West,61dbec9de8a78651,2025-02-13 15:55:02,15,3,False
003d00eb-4285-4950-8dbc-f13f7d689741,CUS-01826,35153.51,bank_transfer,Lagos,Kosofe,54fffc21d08a0d8e,2025-02-13 16:01:07,16,3,False
5a4c3fee-250f-4875-818b-f351bb85dc2c,CUS-01258,4929.27,pos,Lagos,Mushin,b76535faa81b1618,2025-02-13 16:05:55,16,3,False
b6f6dba8-cf1e-4bcb-94b1-6391acf03c7d,CUS-00737,87193.13,bank_transfer,Plateau,Plateau-Central,b3fcfe129e0f1e6a,2025-02-13 16:10:13,16,3,False
38ee8e3b-a96c-46ac-9817-83285b9c5a1f,CUS-00103,10468.53,mobile_money,Abuja FCT,Kuje,f6171ccce20fcaeb,2025-02-13 16:10:59,16,3,False
cbfb02cd-224b-4a41-82c8-35fb587b2d53,CUS-00586,83.72,bank_transfer,Lagos,Agege,fd16b5ef53f118f3,2025-02-13 16:38:38,16,3,False
f559d573-9cef-49f7-8dd5-26bc05a3b505,CUS-00307,53366.47,bank_transfer,Kano,Fagge,6d0a82c927ff5ec6,2025-02-13 16:39:23,16,3,False
8373f939-2388-4031-a691-df96259fa324,CUS-01616,122.41,bank_transfer,Ogun,Ogun-Central,be333283103f5129,2025-02-13 16:40:49,16,3,False
7531ec52-c001-461a-9482-99de281a4b53,CUS-01890,772876.82,mobile_money,Lagos,Alimosho,c84a562ccf107b05,2025-02-13 17:11:35,17,3,False
6386e432-6dc0-4923-91ed-ec11df9fd53a,CUS-00542,67463.61,bank_transfer,Lagos,Surulere,bc51b7448e92413f,2025-02-13 17:19:13,17,3,False
6c37cad7-e450-40ea-bfa7-7358e783ab95,CUS-00986,971.23,pos,Anambra,Onitsha North,b35f0ea93c48677d,2025-02-13 17:24:48,17,3,False
a91976db-dc58-4822-ba9c-c643f92ae6b2,CUS-01247,673.96,bank_transfer,Lagos,Mushin,18e92e4979a08146,2025-02-13 17:35:40,17,3,False
61e3a115-aaed-4843-9d46-54dd63af36c3,CUS-01520,941902.9,pos,Lagos,Ikorodu,169f145f9407934a,2025-02-13 17:42:03,17,3,False
a885cdc4-493c-4b5d-a333-6d0c1a38de76,CUS-01915,1950.2,pos,Ondo,Ondo-Central,5df0e6f4ac72dfe8,2025-02-13 17:45:43,17,3,False
6991698f-fa3f-47c9-9500-2e99320d152e,CUS-01420,73592.88,mobile_money,Kano,Gwale,eff694d3bbf74ab9,2025-02-13 17:47:31,17,3,False
64573a00-6d48-4ac3-9619-79c98a325327,CUS-00319,449039.81,bank_transfer,Lagos,Alimosho,75925ee21c9c350b,2025-02-13 17:47:32,17,3,False
3dd6856b-9000-4c1f-9718-8d734179d09b,CUS-00536,17635.99,mobile_money,Borno,Borno-Central,f1abe6723efdbbfe,2025-02-13 17:51:31,17,3,False
5545b7ec-05fc-416c-a99b-cf059a2d4f9c,CUS-01294,236.0,bank_transfer,Imo,Imo-Central,483e21c5ddaeee0f,2025-02-13 17:51:53,17,3,False
803a894e-fbcb-465e-a1bd-faa7b969b5e6,CUS-01204,4918.53,bank_transfer,Abuja FCT,Gwagwalada,7fc10fe4ca5124d6,2025-02-13 17:56:55,17,3,False
5b7b7fd5-8f73-4dae-8efd-4a7246c65377,CUS-01934,43895.8,pos,Anambra,Nnewi North,a9e4a4115fd7213b,2025-02-13 18:02:31,18,3,False
99f14c75-0634-41dc-8d21-7746b20c169f,CUS-01731,323.63,card,Enugu,Enugu North,82c0069192df81b9,2025-02-13 18:07:57,18,3,False
9a724f7c-9200-4850-8b79-08024b3f64d1,CUS-00356,28500.7,ussd,Lagos,Lagos Mainland,887a44be65fd4c5e,2025-02-13 18:18:31,18,3,False
f1328e65-9cc2-4757-a208-88cecb52cd3c,CUS-01594,1231.32,bank_transfer,Ondo,Ondo-Central,6a53bf463fa62fda,2025-02-13 18:30:55,18,3,False
9b53c47c-ec10-4edb-9902-2c101f3f1b27,CUS-01509,212954.33,pos,Kwara,Kwara-Central,5158872a81a9343c,2025-02-13 18:32:10,18,3,False
13bbe489-8fcc-44c5-b3aa-5c24f0c5b28f,CUS-01944,1945.7,pos,Imo,Imo-Central,b37b654ece3afc3f,2025-02-13 18:40:02,18,3,False
22632f44-df18-41e9-8ab4-db453b1192ef,CUS-01919,245955.76,mobile_money,Rivers,Port-Harcourt,240b82a80daf923d,2025-02-13 18:42:29,18,3,False
637bc0e4-6c92-409e-b557-ef92f4c58cf5,CUS-01229,2187.24,pos,Rivers,Eleme,8c91df8008502cf9,2025-02-13 18:47:04,18,3,False
0d7e23cb-85fd-47ef-bae5-2335aba33062,CUS-00989,324.29,ussd,Plateau,Plateau-Central,9f93c7107d5e5ece,2025-02-13 18:48:32,18,3,False
526256fd-d65d-4a70-ae1b-eab6f767744e,CUS-01188,313.14,mobile_money,Kano,Fagge,fe8326e203ab14be,2025-02-13 18:54:40,18,3,False
2314a468-7ac1-4506-badb-16c83bcc7b9d,CUS-01666,197.64,mobile_money,Lagos,Agege,e416fb8749bf1c1c,2025-02-13 18:59:26,18,3,False
1df1bdc1-7c53-4588-9964-ed00778be05d,CUS-00687,19466.02,pos,Kano,Gwale,861f932bcda67d65,2025-02-13 18:59:27,18,3,False
0b9f4f65-042d-4bc3-ac20-16ba3074d055,CUS-00448,3180.03,pos,Rivers,Eleme,b927a8f5291e9e13,2025-02-13 19:02:27,19,3,False
3e828ddd-ee23-4f2b-9f04-c5889d260ff0,CUS-00253,43602.14,mobile_money,Kano,Dala,9ff58e403109ef30,2025-02-13 19:13:41,19,3,False
9f43dcfa-b6e6-4875-b514-810c9727a48d,CUS-00681,255.87,mobile_money,Kano,Gwale,e028fa448514bcde,2025-02-13 19:26:22,19,3,False
90dd75b6-dcf8-482d-a86b-b813d5d6791a,CUS-00009,497263.96,bank_transfer,Edo,Oredo,792f9fd82adeeeda,2025-02-13 19:31:19,19,3,False
723beb61-6a6a-4e2b-be63-93f1f50e9e5f,CUS-00656,60800.57,mobile_money,Kano,Dala,52c7f8207abbb9c3,2025-02-13 19:41:01,19,3,False
8b4c61ce-a30e-4a5c-8811-cd0731516b10,CUS-00450,83449.08,pos,Abia,Abia-Central,866ad03ed8fb0ca4,2025-02-13 19:44:10,19,3,False
1dfd0e90-d759-4b4b-ab03-ef35bd84cc21,CUS-01376,1302.21,mobile_money,Abuja FCT,Gwagwalada,732aaeaa6b024f1a,2025-02-13 19:49:32,19,3,False
22bc53c1-b422-4bc4-8c9c-be24d6f94701,CUS-01169,322.07,bank_transfer,Kano,Dala,adb47e70e5622cfe,2025-02-13 19:51:40,19,3,False
c85e2e96-6961-4aff-9737-d9624d9b27c0,CUS-00880,339.02,pos,Lagos,Ikeja,25e28e5b5ec743d3,2025-02-13 20:04:32,20,3,False
1e34daed-9a4e-4170-82a0-1a3882dc1208,CUS-01384,96153.61,pos,Delta,Uvwie,ddcf9b7246537bb1,2025-02-13 20:05:58,20,3,False
96a88c93-2098-4e2d-83ea-3ac2d5b12586,CUS-00483,50404.48,pos,Enugu,Enugu East,f578d51fdcfff376,2025-02-13 20:11:25,20,3,False
07c675d3-3647-4fd4-8ae9-f7b7f02da7e0,CUS-01142,425422.11,bank_transfer,Anambra,Awka South,b4f03bc7e8cf05c0,2025-02-13 20:28:00,20,3,False
c7638558-eea3-4e34-9d4e-2ce4aedfc04f,CUS-00623,20490.76,ussd,Abuja FCT,Gwagwalada,49247348eeec8a45,2025-02-13 20:50:36,20,3,False
66f2b70e-d68b-45de-acca-9dc3f75e36ae,CUS-00762,34446.66,bank_transfer,Lagos,Alimosho,209d1ceb642d37e1,2025-02-13 21:05:51,21,3,False
bba65388-17bc-4dae-9f2d-6ac1dd28cbfd,CUS-00892,4757.62,mobile_money,Plateau,Plateau-Central,c675c3ac25c15d49,2025-02-13 21:06:59,21,3,False
ed478e9b-c4c1-44e9-aefd-d483b618849d,CUS-00742,140.63,pos,Osun,Osun-Central,c850ae7c8a0b4b55,2025-02-13 21:19:14,21,3,False
c57d40f2-4197-4971-b86b-654f18477145,CUS-01068,59.4,pos,Kano,Nassarawa,8d576c7efcc7de85,2025-02-13 21:26:14,21,3,False
77f77cbc-2931-4c9c-b3cd-484fe3d1e8c3,CUS-01756,908108.29,pos,Cross River,Cross River-Central,4992e34bc44b3870,2025-02-13 21:29:28,21,3,False
06f42c8e-bb07-4883-9baf-3b439f32c782,CUS-00023,170.25,pos,Rivers,Oyigbo,f84e67d217d0d0ef,2025-02-13 21:31:04,21,3,False
9afa8182-0553-4124-b2b0-69136d416cd4,CUS-01542,4058.65,pos,Oyo,Ibadan North,61dbec9de8a78651,2025-02-13 21:39:38,21,3,False
efd9706a-5188-434b-b1c4-4d19cb5cd2dc,CUS-00169,3716.6,pos,Kaduna,Kaduna North,44949f1632f8346a,2025-02-13 21:41:59,21,3,False
211db925-65c1-426c-9df4-c430ab89cf27,CUS-00164,52616.37,bank_transfer,Lagos,Ikorodu,cb6a2f6a6e372299,2025-02-13 21:45:33,21,3,False
f8757ced-0699-4d5a-91ea-76200f88d54b,CUS-00230,620.9,mobile_money,Imo,Imo-Central,cc3a0030906ccc15,2025-02-13 21:45:46,21,3,False
688fbed7-df45-45db-a039-9c5ac91818ed,CUS-01906,435.85,bank_transfer,Cross River,Cross River-Central,9558c6a751953314,2025-02-13 21:50:40,21,3,False
b73c2beb-34f2-4d75-94b0-5ca690b131d2,CUS-01965,84157.32,mobile_money,Kaduna,Kaduna North,9156bf2ac5339cda,2025-02-13 21:54:17,21,3,False
196d5e9b-bcae-474c-b9fb-dcb52266e401,CUS-01947,3986.34,bank_transfer,Lagos,Alimosho,4c7b689cb13b4c58,2025-02-13 21:55:12,21,3,False
cefece96-a9b0-45dd-a4b5-7b33a8d9e29a,CUS-00584,814.18,bank_transfer,Enugu,Nsukka,ab23b4d2a487e0d3,2025-02-13 21:56:22,21,3,False
52c99b22-5b91-4f67-9f2e-9cb58c54a627,CUS-01385,839.11,ussd,Kano,Dala,14dc1e3604a87504,2025-02-13 22:34:30,22,3,False
d08b3f0f-6860-4747-9543-3ea7eb085cca,CUS-00045,329.55,mobile_money,Delta,Uvwie,6711970ae6af006e,2025-02-14 00:23:09,0,4,False
e39172e2-c96b-452f-83da-8ad908c5d6c3,CUS-00045,24710.99,mobile_money,Delta,Warri South,6711970ae6af006e,2025-02-14 00:27:48,0,4,False
362cb362-9340-4ee7-8564-17bd081e476a,CUS-00693,73115.28,bank_transfer,Lagos,Alimosho,e9162dca20df60af,2025-02-14 00:40:03,0,4,False
adec27be-123e-4708-a27d-e383deb844da,CUS-00943,192.69,pos,Plateau,Plateau-Central,1da2949d58e17a5f,2025-02-14 01:06:00,1,4,True
d6721a14-976b-4361-bc41-a4827fbe1ad8,CUS-01867,73206.46,mobile_money,Lagos,Eti-Osa,6ac201ad911de038,2025-02-14 01:11:42,1,4,False
fa327912-f824-4282-b256-7bedf44aecf1,CUS-00943,366.44,ussd,Plateau,Plateau-Central,1da2949d58e17a5f,2025-02-14 01:14:00,1,4,True
d98a9c6e-5ffa-432c-ae41-ae54be2ea59b,CUS-00943,107.69,ussd,Plateau,Plateau-Central,1da2949d58e17a5f,2025-02-14 01:21:00,1,4,True
c64761e4-fe4e-4b22-a3a8-741a30f874af,CUS-00943,96.55,mobile_money,Plateau,Plateau-Central,1da2949d58e17a5f,2025-02-14 01:42:00,1,4,True
fc2a9189-2c13-4995-9f40-8bb4c4ad3ab9,CUS-00943,50.6,mobile_money,Plateau,Plateau-Central,1da2949d58e17a5f,2025-02-14 01:45:00,1,4,True
40fafb4d-df71-4795-ba4e-ae997bf5b326,CUS-01909,4576.95,pos,Lagos,Lagos Mainland,7b480d3a742ac838,2025-02-14 02:36:13,2,4,False
f838b948-9766-4851-a5a5-cab262952eaa,CUS-00014,39636.48,bank_transfer,Lagos,Mushin,22f6bea733e5c873,2025-02-14 02:44:59,2,4,False
785076d3-2e53-4f0c-82b7-2488b7d7cb9e,CUS-00611,174.76,pos,Imo,Imo-Central,4fd5ba40c68d9677,2025-02-14 02:45:06,2,4,False
72abdd8a-77d2-4428-a888-5ee17dac5af6,CUS-01137,925845.73,mobile_money,Abuja FCT,Gwagwalada,5f50a18ef5c967c2,2025-02-14 03:21:03,3,4,False
2f3bcc67-84ec-42bd-9c66-85af0e30838e,CUS-00913,67699.89,card,Rivers,Obio-Akpor,80a5f367f2b19e45,2025-02-14 03:35:53,3,4,False
acc3992f-0da3-41f3-8e57-ecf9769761b9,CUS-01839,390.6,mobile_money,Lagos,Surulere,9ec5d5657a2201e2,2025-02-14 03:47:22,3,4,False
a32e35a1-755a-4318-9fee-3d9064f9b779,CUS-01784,8898.82,bank_transfer,Delta,Uvwie,418192c8ffc6e281,2025-02-14 05:45:31,5,4,False
58134430-20b0-464c-a37e-fb55fc74b3b8,CUS-00568,775262.74,mobile_money,Kogi,Kogi-Central,dcc0efb50bd6ca59,2025-02-14 07:04:00,7,4,True
b88e809a-f913-402b-95ec-ecdc3f1ef81a,CUS-00568,29616.49,pos,Kogi,Kogi-Central,dcc0efb50bd6ca59,2025-02-14 07:15:00,7,4,True
0db11489-415d-49f0-aabd-2f0a05771a74,CUS-00568,353.33,bank_transfer,Kogi,Kogi-Central,dcc0efb50bd6ca59,2025-02-14 07:22:00,7,4,True
386a3b91-c871-42b9-8895-790dace7dacf,CUS-00963,3696.69,card,Rivers,Eleme,073e1605c265b914,2025-02-14 07:43:01,7,4,False
347f3fe4-62ef-471e-8af6-5feb3db95568,CUS-00245,93206.24,bank_transfer,Yobe,Yobe-Central,98fd0374a3da0b15,2025-02-14 07:45:26,7,4,False
a43e8967-32d2-4e14-bab2-fcff889f97c5,CUS-00318,4485.85,bank_transfer,Lagos,Kosofe,bf5945441b1f31c0,2025-02-14 08:09:28,8,4,False
dbc2a522-98f0-4324-8aa7-7efa35c03f07,CUS-00003,80779.34,pos,Kaduna,Kaduna North,18718776213837dc,2025-02-14 09:02:02,9,4,False
e44c3786-bafd-45be-b880-d8c749cab37a,CUS-01815,480.49,pos,Akwa Ibom,Akwa Ibom-Central,4fd188f02b5f6a2f,2025-02-14 09:08:23,9,4,False
0182ada0-b9de-45ff-a5d5-3e76d185a6d1,CUS-00935,60581.85,pos,Kano,Tarauni,b408994bb5a00c47,2025-02-14 09:10:35,9,4,False
42808a26-66ac-4391-aab8-9d876ae49103,CUS-01618,6845.53,mobile_money,Oyo,Ibadan South-West,a5d3e4c3c00502e8,2025-02-14 09:14:08,9,4,False
9d7ca7b5-db04-476c-96a5-464100439493,CUS-00548,1648.29,bank_transfer,Abuja FCT,Gwagwalada,ec494afb9403a35d,2025-02-14 09:15:32,9,4,False
20dadb80-e0a0-4b88-9a16-364619c922b0,CUS-00346,46926.26,mobile_money,Enugu,Enugu North,82c6225944060f3c,2025-02-14 09:32:12,9,4,False
268f0892-a3dc-444e-aef5-d9ed2be2c524,CUS-00202,1172.21,bank_transfer,Lagos,Kosofe,fea8af2286c17aee,2025-02-14 09:32:46,9,4,False
3807d00c-de7c-4e68-b238-cecfc0c5ab87,CUS-00213,50508.42,card,Lagos,Eti-Osa,9a836a307a1dd420,2025-02-14 09:41:30,9,4,False
933317fc-749a-4b3c-8786-9fa254119918,CUS-00761,1961.45,bank_transfer,Kano,Nassarawa,9af619d3f3e717ee,2025-02-14 09:41:58,9,4,False
61d09942-c5fc-4e47-a1ff-db5fbd72e0d7,CUS-01014,2948.06,bank_transfer,Edo,Ikpoba-Okha,e9ebd95b3430ef73,2025-02-14 09:42:08,9,4,False
9de05bd0-5c7e-4ab3-8a00-214f11e4b58d,CUS-01679,50841.14,mobile_money,Edo,Oredo,b43b902fdfc612ca,2025-02-14 09:52:42,9,4,False
6bb318c3-acf5-4cad-9d2d-5e6ddb5cc9a8,CUS-01901,2512.48,pos,Lagos,Surulere,0787bc061e3d094c,2025-02-14 09:54:47,9,4,False
36e883ae-b604-4625-9aee-226d97706ed6,CUS-01284,394.95,bank_transfer,Kano,Dala,4d0479c087c40dab,2025-02-14 09:56:10,9,4,False
76e3b6cf-149c-4d7e-bee5-4f54dcb7eda6,CUS-01406,6566.15,ussd,Borno,Borno-Central,b14f58c7a95ce377,2025-02-14 09:56:56,9,4,False
7f0982f0-3e46-4d3a-974e-686a31e2d429,CUS-01105,79666.65,bank_transfer,Lagos,Mushin,44cf5a2cab83a672,2025-02-14 10:00:35,10,4,False
2bb1daf0-616d-4ca0-911b-67465cf9fd2a,CUS-00293,1735.67,bank_transfer,Rivers,Eleme,3d5162763556b232,2025-02-14 10:02:19,10,4,False
e2fe7118-e00e-4b0b-8f91-029c85b1a295,CUS-00449,99257.73,pos,Lagos,Ikorodu,cb29b45a0a9e6da2,2025-02-14 10:04:18,10,4,False
33fe8945-5529-4e21-a7de-e37685041722,CUS-01677,45247.53,pos,Rivers,Obio-Akpor,283f6dc9c1ece240,2025-02-14 10:08:49,10,4,False
ab89bb3e-b13d-438c-a735-9dad906d80c9,CUS-00568,740640.8,mobile_money,Kogi,Kogi-Central,dcc0efb50bd6ca59,2025-02-14 10:10:00,10,4,True
47b89b7f-7586-416d-b60f-16d17017ba4f,CUS-00009,31085.04,ussd,Edo,Egor,792f9fd82adeeeda,2025-02-14 10:10:58,10,4,False
991aac9b-39a3-4e6b-9cf2-d82a643e11b7,CUS-01993,600.13,pos,Lagos,Ikorodu,dd874e83d9f452d4,2025-02-14 10:13:40,10,4,False
f0afba98-6e72-4346-a937-05b09844acb5,CUS-01809,1658.35,pos,Lagos,Mushin,e3c66282934feb13,2025-02-14 10:19:03,10,4,False
dcca1697-be2e-4e34-b56b-9ac74825c9d9,CUS-00014,355.72,bank_transfer,Lagos,Mushin,22f6bea733e5c873,2025-02-14 10:39:56,10,4,False
ccc047ed-1467-47e5-b9cc-3b62d2f3a066,CUS-00568,3007.29,card,Kogi,Kogi-Central,dcc0efb50bd6ca59,2025-02-14 10:40:00,10,4,True
37c1571a-228e-4290-a623-5e98ebec895c,CUS-00190,352.15,pos,Lagos,Lagos Mainland,2929f682d21c8189,2025-02-14 10:42:03,10,4,False
dc26b007-4bf7-4f5d-9e34-5c994c0b42be,CUS-01006,69283.68,pos,Anambra,Onitsha North,91de6e8e293c33a0,2025-02-14 11:08:27,11,4,False
21527d0b-9e62-4eb2-a015-e7a51561314f,CUS-00143,112.45,pos,Kano,Fagge,66fd566c77024e1a,2025-02-14 11:14:27,11,4,False
a4340750-10bd-49e2-b0d9-5fe6e0e0b9b6,CUS-00123,93752.72,ussd,Lagos,Kosofe,fd87e702baf7d83d,2025-02-14 11:22:10,11,4,False
845efbda-79fc-47e0-9081-9e7671aa05aa,CUS-00209,97386.03,ussd,Lagos,Oshodi-Isolo,8387c086ce75b96e,2025-02-14 11:38:50,11,4,False
5e966c5b-0173-40a1-8842-feedd5331d7e,CUS-00568,481.21,pos,Kogi,Kogi-Central,dcc0efb50bd6ca59,2025-02-14 11:45:00,11,4,True
2a64348c-a488-4fbc-b651-e64be08d5364,CUS-00027,77693.5,pos,Abuja FCT,Gwagwalada,8234c83e56e9f1ff,2025-02-14 11:46:49,11,4,False
5ee7c834-99a8-4c80-938e-46f6d1374c20,CUS-00775,428.22,bank_transfer,Lagos,Alimosho,60364fe3f48def16,2025-02-14 11:56:48,11,4,False
6ba7259a-806f-4ac8-9371-ad79d8d38365,CUS-00201,58823.11,pos,Lagos,Eti-Osa,39439305fe5c2f64,2025-02-14 12:05:14,12,4,False
61c1a036-9ba3-400b-942c-b55b647aa2f7,CUS-00309,317811.04,pos,Kano,Dala,8db672274e891d06,2025-02-14 12:05:47,12,4,False
2da5d0b5-0e3c-42b0-97f8-0ec13294f5d6,CUS-01214,3795.78,pos,Edo,Oredo,a7432b47d6b05474,2025-02-14 12:11:48,12,4,False
dac0e8bb-d40b-4c1b-a4e1-b1a8ffdac5ed,CUS-01910,1844.03,pos,Kano,Kumbotso,ea6850c62e2c1350,2025-02-14 12:15:56,12,4,False
1bc4fd91-a140-4f58-a8aa-cae8026f6662,CUS-00568,68567.33,pos,Kogi,Kogi-Central,dcc0efb50bd6ca59,2025-02-14 12:17:00,12,4,True
60f54f34-c0b1-4015-9d0a-d7d4b5834cf8,CUS-00643,2584.14,mobile_money,Kano,Kumbotso,1903043ff21160e0,2025-02-14 12:20:39,12,4,False
7a0300fd-d940-4f24-8fc5-076b1d8e7210,CUS-00485,446.07,card,Nassarawa,Nassarawa-Central,a37c69cff4308eaa,2025-02-14 12:35:14,12,4,False
69f7555b-0ac6-4d8b-a9ed-5388e71b4f21,CUS-00568,429.18,pos,Kogi,Kogi-Central,dcc0efb50bd6ca59,2025-02-14 12:39:00,12,4,True
6e4160f6-bc17-4c48-87fc-75ee6ce3b443,CUS-00183,4902.84,pos,Kebbi,Kebbi-Central,27a352a0e28b8fda,2025-02-14 12:58:33,12,4,False
c556ad87-08fd-438b-96c5-fee31118f0b6,CUS-01627,268110.89,ussd,Oyo,Ibadan South-West,8a68d0e2389ad1b9,2025-02-14 12:59:17,12,4,False
799f49be-ad18-4865-ac83-f527ac0ec50a,CUS-00730,1323.07,pos,Lagos,Alimosho,ac2406ba7dd5cfe4,2025-02-14 13:00:00,13,4,True
535bb878-2b10-46f6-b97d-d0ceb252ab9c,CUS-00722,67268.08,mobile_money,Lagos,Ikeja,c446e12fd8320bf5,2025-02-14 13:00:08,13,4,False
5ca9a004-0f69-4ae2-b5dc-51c64fe7a2a9,CUS-00790,2245.82,mobile_money,Lagos,Surulere,b15e711fa28274c0,2025-02-14 13:07:00,13,4,False
2b7a3c76-37ca-4498-8de1-527edc11d6a3,CUS-00730,3049.34,bank_transfer,Sokoto,Sokoto-Central,ac2406ba7dd5cfe4,2025-02-14 13:07:00,13,4,True
235c8b1e-785b-4c26-a3e5-bf9726eb4c50,CUS-01722,426.98,ussd,Kano,Dala,09e337320c6f169d,2025-02-14 13:10:28,13,4,False
7234f174-edd9-4890-8934-170baac0221e,CUS-01658,82.04,bank_transfer,Rivers,Obio-Akpor,19dace16c10f4388,2025-02-14 13:30:50,13,4,False
cc83efa8-f7e4-4b11-a50d-b0b44b77b7ed,CUS-00303,4691.91,pos,Enugu,Enugu North,879978b488f0588c,2025-02-14 13:38:28,13,4,False
d5d35fe6-6d14-42c3-b593-006c162cfb6d,CUS-00568,727.48,mobile_money,Kogi,Kogi-Central,dcc0efb50bd6ca59,2025-02-14 13:57:00,13,4,True
be386516-34b4-48ce-aac4-e25591b848b5,CUS-01249,895.79,bank_transfer,Enugu,Enugu East,0c1ae52223dc0d81,2025-02-14 13:59:37,13,4,False
524169a5-b11a-40e2-9966-86f7ded3a025,CUS-00674,417.17,ussd,Rivers,Eleme,5c24032e84ba2da3,2025-02-14 14:00:21,14,4,False
aa22db2d-1f35-414c-bd69-24a8396368db,CUS-00145,1740.81,pos,Lagos,Ikorodu,9e508b130921c688,2025-02-14 14:01:05,14,4,False
f1a07d4a-3298-48a7-89cf-046f2c6d8573,CUS-00848,3247.03,bank_transfer,Abuja FCT,Gwagwalada,b8495cc2e07bf6b9,2025-02-14 14:10:17,14,4,False
68f9ed67-bc9a-447e-8cbf-b2cbe597eb34,CUS-00627,77412.73,mobile_money,Osun,Osun-Central,2034da5b87c1b3dd,2025-02-14 14:10:41,14,4,False
ee23737b-0fe8-4975-b884-9ed02e5dbf32,CUS-00893,12487.37,mobile_money,Rivers,Port-Harcourt,e86cf8938c710ffe,2025-02-14 14:16:55,14,4,False
190e8b69-cc36-4c36-991b-29b68abe8a92,CUS-00882,4942.84,pos,Lagos,Ikeja,3d74006a0bf2fcbe,2025-02-14 14:20:27,14,4,False
6ed09fbe-d233-4f05-90f8-b8bb249b8f28,CUS-01163,93.17,bank_transfer,Osun,Osun-Central,3c2a17d1f83b499e,2025-02-14 14:21:40,14,4,False
d0c9368e-232a-4771-adc6-fec0e58d4849,CUS-00260,960587.79,mobile_money,Kaduna,Kaduna North,b36ce793582718ee,2025-02-14 14:27:35,14,4,False
dc1be124-436e-4774-861e-f87f4b4e5441,CUS-00216,3053.67,mobile_money,Kano,Tarauni,48b45369cc93bdd8,2025-02-14 14:29:38,14,4,False
bf70c800-f55e-4bae-b5c8-cf93493f31f9,CUS-01077,483.63,pos,Anambra,Awka South,d19cc2f5ad4ebc1c,2025-02-14 14:35:23,14,4,False
260a03d6-e9cb-48ab-9c59-5371ea63fa40,CUS-01557,486.76,bank_transfer,Rivers,Obio-Akpor,581d8d836fa71304,2025-02-14 14:49:48,14,4,False
b76c72ee-e93a-42e6-b2f4-7ff42fe4ccfa,CUS-01564,64686.55,bank_transfer,Plateau,Plateau-Central,de56d3da703b6adb,2025-02-14 14:50:09,14,4,False
1a593eab-cbfa-4566-939a-59e4b2ecd211,CUS-00568,31636.64,pos,Kogi,Kogi-Central,dcc0efb50bd6ca59,2025-02-14 15:15:00,15,4,True
c3a6ed13-8647-4e4a-900f-e853d740c4b0,CUS-01584,29445.76,pos,Ogun,Ogun-Central,afbd85ed89571d3b,2025-02-14 15:18:51,15,4,False
e811a84d-7da9-414e-ba36-ec16f6b66c79,CUS-01601,94.3,bank_transfer,Kano,Tarauni,9247a632e0a859b9,2025-02-14 15:19:43,15,4,False
38539f3c-5d7e-4ff6-8aeb-2bf48017e96e,CUS-00093,169.47,bank_transfer,Oyo,Ogbomoso,05a21485fe081204,2025-02-14 15:20:27,15,4,False
f6ac069f-e8a8-42ea-b495-8b955af44a72,CUS-01776,239.18,mobile_money,Anambra,Nnewi North,7c36fdafee67b187,2025-02-14 15:20:31,15,4,False
fd35eca8-0b56-440c-a853-3944cec4ffd1,CUS-00200,4292.6,card,Delta,Uvwie,e5089c203eaf3bcc,2025-02-14 15:27:35,15,4,False
69f1421d-e4d8-4579-9c2b-bf0cadb69c4b,CUS-01253,329204.47,pos,Lagos,Mushin,c8054b1af1495193,2025-02-14 15:35:42,15,4,False
30107e29-18e7-4097-b792-91d41f180b3e,CUS-00301,4060.34,pos,Oyo,Ibadan North,4acd84f2fa7ac6df,2025-02-14 15:37:40,15,4,False
afe26e82-450a-40c8-89d5-a64965e83cb4,CUS-01856,4818.31,pos,Kwara,Kwara-Central,d00c3f8019c53d84,2025-02-14 15:38:12,15,4,False
e3fd69f6-a3d6-4f0a-8b99-4f011c78526a,CUS-00311,95939.02,bank_transfer,Lagos,Eti-Osa,7642663954311669,2025-02-14 15:45:44,15,4,False
85cd5fc8-5eee-46e3-ab5c-c3278b5f61cb,CUS-00568,57972.53,mobile_money,Kogi,Kogi-Central,dcc0efb50bd6ca59,2025-02-14 15:55:00,15,4,True
9c951dc1-5a7e-4b2d-b46e-c80340fea85b,CUS-00244,653826.75,ussd,Lagos,Ikorodu,a20c8fa95a093fa1,2025-02-14 16:16:09,16,4,False
fba6f30c-9049-4b70-ad04-6ce4a9b72492,CUS-01513,872.83,bank_transfer,Lagos,Agege,bdecb2a312b96c1c,2025-02-14 16:21:22,16,4,False
d32fa791-9a58-4665-ab48-efe638b56090,CUS-00617,649.89,pos,Kano,Tarauni,9be78ff896a57226,2025-02-14 16:38:36,16,4,False
e5c41378-e5de-41bf-907c-58075f361a1e,CUS-00239,223.76,pos,Lagos,Agege,a18fc29097aafe72,2025-02-14 17:13:35,17,4,False
31f80ee4-ff32-47fa-a195-8cf00fc93045,CUS-01993,71817.7,pos,Lagos,Oshodi-Isolo,dd874e83d9f452d4,2025-02-14 17:14:39,17,4,False
bbe1b5ef-d989-4a5c-8e18-b1209bc4ff41,CUS-01374,4611.93,mobile_money,Lagos,Alimosho,4e33cb22b6638e9d,2025-02-14 17:17:00,17,4,False
d4d9aac8-89cc-494b-a82c-b64cf5241553,CUS-00563,896503.59,pos,Lagos,Ikeja,25a706977d61cb16,2025-02-14 17:18:40,17,4,False
a65f8a56-a83b-4c5e-9ac0-edbd67a5f1c5,CUS-00866,24738.21,bank_transfer,Lagos,Alimosho,e2829db4416371b8,2025-02-14 17:21:46,17,4,False
73ad1bf9-a1f0-4731-a687-de43d2b884a7,CUS-00337,78.0,ussd,Edo,Egor,5f045be513fff636,2025-02-14 17:23:12,17,4,False
684ac719-2e44-4966-878d-4030c7af4fe3,CUS-01391,1517.55,ussd,Lagos,Alimosho,70e5fcb5aea0673c,2025-02-14 17:29:36,17,4,False
aea41c70-3d6c-490b-8919-3576d8475131,CUS-01413,462.03,pos,Lagos,Lagos Mainland,f3169884d2025deb,2025-02-14 17:34:41,17,4,False
e0ef7b79-7115-459c-8784-35ac0ec877cb,CUS-01575,115.84,pos,Lagos,Alimosho,fd0c05be28efe48d,2025-02-14 17:40:46,17,4,False
203ff037-af0a-43d2-b921-1f3cde450028,CUS-00269,34289.92,bank_transfer,Kano,Dala,e94f5eada21225d1,2025-02-14 17:59:57,17,4,False
8a3e2a6b-bebc-4310-ba1c-239b3d011520,CUS-00564,19335.39,bank_transfer,Kano,Nassarawa,7b60d7573ce6dd3e,2025-02-14 18:06:40,18,4,False
b72a112b-949b-44d6-a921-d71b81b1aa9f,CUS-01387,68958.06,bank_transfer,Lagos,Eti-Osa,94ead7a09cb67bfc,2025-02-14 18:10:21,18,4,False
89155bbb-3cc9-440b-ac36-60de3dd3ad3c,CUS-00945,446.88,pos,Lagos,Ikeja,db2cd3afbd5edf20,2025-02-14 18:24:59,18,4,False
0130e3c3-3f33-469e-b8f0-7c958b616de8,CUS-00837,42879.31,pos,Rivers,Port-Harcourt,06cddace0190e17b,2025-02-14 18:25:22,18,4,False
63eab40b-a5d2-41a2-9682-1be0d0eb4d41,CUS-01925,14478.8,pos,Lagos,Oshodi-Isolo,8723c44e85b37773,2025-02-14 18:27:53,18,4,False
770758e1-8a27-4b2f-bf0e-574a86c11032,CUS-01111,211.88,pos,Lagos,Alimosho,e26bb45013e5e156,2025-02-14 18:29:01,18,4,False
f8bd1c66-9d6e-432e-8ecb-6a061e819ca6,CUS-01649,557890.12,card,Edo,Egor,4f98930e56d17402,2025-02-14 18:37:32,18,4,False
fc8614b8-d218-4b70-a86a-2a630c41a005,CUS-00856,363.18,card,Lagos,Agege,a05b19ccf5dfefe0,2025-02-14 18:55:18,18,4,False
c59fa52c-d00b-4cac-a96e-a9d00b4ad321,CUS-01769,76289.96,bank_transfer,Rivers,Port-Harcourt,1118a0d8bb9220e4,2025-02-14 19:00:27,19,4,False
d6dd6444-dc27-4d93-aa88-405d8f81cfaa,CUS-01166,14406.11,ussd,Bauchi,Bauchi-Central,dcb3d11d5a7e30d1,2025-02-14 19:02:39,19,4,False
4acceb65-84ca-4d35-8687-e66bb0bb255f,CUS-01913,2648.34,card,Rivers,Obio-Akpor,bdf92898e045a617,2025-02-14 19:17:47,19,4,False
8c0db4ff-c619-41df-94e6-807e7c480fa9,CUS-00568,654944.14,pos,Kogi,Kogi-Central,dcc0efb50bd6ca59,2025-02-14 19:26:00,19,4,True
c72d9b75-15b3-4159-b604-d5304a7a2225,CUS-01239,3853.53,bank_transfer,Lagos,Ikorodu,cbf3ba8a5623bd89,2025-02-14 19:46:43,19,4,False
2e0ba029-93db-490d-b895-aedf4b8c0ec5,CUS-01011,486.26,pos,Ogun,Ogun-Central,cce9d1e841c327a7,2025-02-14 19:55:06,19,4,False
f93a9e99-fa9b-49a3-9886-f9b0ff3a1cb4,CUS-01226,584.26,pos,Rivers,Oyigbo,def91623b5e943da,2025-02-14 20:00:51,20,4,False
c9293c46-40c7-49e3-bd40-e83da83eb622,CUS-00628,18447.85,bank_transfer,Lagos,Ikorodu,ba556bfeb1b5b580,2025-02-14 20:14:59,20,4,False
0322e0b5-8459-460a-8f4c-e93c16adf71c,CUS-01803,245.72,card,Kano,Tarauni,c059c9c5a59923b7,2025-02-14 20:15:53,20,4,False
39718f91-1558-4839-b297-c15b2185b00f,CUS-01614,96678.0,pos,Kano,Nassarawa,1b4932f290b1fc00,2025-02-14 20:28:01,20,4,False
27a12906-a046-4be4-8f80-5595750c2688,CUS-00267,226.89,mobile_money,Edo,Oredo,1560943ead050084,2025-02-14 20:35:18,20,4,False
4351794a-aef8-415d-a95f-815f2ab3f6c7,CUS-00392,43334.03,bank_transfer,Rivers,Eleme,eb3e81dfca0a3bbc,2025-02-14 20:37:11,20,4,False
05f3eb70-e2a1-45c8-b473-291b880865ab,CUS-00968,270.37,ussd,Oyo,Ibadan North,585ed5cc12bc5507,2025-02-14 20:40:46,20,4,False
dd017596-57d1-4751-bd3f-f9dc914407bf,CUS-01923,381.75,pos,Kano,Fagge,19a94d961a7b33d9,2025-02-14 20:54:42,20,4,False
68cb469f-1a29-415d-9fe6-ff00ec4514b2,CUS-00113,70183.7,ussd,Benue,Benue-Central,7424f512c08e218e,2025-02-14 21:03:35,21,4,False
c7e7121b-235c-45af-84df-a6b60afb2f79,CUS-00457,4747.56,bank_transfer,Abuja FCT,Gwagwalada,bf419fd9bf1b95cb,2025-02-14 21:04:16,21,4,False
3b12a7ac-7336-4c44-b9db-6ca8b7a89e98,CUS-00864,8058.06,bank_transfer,Rivers,Obio-Akpor,82023b8e0030d2ad,2025-02-14 21:06:37,21,4,False
12698005-fd83-42e5-b0c5-90f72d1085f9,CUS-00568,449.21,pos,Kogi,Kogi-Central,dcc0efb50bd6ca59,2025-02-14 21:17:00,21,4,True
34a4d7b1-5452-401f-9395-8559fa1470a7,CUS-01915,1986.37,pos,Ondo,Ondo-Central,5df0e6f4ac72dfe8,2025-02-14 21:17:41,21,4,False
02b1a177-eb6c-457f-9a07-5447817028f7,CUS-00784,2801.59,ussd,Lagos,Kosofe,3fa31762f92bb220,2025-02-14 21:30:12,21,4,False
59b2d4a7-2c7b-4519-ad6a-899ba811e44c,CUS-00231,3681.02,pos,Abuja FCT,Kuje,4e6b4b041a5e1044,2025-02-14 21:32:25,21,4,False
1f24ebeb-1617-41cb-89c1-b5c44e512ba9,CUS-01855,3410.74,pos,Lagos,Agege,5f2890bf6a138d02,2025-02-14 21:33:11,21,4,False
381ef530-8657-4b86-ae5e-a23271309238,CUS-01366,54088.28,bank_transfer,Ondo,Ondo-Central,bb1761bfcb6e4105,2025-02-14 21:44:55,21,4,False
1af1aa1a-c614-4636-8117-ba9b0d6fcb1e,CUS-01210,40014.58,pos,Rivers,Port-Harcourt,0e27aca8e7040c91,2025-02-14 23:00:02,23,4,False
d365a638-9a38-495a-870c-bc95bc03b333,CUS-00786,954.26,card,Oyo,Oyo East,5a94533355fbe278,2025-02-14 23:17:43,23,4,False
a43da9fd-c4be-4145-afe2-64418ff5ce4f,CUS-01916,2871.28,mobile_money,Niger,Niger-Central,5cc192455973d5fe,2025-02-14 23:34:29,23,4,False
4e3a5d7e-c0d1-4ae1-8a66-b083baa2b679,CUS-01876,795444.89,bank_transfer,Kaduna,Kaduna South,f535c1276725ba9c,2025-02-15 00:02:00,0,5,True
04b528b7-5a1f-40f7-813e-a712f5c64f4a,CUS-00837,328736.82,bank_transfer,Rivers,Eleme,06cddace0190e17b,2025-02-15 00:02:00,0,5,True
84c08221-0f13-424e-b9b9-f6dc29cf12ca,CUS-01602,365334.32,bank_transfer,Lagos,Oshodi-Isolo,6ffc16d93e1af1d8,2025-02-15 00:43:00,0,5,True
47bfccbb-bd8f-4de9-8e5f-20b45b4bffd3,CUS-00271,27564.26,pos,Benue,Benue-Central,1ed4881d016ff524,2025-02-15 00:47:08,0,5,False
f8ca2bd5-973b-4172-9433-a13896ccf581,CUS-00677,451775.26,bank_transfer,Rivers,Oyigbo,4e9702015e299de8,2025-02-15 02:28:00,2,5,True
4a5c7a61-9a0e-439f-a40c-ebae8b52d7d3,CUS-01775,3503.52,pos,Kano,Kumbotso,d9a299ad346ab25c,2025-02-15 02:53:06,2,5,False
620c1bcf-8107-44ec-8362-1f634d6354c3,CUS-01469,12583.95,pos,Abia,Abia-Central,b7d959007e88c959,2025-02-15 03:06:50,3,5,False
0cf0eeb3-f8af-40cb-9ee1-bd3f37ba81db,CUS-00726,72.09,bank_transfer,Lagos,Alimosho,dafcccd8fd9e36a8,2025-02-15 05:36:26,5,5,False
636b87f1-fdab-4816-873d-c9e3649f8741,CUS-01490,59008.55,pos,Lagos,Alimosho,7f7694fe3ef66fdb,2025-02-15 07:39:27,7,5,False
97541c4b-5119-44c5-bc7a-6daea1ed5089,CUS-01760,2255.3,pos,Abuja FCT,Gwagwalada,41c9545706969a64,2025-02-15 07:44:54,7,5,False
916d02dc-031e-4588-9a1e-357d15a3422d,CUS-00595,3705.96,mobile_money,Abuja FCT,Kuje,1fc14ea080410264,2025-02-15 07:56:09,7,5,False
e4cbc8ef-6efc-4943-9e80-9925b682c832,CUS-00202,2502.45,bank_transfer,Lagos,Ikeja,fea8af2286c17aee,2025-02-15 08:47:55,8,5,False
ade36eb6-e02d-4aff-85fd-1ed0ed89c7e8,CUS-00823,4972.11,pos,Rivers,Oyigbo,b3add7a8eb98092a,2025-02-15 09:09:40,9,5,False
54de387f-77c9-4131-8c1a-7f8a285d04cd,CUS-00370,2278.73,mobile_money,Lagos,Lagos Mainland,90ecea92534cd57f,2025-02-15 09:16:43,9,5,False
2755e99a-178e-4750-9a49-13f6b64ae2fc,CUS-01284,65966.45,bank_transfer,Kano,Gwale,4d0479c087c40dab,2025-02-15 09:42:37,9,5,False
211dcce7-dfe4-42ba-9749-dd6002d9bb11,CUS-00482,1836.59,ussd,Abuja FCT,Municipal,e7e3666ef213fc1c,2025-02-15 09:48:22,9,5,False
062b91c7-7df0-4af3-b5d8-3a9efda3465f,CUS-01474,143.48,mobile_money,Kano,Tarauni,9f74e67babbc18cb,2025-02-15 10:02:25,10,5,False
a9e0a8ae-d550-4d9a-96cd-b55b3d50a0e2,CUS-00146,2907.63,bank_transfer,Kaduna,Kaduna South,ffbadfb973b5ec03,2025-02-15 10:09:31,10,5,False
d4a43e25-7840-4c83-9852-32533e1ccca8,CUS-01012,459.68,pos,Jigawa,Jigawa-Central,620b41a6cde49986,2025-02-15 10:20:03,10,5,False
4cf06a06-a315-40b3-afb5-25f5a0b98c8c,CUS-00741,58065.63,mobile_money,Kano,Fagge,1bb58da37496630e,2025-02-15 10:27:45,10,5,False
b0bf2f11-2386-4b90-97f6-b569ef2783a6,CUS-01023,957.78,pos,Bayelsa,Bayelsa-Central,a70b1b3ef8b2136c,2025-02-15 10:34:33,10,5,False
7ab9dfa9-edb3-47f5-ac29-6198746443de,CUS-01465,74472.23,mobile_money,Lagos,Agege,4ea35215245db93a,2025-02-15 10:35:07,10,5,False
9a5cd999-6488-4b62-a782-fb32d39cd468,CUS-00587,95.15,mobile_money,Lagos,Agege,fda7cc6b37ded4c9,2025-02-15 10:39:04,10,5,False
85812865-0dbc-4fc0-9a13-283a9e579446,CUS-00421,436061.16,mobile_money,Imo,Imo-Central,30c2c103147fffc3,2025-02-15 10:50:31,10,5,False
c8873af2-1474-45fb-b4fa-d92ba61d568f,CUS-01977,66530.76,ussd,Lagos,Ikeja,02673b590c313531,2025-02-15 11:00:00,11,5,True
d9f07add-de3a-4e3b-bb61-8fa11c0728fa,CUS-00648,984195.42,bank_transfer,Imo,Imo-Central,87df8c596d1e3bc8,2025-02-15 11:05:37,11,5,False
b7d93679-5b77-4e91-a79b-75834751ee0c,CUS-01977,8665.7,pos,Borno,Borno-Central,02673b590c313531,2025-02-15 11:10:00,11,5,True
447606b2-df43-45b7-a127-24a38fe8c83d,CUS-00441,713.75,bank_transfer,Ogun,Ogun-Central,b3703ce562cfe5d5,2025-02-15 11:12:56,11,5,False
07c522da-09da-4d22-a5fb-12e203b52e5b,CUS-00205,1559.67,ussd,Lagos,Ikeja,8648d39ae8c8e344,2025-02-15 11:22:08,11,5,False
d9609912-6655-49df-ab0a-b034959e277c,CUS-01192,260.7,card,Kano,Nassarawa,da912eb3f9e9e9b0,2025-02-15 11:23:35,11,5,False
adb866c3-c8e0-48e1-ba66-44fb15fc26a3,CUS-00153,4059.77,mobile_money,Abuja FCT,Bwari,9640a9fc14e6d38b,2025-02-15 11:28:18,11,5,False
87bbfd0c-479c-4337-a25e-51c82206e8c1,CUS-01124,1529.49,mobile_money,Delta,Oshimili South,3dbb07609529ef76,2025-02-15 11:31:13,11,5,False
179b7ba3-9658-4343-9646-99c9d948dac0,CUS-01602,49582.54,pos,Lagos,Surulere,6ffc16d93e1af1d8,2025-02-15 11:38:27,11,5,False
bff6b2db-f112-4db7-b114-1958c7645a8b,CUS-00219,167.28,bank_transfer,Borno,Borno-Central,ab7212d149ded51a,2025-02-15 11:58:28,11,5,False
21e6505f-b4d2-44ff-a1b8-93394e8867bb,CUS-00375,22830.48,pos,Kano,Nassarawa,83cdeb9a127a29d9,2025-02-15 12:07:04,12,5,False
d76a8513-365c-444f-a588-3d77b60ca652,CUS-00761,64903.13,pos,Kano,Kumbotso,9af619d3f3e717ee,2025-02-15 12:09:01,12,5,False
46e81a45-833d-4fda-81d8-cc79a7416da0,CUS-00796,590.21,pos,Yobe,Yobe-Central,0111ee87de64cf7b,2025-02-15 12:09:23,12,5,False
4e04cdf9-2797-4df3-b139-c31261025908,CUS-00833,4237.78,pos,Lagos,Mushin,3304a5aa1d13da71,2025-02-15 12:10:50,12,5,False
d04b1ec3-2adc-486f-b762-abcd5bf79bc2,CUS-00891,84805.99,mobile_money,Sokoto,Sokoto-Central,50eb9194ca6b0f1e,2025-02-15 12:16:00,12,5,False
fa414a08-3e74-412c-8729-034af862c70e,CUS-01017,614885.15,bank_transfer,Oyo,Oyo East,f8aac67eec4ac97e,2025-02-15 12:27:11,12,5,False
961db2ff-a023-40ba-8e29-fe14a16b3f71,CUS-00791,4189.55,card,Kaduna,Kaduna North,6e4ba221fb73358b,2025-02-15 12:27:18,12,5,False
ea372655-8c4b-403d-9cd9-36f67ceb11ce,CUS-00388,3183.47,mobile_money,Osun,Osun-Central,c6b7d04b62a277ff,2025-02-15 12:27:22,12,5,False
193c1969-aa54-4c7e-a2c5-b62b71903e4a,CUS-01387,185479.76,bank_transfer,Lagos,Oshodi-Isolo,94ead7a09cb67bfc,2025-02-15 12:36:20,12,5,False
325f9c70-203c-44de-81dc-0b35dfe630bc,CUS-00799,4044.74,pos,Adamawa,Adamawa-Central,9770e4eba99b57b6,2025-02-15 12:39:52,12,5,False
2ce3c328-6742-4d05-bfed-2b2befc1c0d8,CUS-01499,95586.06,mobile_money,Zamfara,Zamfara-Central,ad409298faa385ec,2025-02-15 12:40:34,12,5,False
079bc3fa-43ee-46a2-be74-dd57382db72c,CUS-00270,673530.78,pos,Benue,Benue-Central,30d3830e3a8a63b9,2025-02-15 12:40:46,12,5,False
4cae9efd-4559-4033-ad6e-3be08fbaac00,CUS-00810,556.06,pos,Ogun,Ogun-Central,a332946e2cb208bc,2025-02-15 12:41:54,12,5,False
1c52df09-8699-4fe9-8681-a7bb58d8667b,CUS-00286,9790.29,card,Abuja FCT,Municipal,475411eb6eadef97,2025-02-15 12:42:21,12,5,False
70a76e3a-7810-4ffe-8748-44822430b109,CUS-00703,33517.17,pos,Lagos,Kosofe,4720b0e4b3263da4,2025-02-15 12:49:42,12,5,False
abb7d12c-acff-45df-a304-4ac259defb30,CUS-00366,169.33,pos,Cross River,Cross River-Central,59e78c8c78566e9a,2025-02-15 12:52:30,12,5,False
0d5cf8e0-aada-4bc8-a9b7-f789221648b9,CUS-00966,79472.36,mobile_money,Ondo,Ondo-Central,6250db96be6da642,2025-02-15 13:07:02,13,5,False
142d5f37-0718-4d16-a6d0-d16ea4267b66,CUS-01771,3590.15,ussd,Abia,Abia-Central,9bef20b0925967ba,2025-02-15 13:26:14,13,5,False
2de1219b-670d-49be-b148-7ec26234927e,CUS-01368,3629.76,pos,Lagos,Agege,0ecb0c178ea4e30e,2025-02-15 13:40:27,13,5,False
393b2c84-6878-42a1-ab68-11206eea966d,CUS-00193,497776.01,pos,Enugu,Enugu East,d152fd56ffcd3512,2025-02-15 13:40:33,13,5,False
3c621306-20f8-4833-9f52-573a7a8aa993,CUS-01985,1353.91,ussd,Lagos,Surulere,e60e86688a83e9d7,2025-02-15 13:42:12,13,5,False
5569a811-856f-49f2-aa6d-8c4399c81468,CUS-00971,411006.08,bank_transfer,Gombe,Gombe-Central,e4a1203b447eeb72,2025-02-15 13:53:00,13,5,True
ad9e2c05-ff33-4c9d-a779-6502d0a17a38,CUS-01853,1004.5,ussd,Borno,Borno-Central,636224bf0cd5678f,2025-02-15 13:54:44,13,5,False
2043ca00-6b7d-4680-aaf5-0aa479db536c,CUS-01602,3288.34,pos,Lagos,Mushin,6ffc16d93e1af1d8,2025-02-15 14:26:57,14,5,False
1582aaaf-0025-4023-a378-5181211c7907,CUS-01325,334.03,mobile_money,Kano,Gwale,502ee3fbac83a449,2025-02-15 14:36:26,14,5,False
74d08a44-67af-4ce7-a2e2-a05f266e20b2,CUS-00702,62529.57,pos,Kano,Tarauni,877c724724ceedbd,2025-02-15 14:38:00,14,5,False
f08cdefd-67f7-4ad1-906c-454ea134cdf1,CUS-01848,197.74,mobile_money,Niger,Niger-Central,d701dbf8c2ff3cf9,2025-02-15 14:39:33,14,5,False
66405798-1299-4a13-a6ce-f738bb157fd2,CUS-01179,38046.95,mobile_money,Oyo,Oyo East,d58684393c60ad84,2025-02-15 14:44:51,14,5,False
71553542-ed0c-47b6-8da4-a7dc349fc13b,CUS-00230,20669.93,pos,Imo,Imo-Central,cc3a0030906ccc15,2025-02-15 14:47:38,14,5,False
dd822cc1-3ebc-4a7e-8324-59167592effa,CUS-00003,61893.41,mobile_money,Kaduna,Zaria,18718776213837dc,2025-02-15 14:55:03,14,5,False
377f560c-0426-4a4e-a431-d497d21d51e2,CUS-00345,967.33,pos,Kaduna,Kaduna South,808e7a5c5a97600f,2025-02-15 15:03:12,15,5,False
a802d562-c7e2-4cea-ada4-fed90a2ef990,CUS-01991,4030.6,pos,Lagos,Ikorodu,abb9607a0f5b6000,2025-02-15 15:08:41,15,5,False
7bc63447-b60b-470e-891e-1d0c0fa976aa,CUS-00347,360.1,pos,Lagos,Eti-Osa,e3b3f35a1024d9f0,2025-02-15 15:13:00,15,5,False
fcacd958-cfad-45f0-9024-dd83aa7e0f15,CUS-01367,686912.04,pos,Kogi,Kogi-Central,1befafdd9209cc78,2025-02-15 15:19:59,15,5,False
30f5fcc6-35c0-49b0-bc9e-0412e6485adc,CUS-01856,320.15,pos,Kwara,Kwara-Central,d00c3f8019c53d84,2025-02-15 15:22:46,15,5,False
e14be643-032b-4a5f-aa08-d9b92a90e865,CUS-01400,107.24,pos,Lagos,Ikeja,5cde144e0f72a982,2025-02-15 15:29:40,15,5,False
f56a33dc-96a4-4946-946a-029e6b779977,CUS-00182,18402.39,pos,Adamawa,Adamawa-Central,1ec1fbe050eb7edd,2025-02-15 15:39:16,15,5,False
ef9f2ac5-0995-469d-be56-09fdbd6b929b,CUS-01158,3523.8,mobile_money,Zamfara,Zamfara-Central,5f375fa4790e96f4,2025-02-15 15:43:27,15,5,False
abe8d8ee-5f40-4c37-8d2f-94fcb91f3486,CUS-00464,4900.92,bank_transfer,Akwa Ibom,Akwa Ibom-Central,ff4c1464f33acdfe,2025-02-15 15:46:18,15,5,False
3609cbbe-dd6b-4f65-a9f9-c3a1549da64f,CUS-01733,357.33,bank_transfer,Rivers,Port-Harcourt,95599289dfc0bb5d,2025-02-15 15:47:22,15,5,False
c2be9830-420f-4e88-b6b5-e3b79ea5dbb0,CUS-01033,77.75,pos,Lagos,Alimosho,3fe6d62b7438da14,2025-02-15 15:49:43,15,5,False
21345d7e-6418-4e00-9ad2-d33fabdcc438,CUS-00302,3121.42,bank_transfer,Oyo,Ibadan South-West,b8478804cb2a0e1b,2025-02-15 15:51:04,15,5,False
b7d35a11-6b08-42cd-9a3d-a99e1f6ef175,CUS-01214,1337.17,pos,Edo,Ikpoba-Okha,a7432b47d6b05474,2025-02-15 15:53:03,15,5,False
b1112257-16c1-4c49-a2f7-7f807df8d4d6,CUS-00227,995436.54,bank_transfer,Rivers,Eleme,5520f23bfce438f4,2025-02-15 15:54:23,15,5,False
328e0780-aa67-4ce9-b325-d98f60594bb8,CUS-01003,9258.54,bank_transfer,Ondo,Ondo-Central,439e1cb89f05b12e,2025-02-15 15:57:40,15,5,False
c4efdd29-46e4-4876-88c4-1daa84c6fee4,CUS-01332,97858.25,pos,Lagos,Kosofe,4ca97245da0a0e27,2025-02-15 16:04:41,16,5,False
666582da-c732-4c55-b0f8-1437e984be28,CUS-01161,76433.7,pos,Lagos,Mushin,eae646070bb9b5a8,2025-02-15 16:08:57,16,5,False
b7deb5d0-4956-422f-9fa8-9795c6ed615c,CUS-01421,47817.86,bank_transfer,Abuja FCT,Municipal,41a21affe763edbe,2025-02-15 16:11:04,16,5,False
667be81a-fd1b-4ac5-a1e0-35199d2061b5,CUS-01231,387.6,pos,Lagos,Oshodi-Isolo,4376a1c51d5caa1b,2025-02-15 16:35:18,16,5,False
31792ba6-9458-4342-81cd-34a9912ad3a9,CUS-01702,152.06,pos,Kano,Nassarawa,f22f0d78734c4760,2025-02-15 16:41:47,16,5,False
4d19da86-e3e6-4563-af08-79ad92eca34e,CUS-00824,86842.82,pos,Oyo,Ibadan North,e5648df22a55e5b7,2025-02-15 16:51:11,16,5,False
dd21996c-1e26-4acd-8ebf-22c392630bdf,CUS-00246,97711.47,ussd,Rivers,Oyigbo,ff8ab03394d64642,2025-02-15 16:59:18,16,5,False
e8de7c64-02e5-4857-a65a-21675e9470ae,CUS-01575,397924.65,pos,Lagos,Kosofe,fd0c05be28efe48d,2025-02-15 17:00:05,17,5,False
9ffab532-bb06-4a01-a0fb-864d0e5b8ff0,CUS-01981,3626.41,mobile_money,Benue,Benue-Central,2e3ca59fe7d431e5,2025-02-15 17:07:43,17,5,False
ef2dd32c-81e3-47fb-a2c3-505f45ba6c11,CUS-01111,4706.7,pos,Lagos,Agege,e26bb45013e5e156,2025-02-15 17:22:04,17,5,False
8ea1bf07-5cb3-4015-b696-1a71c1fde38c,CUS-00099,1486.23,pos,Lagos,Surulere,8694ca03d669b151,2025-02-15 17:23:24,17,5,False
e00d33af-d445-4f11-a212-0bfa20bcbf5a,CUS-01672,1985.69,mobile_money,Zamfara,Zamfara-Central,62f20bbb589f3230,2025-02-15 17:30:21,17,5,False
8f1954c1-c7bf-4daf-bbb3-6d39526ae463,CUS-01702,65232.89,pos,Kano,Dala,f22f0d78734c4760,2025-02-15 17:39:07,17,5,False
5c5eb19a-e8eb-46aa-b9d6-8203e734ea69,CUS-01618,4954.65,mobile_money,Oyo,Ibadan South-West,a5d3e4c3c00502e8,2025-02-15 17:40:16,17,5,False
d46e222c-de1d-45f7-a95b-210ea2c8ecc7,CUS-01177,15621.06,pos,Lagos,Agege,3f6ef33bcad3ac22,2025-02-15 17:43:04,17,5,False
3ea63adc-d362-4d9a-9f09-7cb816a59775,CUS-01074,4544.64,bank_transfer,Ogun,Ogun-Central,116b5e1551705cfb,2025-02-15 18:10:18,18,5,False
2f71604d-fc19-4454-bf48-1d76cc752c25,CUS-00368,449.88,bank_transfer,Lagos,Agege,fbea58cfa25efa40,2025-02-15 18:14:57,18,5,False
44405227-1845-4058-a200-9a95c1fd8425,CUS-01951,2169.16,mobile_money,Lagos,Agege,ff96fe42ef3de0ae,2025-02-15 18:34:15,18,5,False
7a399f47-aaab-47bd-83ca-8d1f29d9e5af,CUS-01849,653551.54,pos,Delta,Oshimili South,18e60b69544688c6,2025-02-15 18:38:15,18,5,False
c5bc05f7-8fd6-4905-9b1a-0288ef977cb7,CUS-00490,259.15,pos,Abuja FCT,Bwari,559a3ab27e289433,2025-02-15 18:41:17,18,5,False
9e1d1bf3-965d-491f-925a-6b2b0f82d7d5,CUS-00854,2987.83,pos,Lagos,Kosofe,8339578503fb8b90,2025-02-15 18:46:25,18,5,False
168bffa1-e754-4ce0-bfe1-b1e55ae131a6,CUS-00237,3426.04,pos,Lagos,Lagos Mainland,780e328ca59b422a,2025-02-15 19:03:06,19,5,False
c06218d0-7231-4d5c-bef7-8dbe51f2b16d,CUS-01562,804966.67,pos,Abia,Abia-Central,30c69cd206591d60,2025-02-15 19:06:29,19,5,False
15ed5c65-a045-4489-88e8-b63f175df8af,CUS-01189,3892.04,mobile_money,Edo,Ikpoba-Okha,36f1fd8d7d24e817,2025-02-15 19:29:27,19,5,False
411075fb-9a4d-4a19-b001-3c1c92c3c1f6,CUS-01276,54566.86,pos,Lagos,Surulere,990dec7a88b42303,2025-02-15 19:33:08,19,5,False
bf37fe5b-0307-46b1-a7bb-3543c1aa145d,CUS-00892,25570.8,mobile_money,Plateau,Plateau-Central,c675c3ac25c15d49,2025-02-15 19:35:03,19,5,False
053affca-000c-40df-b241-08765fac6b40,CUS-01825,4153.65,pos,Oyo,Ibadan South-West,67bd0a3396337975,2025-02-15 19:42:03,19,5,False
1677361e-bce8-4fa2-b707-2cbbdbde0f37,CUS-00974,70651.42,pos,Lagos,Eti-Osa,c996ce5477003036,2025-02-15 19:54:53,19,5,False
9246eba5-2826-408b-a3ae-2cf9860ce736,CUS-00723,282.3,mobile_money,Osun,Osun-Central,184b6168e7b760ac,2025-02-15 20:01:00,20,5,True
27799ad1-a62f-44d4-92ba-b7a9a95a5d47,CUS-00109,56306.76,card,Lagos,Agege,1fe85427128d6d69,2025-02-15 20:03:51,20,5,False
2c1c5127-a141-419d-a371-93602e9d626c,CUS-01244,4643.36,mobile_money,Kwara,Kwara-Central,2de3c5b088b4497a,2025-02-15 20:13:43,20,5,False
4d32c83c-86a9-4555-91f9-ab24224766f4,CUS-00258,2175.22,pos,Oyo,Ibadan North,0aef7632c74d2bb0,2025-02-15 20:14:06,20,5,False
9167e5d7-1344-433a-ac39-13e600ad9a86,CUS-00723,124.35,ussd,Osun,Osun-Central,184b6168e7b760ac,2025-02-15 20:15:00,20,5,True
2376622d-268c-4905-b41c-46dcc5015c22,CUS-00723,148.99,pos,Osun,Osun-Central,184b6168e7b760ac,2025-02-15 20:21:00,20,5,True
19de3279-7ea1-4530-a165-55c839203a36,CUS-01917,81263.26,pos,Kaduna,Kaduna North,2b0ecdd673e9f7e2,2025-02-15 20:24:17,20,5,False
b785aa77-a53e-4a43-8049-1db0351a9f72,CUS-00987,477.36,bank_transfer,Rivers,Port-Harcourt,01e7a632232003ba,2025-02-15 20:24:22,20,5,False
7ea92eb2-a513-41c0-b59d-9dddd3073051,CUS-00651,249.11,pos,Oyo,Ibadan South-West,08f9f05c9c55855c,2025-02-15 20:24:38,20,5,False
bc1f031c-ee26-433d-88b7-4318347ae613,CUS-00723,272.81,mobile_money,Osun,Osun-Central,184b6168e7b760ac,2025-02-15 20:25:00,20,5,True
30503c5f-d252-4cb7-a789-a3069cc9577f,CUS-00443,40592.04,mobile_money,Rivers,Obio-Akpor,e97edc4f801dfbb8,2025-02-15 20:32:10,20,5,False
7eef266e-be48-41d5-b75d-a2d8c849ec48,CUS-00723,154.77,pos,Osun,Osun-Central,184b6168e7b760ac,2025-02-15 20:38:00,20,5,True
47dcd959-a8f2-4ca7-aab6-b65a5e0bb600,CUS-00723,58.41,pos,Osun,Osun-Central,184b6168e7b760ac,2025-02-15 20:39:00,20,5,True
a3384dc5-b9e2-4b1b-9f32-ab420353a692,CUS-00723,95.51,mobile_money,Osun,Osun-Central,184b6168e7b760ac,2025-02-15 20:41:00,20,5,True
a8c8e5a7-dfb1-4073-b308-ee6a0e4bdafd,CUS-01274,4576.78,mobile_money,Abuja FCT,Kuje,c8401a675b0291f5,2025-02-15 20:45:43,20,5,False
b94c7b24-2e5f-43b7-8e72-428c5ef1ada5,CUS-00723,226.46,pos,Osun,Osun-Central,184b6168e7b760ac,2025-02-15 20:47:00,20,5,True
8c1e9488-ff19-463a-ac1f-1ea2b458f49f,CUS-01731,90.97,card,Enugu,Enugu North,82c0069192df81b9,2025-02-15 20:49:40,20,5,False
fae6a3a2-81b4-4e6a-a398-97667cd30027,CUS-01436,68.45,pos,Kano,Nassarawa,407a3276e36403ea,2025-02-15 20:53:04,20,5,False
ba955a09-3d37-4fe9-bb73-e2a9fbce4d2f,CUS-01391,421.06,ussd,Lagos,Alimosho,70e5fcb5aea0673c,2025-02-15 21:02:38,21,5,False
24923a63-93cd-4842-818b-39a1602cca57,CUS-00114,1169.1,mobile_money,Enugu,Nsukka,94888243a11da8b1,2025-02-15 21:06:01,21,5,False
fae542a3-3bf9-489b-b82f-310de3b9c247,CUS-00852,3808.03,pos,Lagos,Kosofe,dd00bd8dbc71a10f,2025-02-15 21:09:53,21,5,False
260dc7a9-fcb6-477f-a7cc-b908d6157ab1,CUS-01136,2497.57,mobile_money,Borno,Borno-Central,fb2927a454f16984,2025-02-15 21:21:09,21,5,False
983849db-13b0-46bb-b28e-86647f2c27e1,CUS-01591,39014.47,pos,Ogun,Ogun-Central,05a03d83a10ae565,2025-02-15 21:34:18,21,5,False
0f4578bf-a847-4f70-b6fb-d459718cf157,CUS-00296,348.66,pos,Kwara,Kwara-Central,68d9bede91204ef9,2025-02-15 21:52:47,21,5,False
7f1df4c7-54e6-4805-94ff-95802992437f,CUS-00009,1275.51,bank_transfer,Edo,Egor,792f9fd82adeeeda,2025-02-15 21:58:03,21,5,False
da59df11-a344-4afd-b1ba-1cd95a5f7748,CUS-00374,46027.66,pos,Lagos,Lagos Mainland,398280c5aebe72e8,2025-02-15 21:59:50,21,5,False
c1d0a1bf-3913-436b-a80b-d6080e7e8f7d,CUS-01100,4096.57,pos,Lagos,Agege,df1461afa6ea20c9,2025-02-16 00:23:28,0,6,False
211a4e35-7c0d-4f16-9039-0a9a9d1d8106,CUS-01714,351.71,card,Lagos,Ikorodu,d59695c0082ffb4e,2025-02-16 01:02:38,1,6,False
636a9d2b-a492-4489-b354-25fe3417e070,CUS-01995,533724.87,bank_transfer,Delta,Oshimili South,04be4355d3b8c73a,2025-02-16 01:19:00,1,6,True
309b6dd0-62f4-48d3-ab29-8a741b4a8fda,CUS-00689,175.67,ussd,Lagos,Mushin,4784d171657cbb42,2025-02-16 02:35:26,2,6,False
24768ef1-5633-4476-ad36-2598cfdb4828,CUS-01096,4870.6,card,Lagos,Lagos Mainland,41d538220b50c361,2025-02-16 03:08:25,3,6,False
76015f33-0056-41ea-8d64-b11c6760a440,CUS-00916,317.06,bank_transfer,Kano,Gwale,5bd822755a40195e,2025-02-16 03:17:49,3,6,False
e5f34702-9ea2-4e06-b144-802f36374457,CUS-00281,356604.45,bank_transfer,Kano,Nassarawa,542a9f775cb6c2c9,2025-02-16 03:53:00,3,6,True
3ab8fdad-80e5-4008-9880-0e0aa8fb309a,CUS-00021,73892.07,mobile_money,Lagos,Agege,2afb46bcbe3e328f,2025-02-16 05:19:51,5,6,False
a173a7fc-7cc8-4dae-9153-c4d2cb156ea9,CUS-01807,114.57,pos,Lagos,Lagos Mainland,39b75e6bcf7ef405,2025-02-16 06:05:00,6,6,True
b4344db9-b768-4ec6-979a-e6f00794dd3b,CUS-01238,14140.72,bank_transfer,Akwa Ibom,Akwa Ibom-Central,4f2883e80ffbe344,2025-02-16 06:08:00,6,6,True
b622d9b9-5b5f-43c6-b0a1-073bdb407fe1,CUS-01238,340.29,bank_transfer,Akwa Ibom,Akwa Ibom-Central,4f2883e80ffbe344,2025-02-16 06:12:00,6,6,True
b457ed85-9642-426b-8ba0-9dbd94d054f0,CUS-01807,287.14,mobile_money,Lagos,Lagos Mainland,39b75e6bcf7ef405,2025-02-16 06:16:00,6,6,True
839c8cef-bf73-4752-8e4a-947cdf0d0d36,CUS-01807,244.15,mobile_money,Lagos,Ikorodu,39b75e6bcf7ef405,2025-02-16 06:31:00,6,6,True
6a2287d7-832c-43cb-a948-5060b7943dd5,CUS-01469,10911.8,bank_transfer,Abia,Abia-Central,b7d959007e88c959,2025-02-16 06:34:00,6,6,True
1e751add-d6cb-4e16-bbe3-3b1bff7ac38e,CUS-01179,128.11,mobile_money,Oyo,Ogbomoso,d58684393c60ad84,2025-02-16 06:37:36,6,6,False
c6275dcb-4428-44b4-8136-0ed8967c272b,CUS-01807,489.48,ussd,Lagos,Agege,39b75e6bcf7ef405,2025-02-16 06:40:00,6,6,True
3cbf8aaf-5e21-47dd-9cdf-670519dadeec,CUS-01807,291.08,mobile_money,Lagos,Ikeja,39b75e6bcf7ef405,2025-02-16 06:42:00,6,6,True
07f4082a-128a-4d0c-98e4-f940ec7fa0b8,CUS-01469,446.27,mobile_money,Abia,Abia-Central,b7d959007e88c959,2025-02-16 06:50:00,6,6,True
b0bfc461-fe13-4659-b7f9-efc105dd9a03,CUS-01238,422.93,pos,Akwa Ibom,Akwa Ibom-Central,4f2883e80ffbe344,2025-02-16 06:58:00,6,6,True
06cba1fa-67de-4c21-b8ba-fcf4ebea6a96,CUS-01238,23128.48,bank_transfer,Akwa Ibom,Akwa Ibom-Central,4f2883e80ffbe344,2025-02-16 07:04:00,7,6,True
71f12c0b-e225-46a9-99d9-c38a05102694,CUS-01238,60440.42,bank_transfer,Akwa Ibom,Akwa Ibom-Central,4f2883e80ffbe344,2025-02-16 08:07:00,8,6,True
4a61b251-b2d0-41e9-8d8b-d4704f81804e,CUS-00001,2532.68,pos,Katsina,Katsina-Central,5aa95e554d626a96,2025-02-16 09:33:36,9,6,False
29efd163-1882-42fe-abe1-390425a71ea9,CUS-00924,970887.39,ussd,Rivers,Eleme,d494faa3deaae833,2025-02-16 09:36:11,9,6,False
2272b844-e5b2-4011-95e6-d8c7da9702a1,CUS-01777,473952.0,bank_transfer,Rivers,Port-Harcourt,3b6b26cc8eb04698,2025-02-16 09:48:32,9,6,False
079dcda6-d0a3-476c-9963-e9491027e9bd,CUS-01875,3315.53,bank_transfer,Oyo,Ibadan South-West,e2ff9bcd14190600,2025-02-16 09:49:06,9,6,False
9a47c0b0-22c8-4b37-b9e8-10a6ec622f55,CUS-01931,13340.11,pos,Oyo,Ogbomoso,13794813dded1c14,2025-02-16 09:51:03,9,6,False
6bad30a0-ad1a-4873-9421-a75d4ddf552e,CUS-00160,768881.91,mobile_money,Rivers,Eleme,41f1f5f17bc5f662,2025-02-16 09:53:35,9,6,False
694cb48b-d162-4f9e-aeec-758df953a135,CUS-01972,1961.45,bank_transfer,Kano,Fagge,148853bb0db7c749,2025-02-16 09:54:30,9,6,False
ea9acb0d-834b-4965-b839-4e58e1a8e093,CUS-01074,97957.18,bank_transfer,Ogun,Ogun-Central,116b5e1551705cfb,2025-02-16 09:56:53,9,6,False
d57af895-e4e1-4ebf-9e0b-1dd519af6479,CUS-01469,438.92,mobile_money,Abia,Abia-Central,b7d959007e88c959,2025-02-16 10:01:00,10,6,True
46d589fa-70b9-4755-9606-bf44d1e698ec,CUS-01667,921.15,pos,Yobe,Yobe-Central,7e4e3afc85b0c8b0,2025-02-16 10:02:57,10,6,False
2a04ae79-f492-4070-8f3e-2a145c02b493,CUS-01238,4015.39,bank_transfer,Akwa Ibom,Akwa Ibom-Central,4f2883e80ffbe344,2025-02-16 10:03:00,10,6,True
d5f5424e-3ce7-49fc-9221-1073932ec82e,CUS-01469,15264.08,mobile_money,Abia,Abia-Central,b7d959007e88c959,2025-02-16 10:04:00,10,6,True
bbe64606-4018-45a4-b447-0fd656f392ef,CUS-01132,3975.83,ussd,Lagos,Eti-Osa,cda0f4186c3affa8,2025-02-16 10:05:45,10,6,False
7497c453-c3c2-4ce1-9aaa-7c84cea6682c,CUS-00939,2804.02,pos,Oyo,Oyo East,ea080fb45b3fdb88,2025-02-16 10:09:19,10,6,False
f0a90d47-ea4b-421e-9f3e-28a1b17a0e60,CUS-01040,190.45,pos,Oyo,Ogbomoso,e8144f079b7433da,2025-02-16 10:11:13,10,6,False
239f655d-4ac3-4826-8fbb-40d44b4decb0,CUS-00635,99478.65,mobile_money,Abuja FCT,Gwagwalada,d3e87928d9822db9,2025-02-16 10:12:55,10,6,False
8bad69f0-c1bc-41b0-8b27-2b23c4f4d270,CUS-00544,152.9,pos,Enugu,Nsukka,7c1e957e56743c52,2025-02-16 10:16:31,10,6,False
7a5822a5-e391-4505-8d40-a439111acc7d,CUS-01849,50.12,pos,Delta,Warri South,18e60b69544688c6,2025-02-16 10:28:40,10,6,False
50611d31-5dad-4430-a0c1-908b61f4d182,CUS-01528,453.84,card,Benue,Benue-Central,f61ecd1138c844c4,2025-02-16 10:40:42,10,6,False
4fda604b-a81b-4742-8ac3-ee13032d4c92,CUS-01524,275.38,ussd,Abuja FCT,Bwari,e9b082843f2915d1,2025-02-16 10:43:52,10,6,False
edbe52f2-e2f0-4ed7-9d72-ca28127858a8,CUS-01517,493334.51,pos,Nassarawa,Nassarawa-Central,beeded9bdc46ff19,2025-02-16 10:47:56,10,6,False
1216351e-5bf5-474a-9aa6-a026b27fe9b3,CUS-00998,42331.92,pos,Katsina,Katsina-Central,8c015b135d544e72,2025-02-16 10:50:44,10,6,False
339097f3-afd8-4eb3-8eed-6a1f24f0641d,CUS-00713,50.3,pos,Rivers,Port-Harcourt,93be4c8e97ea3203,2025-02-16 11:04:47,11,6,False
71931cf3-31b9-4f82-be4c-3cc1c8735e63,CUS-01238,230.63,bank_transfer,Akwa Ibom,Akwa Ibom-Central,4f2883e80ffbe344,2025-02-16 11:08:00,11,6,True
a1fa7ce1-0f49-4265-af25-a182ac7f9db0,CUS-00200,1205.02,card,Delta,Warri South,e5089c203eaf3bcc,2025-02-16 11:10:51,11,6,False
68ee59e1-84d5-4b51-b846-7a2bef9d1a86,CUS-00780,93199.02,pos,Edo,Ikpoba-Okha,f51cc411e2fd45d3,2025-02-16 11:11:11,11,6,False
dd224520-53c0-4546-9615-65653fbf76bb,CUS-01240,445.16,bank_transfer,Zamfara,Zamfara-Central,f5775cd8fefcfb0a,2025-02-16 11:29:49,11,6,False
b20a802d-032b-4a1e-9ca7-ed8a18dedaa1,CUS-01469,3552.06,pos,Abia,Abia-Central,b7d959007e88c959,2025-02-16 11:36:00,11,6,True
ee4e308e-c0ea-4521-87cd-bf63fe35f12a,CUS-01238,231.26,bank_transfer,Akwa Ibom,Akwa Ibom-Central,4f2883e80ffbe344,2025-02-16 11:41:00,11,6,True
da782a64-ebf8-474d-a22a-b0405a107afa,CUS-01855,4501.87,bank_transfer,Kano,Tarauni,5f2890bf6a138d02,2025-02-16 12:00:00,12,6,True
6f855c18-57a3-4689-8fd1-f605f20ebd87,CUS-01855,1382.98,card,Delta,Uvwie,5f2890bf6a138d02,2025-02-16 12:11:00,12,6,True
50f26106-1426-4b97-a806-f10aee5b2bbd,CUS-01704,1341.95,ussd,Rivers,Oyigbo,3f93833aee85b8e1,2025-02-16 12:16:35,12,6,False
901a62cf-e0fc-48a4-9d2c-abeee9986fba,CUS-00342,576122.64,pos,Lagos,Surulere,1ef61af4ad918042,2025-02-16 12:18:14,12,6,False
c3c13b0f-d4aa-483c-af75-e3d95a40d878,CUS-01742,141.53,mobile_money,Kwara,Kwara-Central,d2a3e6ca8f72aef1,2025-02-16 12:20:52,12,6,False
d65b4fa4-ac78-4cf6-ac82-74ef2cef5118,CUS-00945,203.43,pos,Lagos,Alimosho,db2cd3afbd5edf20,2025-02-16 12:23:12,12,6,False
89d9d046-47dd-4d82-8092-6018957f94cf,CUS-01138,172.42,bank_transfer,Abuja FCT,Gwagwalada,927ad78e9082ea6e,2025-02-16 12:28:51,12,6,False
1e08c495-1514-48e2-8bc6-00feec10a0e8,CUS-01858,149.48,bank_transfer,Borno,Borno-Central,b8cde3602eceb2be,2025-02-16 12:31:54,12,6,False
1cf33232-8bf9-4a05-8c4d-10f8f43dafcb,CUS-00654,56426.86,bank_transfer,Rivers,Obio-Akpor,d80e202bf8770361,2025-02-16 12:52:19,12,6,False
5b49280b-a383-4953-97f3-911efc31bbae,CUS-01238,793916.97,pos,Akwa Ibom,Akwa Ibom-Central,4f2883e80ffbe344,2025-02-16 12:53:00,12,6,True
93bc7c92-00a0-4522-a161-e7e91bdaa4ca,CUS-00930,314.66,bank_transfer,Lagos,Kosofe,74c22ecde730501a,2025-02-16 12:55:40,12,6,False
32c4ee77-0858-42b6-91d4-93fd7ccd7d93,CUS-01600,617652.41,ussd,Lagos,Surulere,1bdb95d9acf8fbb3,2025-02-16 13:00:42,13,6,False
6097b3ab-c496-4982-b71e-1e79df626ec7,CUS-00732,2574.65,ussd,Delta,Warri South,d2fa86ca5f1299e7,2025-02-16 13:01:36,13,6,False
2a3085b7-abec-40ec-84d3-0a18c633a77a,CUS-00247,1751.62,mobile_money,Akwa Ibom,Akwa Ibom-Central,24e158ba75483b7c,2025-02-16 13:04:01,13,6,False
5b4cc745-8807-4288-acca-25c4827c8929,CUS-00718,49580.45,mobile_money,Lagos,Kosofe,c61f22f1a32fbbb4,2025-02-16 13:18:03,13,6,False
af9f51d3-83bb-42a0-aa01-a61d861f97c0,CUS-00013,33835.09,pos,Lagos,Lagos Mainland,c3b8b5c1699a40c1,2025-02-16 13:24:52,13,6,False
2943ded6-6065-45ba-b288-66764918eecf,CUS-00992,214.95,bank_transfer,Kano,Gwale,9efb5fcc24e336a3,2025-02-16 13:33:06,13,6,False
f0787d41-0214-4950-89cc-cbd1499bee28,CUS-01469,330.87,pos,Abia,Abia-Central,b7d959007e88c959,2025-02-16 13:36:00,13,6,True
45f38a27-4e72-4dbd-99bd-0d271935f434,CUS-01036,99978.58,bank_transfer,Kano,Dala,2600188299f78a75,2025-02-16 13:43:31,13,6,False
4f1df5ce-86ff-48b9-8d46-84d364ed918f,CUS-00853,897313.93,ussd,Nassarawa,Nassarawa-Central,be466e32ca37e9cd,2025-02-16 13:47:50,13,6,False
2c18e2be-fe1a-487a-97bc-c40100db86cd,CUS-01346,2075.43,pos,Kano,Nassarawa,c0097357ef2523fd,2025-02-16 13:48:36,13,6,False
4b0ffbb3-45c2-4604-85a5-3e775a76a067,CUS-01190,72003.05,pos,Lagos,Ikeja,880b7d20de1a5a08,2025-02-16 13:49:39,13,6,False
11ce95ec-2fbc-42a2-9947-5afa7710d9ad,CUS-01965,21250.71,bank_transfer,Kaduna,Kaduna North,9156bf2ac5339cda,2025-02-16 13:51:01,13,6,False
cc462172-d2f8-4cba-b028-714de51846ba,CUS-01844,105055.52,pos,Jigawa,Jigawa-Central,1c72f4beb92ebf41,2025-02-16 13:56:49,13,6,False
f153ee0d-7fbb-4c75-b061-5340ecaf3625,CUS-00076,4638.01,pos,Abia,Abia-Central,4811e029a88bf94c,2025-02-16 14:33:15,14,6,False
6f8b6b35-7e77-4dfc-951d-9d8deb442ba6,CUS-00368,3093.01,pos,Lagos,Surulere,fbea58cfa25efa40,2025-02-16 14:41:18,14,6,False
d14736a0-87d5-4564-938e-03e34da4c877,CUS-01086,12043.59,bank_transfer,Kaduna,Kaduna South,bc03b7ced93c35fb,2025-02-16 14:56:07,14,6,False
e412a4a0-3406-4688-9978-9203c938ed5a,CUS-01939,3680.86,bank_transfer,Lagos,Kosofe,8768ba6957f10aa1,2025-02-16 15:18:20,15,6,False
8df97e6a-9de5-48df-87c2-f61fdaadc9d4,CUS-01126,3310.92,mobile_money,Lagos,Alimosho,4dbdfcbd94e9e972,2025-02-16 15:23:42,15,6,False
7f6b8556-0c01-4062-973f-2c096fcbe63b,CUS-00517,2046.46,pos,Benue,Benue-Central,ae544b55a6d75903,2025-02-16 15:26:29,15,6,False
5cd36385-a911-4fb4-a580-5bc5b6027062,CUS-01429,4129.47,pos,Zamfara,Zamfara-Central,0844d2ec77bed896,2025-02-16 15:26:41,15,6,False
193be9b7-6bc6-4572-8e0f-cd00af043a47,CUS-00707,27608.8,pos,Benue,Benue-Central,ed8aa376fb7b4e17,2025-02-16 15:37:35,15,6,False
d8c615a5-f2d8-4b30-a25f-2b7b749a7fd8,CUS-00653,4385.74,pos,Osun,Osun-Central,e8a1a2cdb5cf364e,2025-02-16 15:40:52,15,6,False
41bfabf7-15ac-48fe-a6a9-f72f3cd2f0fd,CUS-01460,61239.27,pos,Rivers,Port-Harcourt,b1d49046bd80c6c6,2025-02-16 15:43:48,15,6,False
9e65d7ec-b16e-4ddf-9a8c-a5b2b95991e4,CUS-00947,653813.06,bank_transfer,Nassarawa,Nassarawa-Central,16f02fc59c758e76,2025-02-16 15:47:26,15,6,False
a25d0828-88e9-4ff7-939c-628a15e7237f,CUS-01238,78872.15,mobile_money,Akwa Ibom,Akwa Ibom-Central,4f2883e80ffbe344,2025-02-16 16:00:00,16,6,True
329a2d58-3754-4142-a225-f93a1b44d319,CUS-00940,251.15,ussd,Kano,Kumbotso,d775c49123cefbad,2025-02-16 16:02:00,16,6,True
afe7b792-134e-4361-a162-fef45d8c14b4,CUS-00505,3608.73,pos,Lagos,Mushin,d355a859cfb7d778,2025-02-16 16:03:25,16,6,False
9da4351b-f58a-4dbb-a998-79cd54083264,CUS-00940,148.09,ussd,Kano,Dala,d775c49123cefbad,2025-02-16 16:04:00,16,6,True
01936e59-7bec-44e8-8296-48aec6675637,CUS-00940,204.66,pos,Kano,Fagge,d775c49123cefbad,2025-02-16 16:04:00,16,6,True
eb87b6b6-7e92-4a0a-98e7-0c048ac7ffbe,CUS-01784,55358.84,mobile_money,Delta,Oshimili South,418192c8ffc6e281,2025-02-16 16:06:58,16,6,False
c0884e47-6726-417d-b12f-1fb56860971f,CUS-00940,448.93,ussd,Kano,Fagge,d775c49123cefbad,2025-02-16 16:09:00,16,6,True
9b69ac99-68b8-4cdc-910c-f6e0fc437701,CUS-00940,403.12,mobile_money,Kano,Kumbotso,d775c49123cefbad,2025-02-16 16:10:00,16,6,True
ae2bec3c-72d2-4b9c-8f8d-bc45c121c39b,CUS-00940,246.03,mobile_money,Kano,Tarauni,d775c49123cefbad,2025-02-16 16:17:00,16,6,True
0f0da386-f93f-4f54-b125-1eca3e4dbcc7,CUS-00940,377.36,pos,Kano,Dala,d775c49123cefbad,2025-02-16 16:24:00,16,6,True
7a27f746-1f37-4ad1-8fe7-dc35c29602d5,CUS-00624,332.14,pos,Enugu,Nsukka,e9a78c3fde372bda,2025-02-16 16:24:06,16,6,False
1e3d9ace-9841-4a24-ad33-6b8821f65b9b,CUS-01232,1338.24,bank_transfer,Lagos,Mushin,3bdc663f1724f3e8,2025-02-16 16:25:08,16,6,False
115cbb67-6561-4bb5-9861-7293404192d9,CUS-00940,285.44,pos,Kano,Fagge,d775c49123cefbad,2025-02-16 16:31:00,16,6,True
b8440965-90f9-4cd4-8c75-d27555eb7cf4,CUS-01521,2226.8,bank_transfer,Gombe,Gombe-Central,8a4f89454d8ec02c,2025-02-16 16:46:16,16,6,False
529ced1d-aa4a-4ce2-80de-f187058ebcc7,CUS-01988,62269.5,pos,Rivers,Port-Harcourt,888331b4af3c2f9e,2025-02-16 16:49:10,16,6,False
dfc46935-04f4-408a-a578-b6cb5ddf6022,CUS-01004,83783.75,bank_transfer,Benue,Benue-Central,7bbb4ca42bb205b3,2025-02-16 16:49:32,16,6,False
aee1154d-006e-4fe5-876d-b62193573b25,CUS-00732,95355.28,pos,Delta,Oshimili South,d2fa86ca5f1299e7,2025-02-16 16:53:10,16,6,False
9ec5f3f2-567a-430b-84c2-1e0ba9d8e7d1,CUS-01004,50.54,bank_transfer,Benue,Benue-Central,7bbb4ca42bb205b3,2025-02-16 17:03:04,17,6,False
729df4f9-90bb-48e4-943b-34d4d9fbe47b,CUS-00854,16142.54,pos,Lagos,Mushin,8339578503fb8b90,2025-02-16 17:06:45,17,6,False
9c031fe3-15cc-40ba-9b7d-773c5deb5edf,CUS-01416,74110.32,pos,Lagos,Alimosho,ec384e46e51f1e64,2025-02-16 17:12:45,17,6,False
b4c979cd-7042-411e-b297-61b215a8c769,CUS-00999,2383.56,ussd,Abuja FCT,Gwagwalada,8dbc71eab1346379,2025-02-16 17:16:11,17,6,False
08a1269d-21bc-4471-a7b5-fe197166b2ed,CUS-01499,349.67,mobile_money,Zamfara,Zamfara-Central,ad409298faa385ec,2025-02-16 17:16:46,17,6,False
a930f7c8-612a-47e1-a8f2-cf444a029eb9,CUS-00470,46565.48,pos,Lagos,Eti-Osa,b0cb7539e22a7ed7,2025-02-16 17:31:40,17,6,False
59aa1e86-81c4-46f5-961d-5dfd5360e43d,CUS-00875,199.86,bank_transfer,Lagos,Eti-Osa,72e07687895ad0c6,2025-02-16 17:38:58,17,6,False
d8268c40-783c-4187-bbde-99c9c59b2882,CUS-01596,634468.93,pos,Kano,Tarauni,c8c331c571be68fb,2025-02-16 17:50:49,17,6,False
93e7b614-f868-4101-b8b8-e1c4162e866c,CUS-01238,308.34,mobile_money,Akwa Ibom,Akwa Ibom-Central,4f2883e80ffbe344,2025-02-16 17:57:00,17,6,True
e3def28a-bb48-4c3f-9087-6d006b00180b,CUS-01140,53883.48,pos,Plateau,Plateau-Central,5f6457a7a17fb30a,2025-02-16 18:10:20,18,6,False
fda79a5f-993b-45e2-8749-6d3e71d4ed65,CUS-01238,63401.8,bank_transfer,Akwa Ibom,Akwa Ibom-Central,4f2883e80ffbe344,2025-02-16 18:12:00,18,6,True
36d67953-04c8-477b-a1cc-deafefbbfe70,CUS-00506,274915.98,ussd,Taraba,Taraba-Central,36d937528a49042b,2025-02-16 18:17:23,18,6,False
baf2c0be-a525-4747-a2a5-3ce1cde110e3,CUS-00641,2625.15,pos,Kano,Dala,c1fd4d3150507d26,2025-02-16 18:21:27,18,6,False
cfe9639f-0127-40df-b48b-fb267e04e27a,CUS-01413,90016.48,pos,Lagos,Mushin,f3169884d2025deb,2025-02-16 18:23:58,18,6,False
f6d7c088-4162-4c22-a0f5-8c4bc85fdf94,CUS-01188,3455.69,mobile_money,Kano,Gwale,fe8326e203ab14be,2025-02-16 18:26:37,18,6,False
b565775e-3a59-4fff-9158-07c2f3f75344,CUS-01357,880431.15,pos,Rivers,Eleme,cf511cec9f71a1aa,2025-02-16 18:30:57,18,6,False
793c0662-346c-461b-bf3d-dbeada08d2c2,CUS-00530,2708.65,mobile_money,Benue,Benue-Central,c87ff27a0ddd5155,2025-02-16 18:47:26,18,6,False
93dcb56e-73d4-473c-bc56-d7b00dae7c41,CUS-01469,72.62,mobile_money,Abia,Abia-Central,b7d959007e88c959,2025-02-16 18:49:00,18,6,True
f25b0baf-160b-430a-9051-5216209c151d,CUS-01124,262.7,mobile_money,Delta,Warri South,3dbb07609529ef76,2025-02-16 18:51:29,18,6,False
455c1676-d825-4d3c-8ebc-7addbd8be70c,CUS-01238,4676.19,bank_transfer,Akwa Ibom,Akwa Ibom-Central,4f2883e80ffbe344,2025-02-16 19:08:00,19,6,True
35022ce8-4e72-4c10-9d64-fb984e7046b1,CUS-01551,3675.6,pos,Kaduna,Kaduna North,edf0c9922b691d14,2025-02-16 19:22:46,19,6,False
20a54b02-cb2e-4e6e-8f6d-1faa6e9b3163,CUS-01611,1631.74,pos,Delta,Uvwie,aa648247ee837f3b,2025-02-16 19:49:00,19,6,False
681c80ce-d6d6-4fdc-af20-ca97df45242f,CUS-01469,12685.38,mobile_money,Abia,Abia-Central,b7d959007e88c959,2025-02-16 20:10:00,20,6,True
250724d1-fb75-4110-b79e-d87e8b1a9ea9,CUS-00046,2696.27,pos,Kano,Kumbotso,18464df2f2c6b764,2025-02-16 20:12:04,20,6,False
02c72885-fe2a-44c3-b512-2f224d25cf4a,CUS-01469,84.41,mobile_money,Abia,Abia-Central,b7d959007e88c959,2025-02-16 20:13:00,20,6,True
1c41b1c9-ac2a-4244-bfd6-7833d3e98022,CUS-01648,44404.28,bank_transfer,Abia,Abia-Central,fed032d7d6ce8d9b,2025-02-16 20:23:53,20,6,False
a029943f-ee94-473a-a8a2-b26a9843b841,CUS-01645,366633.97,mobile_money,Kwara,Kwara-Central,28718c1a00f4bf11,2025-02-16 20:29:28,20,6,False
9bd15b03-f591-40bc-b15c-ff9b8a1ef587,CUS-01608,4787.71,ussd,Lagos,Agege,e28254d03af7dce0,2025-02-16 20:39:29,20,6,False
48569724-beb1-4d79-a47d-699a2d600c36,CUS-00024,487.63,bank_transfer,Abuja FCT,Gwagwalada,d95a9bb935b93c8c,2025-02-16 20:41:22,20,6,False
577acb9d-ea18-4ece-8923-581ef67c2399,CUS-00084,3238.31,bank_transfer,Kano,Fagge,31075b13f8b10ce4,2025-02-16 20:41:41,20,6,False
525f2c12-08ac-4f60-88ae-b3910dd8521b,CUS-00581,52763.85,ussd,Ekiti,Ekiti-Central,776ab7b687026c79,2025-02-16 20:43:04,20,6,False
ea148b00-f8e8-4480-8e2a-bd842aaaab87,CUS-00372,145.49,mobile_money,Lagos,Lagos Mainland,131ea15f92860a0b,2025-02-16 20:45:34,20,6,False
07050d47-bf4f-491c-a2d8-dac8f447ae21,CUS-00945,1605.15,card,Lagos,Agege,db2cd3afbd5edf20,2025-02-16 20:51:43,20,6,False
b7bb637b-529c-43dd-a6ca-04a7f641fcb7,CUS-01283,559.89,ussd,Lagos,Kosofe,c5bbd7ccda625b32,2025-02-16 20:51:59,20,6,False
47d80c20-41f7-4331-b830-a5dfc0b77823,CUS-00400,1095.68,pos,Lagos,Mushin,5a7139589bfd1fa4,2025-02-16 20:55:26,20,6,False
9730fcf9-52c7-4ba2-97b7-f8a9c3071873,CUS-00189,83263.52,mobile_money,Lagos,Kosofe,7fae21bb8ec0cbdf,2025-02-16 21:06:33,21,6,False
7a28163a-cc40-45d6-87da-ce61cb4d3f52,CUS-00077,485.94,pos,Lagos,Ikeja,002e09c381b02971,2025-02-16 21:15:06,21,6,False
8f662b75-1262-4b64-9901-90f40154e4fe,CUS-01765,4778.26,pos,Kano,Dala,d1d47db5164f8c24,2025-02-16 21:17:57,21,6,False
77acd40b-824d-42d9-80b7-8cbacedbd369,CUS-01238,56.1,pos,Akwa Ibom,Akwa Ibom-Central,4f2883e80ffbe344,2025-02-16 21:30:00,21,6,True
00ce3f39-6e03-4ac5-839a-899800e31d78,CUS-00565,278.8,pos,Kaduna,Kaduna North,0d3ddcef520e555e,2025-02-16 21:48:31,21,6,False
d80f2fbb-f06e-4e01-8cfb-beb6c0562191,CUS-01469,377.24,pos,Abia,Abia-Central,b7d959007e88c959,2025-02-16 22:14:00,22,6,True
aa7b944a-4921-43e6-88b7-9358f8ef8aa4,CUS-01275,104.95,mobile_money,Lagos,Alimosho,9b96ba82f57290ea,2025-02-16 23:47:16,23,6,False
fdb56073-5e25-40c3-a2cc-3352cd38b112,CUS-01199,693082.89,bank_transfer,Lagos,Surulere,87823df2b69fc0a4,2025-02-17 00:30:00,0,0,True
ec4d2a11-4fa8-44d2-95e7-68ad6606268a,CUS-01107,177.55,pos,Kwara,Kwara-Central,3a15b34bb5d0c2d2,2025-02-17 01:22:20,1,0,False
0d6931f3-b8e4-44d4-81ab-7d9c409a3b64,CUS-01405,1328.25,mobile_money,Abuja FCT,Gwagwalada,9033ea62c400217c,2025-02-17 02:43:05,2,0,False
ce647bd9-b367-43ff-a567-f8b49e9f9e07,CUS-01092,242.19,pos,Kaduna,Kaduna South,655ea023cd8808e5,2025-02-17 02:51:17,2,0,False
c65f4527-1993-4607-8b38-a7808675c09f,CUS-00960,67372.58,pos,Lagos,Mushin,49ef09fbe609636a,2025-02-17 03:46:20,3,0,False
17cf5112-1163-4a01-b09b-4af4179870ac,CUS-00520,85598.62,mobile_money,Kaduna,Kaduna South,adae2c28918ee49e,2025-02-17 03:47:57,3,0,False
6a048647-2a4a-45fe-8710-131ff3bfb56c,CUS-01648,2731.28,bank_transfer,Abia,Abia-Central,fed032d7d6ce8d9b,2025-02-17 04:26:21,4,0,False
f6c50253-5099-4d92-bb78-70d7eb392c71,CUS-00605,358.05,bank_transfer,Abuja FCT,Municipal,8cb5ca4807fafe31,2025-02-17 06:02:00,6,0,True
a13e835a-2de4-4477-8b0c-81e76fcbf26f,CUS-00594,3308.73,pos,Nassarawa,Nassarawa-Central,62169e9b81a796c6,2025-02-17 06:42:01,6,0,False
afeaaff0-34e7-4dcc-a5c3-679456b6e51d,CUS-01345,53502.28,mobile_money,Rivers,Obio-Akpor,56fab3a79333298f,2025-02-17 06:43:41,6,0,False
638f3625-e441-4b0d-84b0-c2da4ba85b22,CUS-00552,818322.89,mobile_money,Oyo,Ibadan South-West,39540e3ee814dbfd,2025-02-17 07:12:25,7,0,False
0aafcc65-432b-4522-82b2-534e746533b4,CUS-01885,8953.38,ussd,Abuja FCT,Kuje,18c0900df3cb458f,2025-02-17 07:18:51,7,0,False
f26c2f5a-efb6-4157-8c67-1f0c644e8fd4,CUS-01382,42085.54,ussd,Bayelsa,Bayelsa-Central,e574935d513d27c9,2025-02-17 07:25:48,7,0,False
7de3faf6-eaa9-4a73-aca0-b1cf8d9b7aea,CUS-00605,852629.55,card,Abuja FCT,Bwari,8cb5ca4807fafe31,2025-02-17 07:39:00,7,0,True
f853b96c-62da-416e-91ea-9d985999c409,CUS-00058,439.01,mobile_money,Lagos,Agege,6cc0593d9e8935b9,2025-02-17 09:02:37,9,0,False
47ab5e9f-387a-475b-9663-bfb95edaab10,CUS-01019,3262.06,card,Lagos,Lagos Mainland,854b455985debb27,2025-02-17 09:17:50,9,0,False
3c02b2f0-3061-4e69-942c-daa9bd8ed748,CUS-01552,23781.98,bank_transfer,Plateau,Plateau-Central,e549c97f10bbeafe,2025-02-17 09:27:22,9,0,False
6786e465-05b7-429b-bf90-ca2ec79c0def,CUS-00862,56430.84,card,Oyo,Ibadan South-West,c408d8c18eab051a,2025-02-17 09:39:04,9,0,False
93fc90e8-7161-4566-8a4c-01152ba049dd,CUS-01026,117.6,ussd,Sokoto,Sokoto-Central,b9f0059e1f96f53d,2025-02-17 09:44:11,9,0,False
5a1da729-9e1c-4d4e-ac18-56cdbbd90051,CUS-01477,3627.74,bank_transfer,Kwara,Kwara-Central,0c69db5eca4b3cc2,2025-02-17 09:51:54,9,0,False
179aec77-a3ed-47a0-a0f6-fcfe985fc90a,CUS-01280,225748.51,mobile_money,Enugu,Nsukka,de49824b2d71bf04,2025-02-17 09:54:50,9,0,False
779eec6a-1316-4d37-8246-3430adfcc81e,CUS-01450,3833.51,bank_transfer,Abuja FCT,Gwagwalada,a67e56126bd88f86,2025-02-17 09:56:12,9,0,False
9b8ec823-3f7c-4c09-8288-ec76ddf1b926,CUS-00507,341.25,bank_transfer,Plateau,Plateau-Central,f0f00c7123d03468,2025-02-17 09:56:56,9,0,False
206ff8b9-b8f9-41c8-b51d-833227007f78,CUS-01125,4967.54,mobile_money,Rivers,Port-Harcourt,b63037c4f1608ebc,2025-02-17 10:00:00,10,0,True
ee5bb5dc-4b9a-4fe8-908f-479c475dc124,CUS-01084,626.01,ussd,Lagos,Surulere,45900ef4a6edba31,2025-02-17 10:00:00,10,0,True
8a1a7c5a-d9af-479b-828e-7ba6c24b7284,CUS-01867,2449.54,mobile_money,Lagos,Lagos Mainland,6ac201ad911de038,2025-02-17 10:15:00,10,0,False
b512cade-1e60-4fe8-b55f-df897f8acf2d,CUS-01125,2172.45,card,Kano,Nassarawa,b63037c4f1608ebc,2025-02-17 10:16:00,10,0,True
4a969ace-fde7-4987-b470-636278498437,CUS-01084,82464.06,bank_transfer,Sokoto,Sokoto-Central,45900ef4a6edba31,2025-02-17 10:18:00,10,0,True
77b3bbd8-ca78-402b-976d-42e3fd82a64a,CUS-00231,1820.0,pos,Abuja FCT,Gwagwalada,4e6b4b041a5e1044,2025-02-17 10:28:38,10,0,False
45fb8a87-099c-48ae-8022-43c43c19082f,CUS-01844,117.35,pos,Jigawa,Jigawa-Central,1c72f4beb92ebf41,2025-02-17 10:30:03,10,0,False
95027df7-6f64-4028-9d8f-a63752c88b34,CUS-01046,174.6,bank_transfer,Lagos,Oshodi-Isolo,c52f52dc913fa04c,2025-02-17 10:31:09,10,0,False
e5906a51-15ba-4fd1-afb5-982301ae88b2,CUS-00140,346.39,mobile_money,Akwa Ibom,Akwa Ibom-Central,26931b3f53dc8f43,2025-02-17 10:39:29,10,0,False
20d4e9f6-6b30-4213-a218-ddafcc8c0d95,CUS-00649,3474.38,bank_transfer,Abuja FCT,Bwari,3f03ff507eba6113,2025-02-17 10:39:59,10,0,False
8300922b-e578-4883-8229-ad9d79065753,CUS-01557,4735.81,bank_transfer,Rivers,Obio-Akpor,581d8d836fa71304,2025-02-17 10:41:03,10,0,False
8a3d44f8-810e-4abf-b184-3c89ba578339,CUS-00605,26052.02,pos,Abuja FCT,Municipal,8cb5ca4807fafe31,2025-02-17 10:56:00,10,0,True
24359b05-cbb9-4b7e-b9bc-c95d8411273b,CUS-00723,4806.0,bank_transfer,Osun,Osun-Central,184b6168e7b760ac,2025-02-17 11:00:21,11,0,False
df035439-00a0-4f0a-b22f-7296d8c5e416,CUS-00240,466.19,mobile_money,Jigawa,Jigawa-Central,9d3432010bb1f785,2025-02-17 11:07:40,11,0,False
28c6e1a0-bfce-49d0-8bb5-7f2690aacb08,CUS-00572,89996.68,pos,Rivers,Port-Harcourt,45fc6ca0a6b2f981,2025-02-17 11:10:24,11,0,False
ec82fddc-4ec7-4a2b-8c68-87178d9ef569,CUS-00196,93752.27,bank_transfer,Ondo,Ondo-Central,79d82d14604d462e,2025-02-17 11:10:48,11,0,False
1597d8ac-0ebe-4768-ba04-b19a4f2a2bae,CUS-00713,91743.38,pos,Rivers,Eleme,93be4c8e97ea3203,2025-02-17 11:21:27,11,0,False
cb89adf2-c73f-4c4e-856e-cd74d93d270e,CUS-00605,168.47,pos,Abuja FCT,Kuje,8cb5ca4807fafe31,2025-02-17 11:30:00,11,0,True
26b07016-f6d8-4ab3-9497-bbb7a20c04cc,CUS-00605,1458.31,mobile_money,Abuja FCT,Bwari,8cb5ca4807fafe31,2025-02-17 11:42:00,11,0,True
a112aa6e-186d-4447-9922-9942b057be01,CUS-00296,489.91,pos,Kwara,Kwara-Central,68d9bede91204ef9,2025-02-17 11:49:26,11,0,False
7b68008f-37a2-450a-9227-3e85cffcbce2,CUS-00789,964.09,card,Jigawa,Jigawa-Central,7fe492226e84ff2c,2025-02-17 11:50:12,11,0,False
8a37a5b6-97f1-43ae-ba3a-90f79e9434b5,CUS-00605,156.5,mobile_money,Abuja FCT,Kuje,8cb5ca4807fafe31,2025-02-17 11:53:00,11,0,True
f8b763e3-7bb2-477e-839e-78f4a662a8e9,CUS-00486,185.14,mobile_money,Lagos,Oshodi-Isolo,eef581881ffc0e65,2025-02-17 11:53:26,11,0,False
0ccd92e9-4399-4be2-befe-d84434243c8c,CUS-00781,2900.43,mobile_money,Oyo,Ibadan North,4abb7fe5659561a5,2025-02-17 11:59:27,11,0,False
67bc3805-e3d8-4481-898d-7480ff740739,CUS-00784,18755.44,pos,Lagos,Kosofe,3fa31762f92bb220,2025-02-17 12:06:45,12,0,False
74f1f7e7-2aa3-4cdc-bcd2-92bd6b84e155,CUS-01896,406993.71,pos,Kaduna,Kaduna North,6c0c831c8a5b6324,2025-02-17 12:09:27,12,0,False
86b53886-81bd-4a95-9638-76438a394c9f,CUS-00323,51837.24,pos,Kano,Kumbotso,c6be91d942ad5d17,2025-02-17 12:10:02,12,0,False
cd14d081-4927-4314-8798-cedbfc96c33a,CUS-01358,83196.54,mobile_money,Kano,Tarauni,c30937aaf9c93ce0,2025-02-17 12:13:39,12,0,False
93fcc3ae-9408-4203-9d4a-5e0030a74609,CUS-00626,456.36,pos,Abuja FCT,Kuje,41a9e832167f09e4,2025-02-17 12:31:01,12,0,False
6917c527-8e03-42ca-a116-5ba47b69892e,CUS-01563,2711.45,bank_transfer,Kano,Tarauni,dd45ddf89763dce5,2025-02-17 12:35:55,12,0,False
367aec1e-1678-4d6a-a7d6-1b31a33d7d69,CUS-00559,279.48,mobile_money,Enugu,Enugu East,2cf7d4cd4f3766f7,2025-02-17 12:36:40,12,0,False
9110d7e7-7827-4ecb-985e-6c32acebe487,CUS-00692,4075.28,pos,Abuja FCT,Municipal,a23dd42d3a699c35,2025-02-17 12:42:13,12,0,False
0fc29118-3580-4ac5-8b96-0f33893c04a1,CUS-01590,50812.46,card,Anambra,Nnewi North,13407ce4863fe750,2025-02-17 12:47:27,12,0,False
3e152e76-beea-49d1-8443-145796683d2d,CUS-00605,121.68,pos,Abuja FCT,Gwagwalada,8cb5ca4807fafe31,2025-02-17 12:53:00,12,0,True
4b830d81-cedf-4c8e-aedc-fcf364914bea,CUS-00579,22169.67,pos,Kano,Nassarawa,f9d75d8c8fad4688,2025-02-17 12:59:46,12,0,False
2de8a202-26ca-4385-9a94-03219945e147,CUS-01072,1173.37,pos,Lagos,Alimosho,5e8f9450d294cb82,2025-02-17 13:00:06,13,0,False
2560fa3b-721b-44f7-96b9-a0353aa18391,CUS-01412,769096.65,pos,Kano,Tarauni,f6ccae4908f13600,2025-02-17 13:03:19,13,0,False
4816a125-636f-47bd-9e1f-62543c525d82,CUS-00165,1492.56,card,Bauchi,Bauchi-Central,da9388b31798113b,2025-02-17 13:14:06,13,0,False
c27ce940-3f8f-4130-af6a-5e901639ba1b,CUS-01354,409.32,pos,Abuja FCT,Bwari,dde7c40b36da5fbe,2025-02-17 13:23:12,13,0,False
dc6e4d35-9a51-4768-ac8d-f982ab06abc2,CUS-01404,428.91,mobile_money,Delta,Uvwie,42b42baf602c4346,2025-02-17 13:57:31,13,0,False
51e3ca2e-51bf-49b3-946f-252792b447b0,CUS-00122,3015.7,card,Kano,Dala,42206963555634b3,2025-02-17 14:00:52,14,0,False
2db3e31a-66a9-4896-b11b-45f4e0980f42,CUS-00044,19557.38,ussd,Kano,Fagge,6345167d18868176,2025-02-17 14:01:36,14,0,False
e3b2480a-816d-407e-9c5f-3759ad6a979e,CUS-01777,53202.03,ussd,Rivers,Obio-Akpor,3b6b26cc8eb04698,2025-02-17 14:01:48,14,0,False
f5d3480c-eb8c-464f-a72f-bca8c7eff0bc,CUS-00117,13539.53,bank_transfer,Lagos,Ikorodu,4a393152d81523f7,2025-02-17 14:06:46,14,0,False
b22415b5-3c0a-4845-a6c5-e4956da6bf66,CUS-00787,292.31,pos,Rivers,Port-Harcourt,f8a43fab67f661de,2025-02-17 14:20:33,14,0,False
2fa286bf-08a0-45c8-b219-410d60c1339f,CUS-00065,436.32,mobile_money,Oyo,Ibadan South-West,87baa8a35ed6745a,2025-02-17 14:23:57,14,0,False
98c4bad7-8a6f-4943-9da9-3ad8e6248ee9,CUS-00563,835799.3,pos,Lagos,Ikorodu,25a706977d61cb16,2025-02-17 14:26:49,14,0,False
1195ecf3-b392-4742-a932-aa8d0193d01a,CUS-01261,3843.68,bank_transfer,Imo,Imo-Central,d70bafe3ceb6d5ee,2025-02-17 14:28:49,14,0,False
23aae16d-9ff5-46b9-8cfb-d8d8b409209a,CUS-00894,44677.04,pos,Anambra,Awka South,4d7414a6f0f8e763,2025-02-17 14:33:42,14,0,False
4f3d8a28-e8be-4f25-9550-2e3f14956c44,CUS-00117,832.85,pos,Lagos,Surulere,4a393152d81523f7,2025-02-17 14:37:03,14,0,False
fefef7e1-8213-40f6-969a-b35dacdb08b4,CUS-01331,81326.08,mobile_money,Ondo,Ondo-Central,bb02caf3ec8e0b3d,2025-02-17 14:49:48,14,0,False
35b38364-a244-40a9-a3f8-ecd0f3a4793b,CUS-00259,41179.41,bank_transfer,Lagos,Eti-Osa,94694ebc6ddc6a43,2025-02-17 14:51:22,14,0,False
dc1023b5-8014-4647-9fe4-f9ecd2c9f22d,CUS-01340,94415.4,ussd,Kano,Gwale,32701a6673725ff9,2025-02-17 15:09:53,15,0,False
e15846cf-ddd6-4776-a34f-072d4cf31d89,CUS-00017,203.36,pos,Oyo,Ibadan South-West,833d9617ecfe7a5b,2025-02-17 15:16:00,15,0,True
64793b28-bbc6-4b21-8f6c-05d54646cc46,CUS-00106,156.51,ussd,Rivers,Port-Harcourt,6a04b71095cc9970,2025-02-17 15:16:27,15,0,False
df221bf6-f8a3-4bb3-ad59-13236015db38,CUS-00017,96.16,pos,Oyo,Oyo East,833d9617ecfe7a5b,2025-02-17 15:17:00,15,0,True
8f5b4966-4fb6-4f29-acbf-520bb9c6cb11,CUS-00111,39200.39,pos,Lagos,Surulere,b4139af7343c44e3,2025-02-17 15:17:24,15,0,False
c083f816-a22b-4c6d-a86b-a43a83778761,CUS-01698,84377.35,ussd,Akwa Ibom,Akwa Ibom-Central,5f5c035e8c2b2a0e,2025-02-17 15:20:52,15,0,False
f51cc7a9-2e9a-49a1-be43-dbf7dc35bd26,CUS-01834,281.0,bank_transfer,Benue,Benue-Central,af74a768871921fd,2025-02-17 15:24:23,15,0,False
7c18b292-4de4-415c-a2be-e8d0bd4c214f,CUS-00715,107.87,bank_transfer,Yobe,Yobe-Central,5cc30d4603ebf24d,2025-02-17 15:29:18,15,0,False
9b12baf0-2329-4bd3-bf7d-1b1278afbcae,CUS-01567,3768.09,mobile_money,Lagos,Mushin,30c29ebcbd60bd63,2025-02-17 15:30:43,15,0,False
86852200-b046-4e69-930d-3de02d84a3cf,CUS-00017,296.45,pos,Oyo,Oyo East,833d9617ecfe7a5b,2025-02-17 15:31:00,15,0,True
6a873148-c138-4e1b-83e3-abda760c5f26,CUS-01812,601565.71,pos,Kano,Tarauni,3673738ad941e114,2025-02-17 15:37:37,15,0,False
2c7d0073-2fdc-4a65-af9b-2a472c885efc,CUS-00771,245.87,pos,Borno,Borno-Central,d59a3a8ad97e5503,2025-02-17 15:42:00,15,0,False
b8ad9d06-e1c2-4361-8b6e-878cda9e3f51,CUS-00017,492.25,pos,Oyo,Ibadan North,833d9617ecfe7a5b,2025-02-17 15:47:00,15,0,True
f9e09515-2f8d-44c1-ac47-54564473442f,CUS-00017,419.08,ussd,Oyo,Ibadan North,833d9617ecfe7a5b,2025-02-17 15:47:00,15,0,True
75bee86c-a846-4b5f-b316-04c94ec9d212,CUS-00952,2106.25,mobile_money,Lagos,Ikeja,6c135efc80e8ab9c,2025-02-17 15:52:34,15,0,False
a9591db4-01eb-407a-b121-c4059ab2299b,CUS-00957,168.8,ussd,Lagos,Oshodi-Isolo,bf9f18f4fe279e1c,2025-02-17 15:52:34,15,0,False
636582dc-a133-4de6-bf56-675708aa803a,CUS-01682,94.9,mobile_money,Enugu,Enugu East,0605760ef0f9e22a,2025-02-17 15:58:24,15,0,False
658d5afa-7eb5-4ce7-8ade-aee9bba0fb21,CUS-00085,84265.9,bank_transfer,Kano,Kumbotso,bbe1ca633613948f,2025-02-17 16:00:27,16,0,False
b5e4eec7-80b1-4ebd-a870-8cac5f5d3f2d,CUS-01075,1759.68,pos,Rivers,Obio-Akpor,6acbe7b85ae03a41,2025-02-17 16:04:05,16,0,False
8da43f49-b426-4d94-93de-77098daaba99,CUS-00254,3057.29,ussd,Lagos,Mushin,e5da285d4d8a62dc,2025-02-17 16:09:21,16,0,False
1fdabe08-4f4a-45fd-a7a1-c27f990c8d96,CUS-01672,583179.64,mobile_money,Zamfara,Zamfara-Central,62f20bbb589f3230,2025-02-17 16:14:11,16,0,False
412c31b4-c8f2-4dd6-9061-7078046f151b,CUS-00460,3427.57,bank_transfer,Lagos,Agege,8b26a630ac3a5c27,2025-02-17 16:14:29,16,0,False
97ab5ef0-cc55-4086-a39a-2d76fee25fe6,CUS-01700,845507.5,bank_transfer,Akwa Ibom,Akwa Ibom-Central,1a4fb83ac2346edb,2025-02-17 16:31:58,16,0,False
f6910be0-ddb5-48ad-b7dc-4a0656cea3b2,CUS-00605,18425.55,mobile_money,Abuja FCT,Gwagwalada,8cb5ca4807fafe31,2025-02-17 16:39:00,16,0,True
ff99417d-5c07-4dae-9d16-8d93d23db9ff,CUS-00408,467.57,card,Kogi,Kogi-Central,113ca9141230a8f2,2025-02-17 16:42:39,16,0,False
d6f43df7-49a8-4719-b921-daaa20ac2f0b,CUS-00152,69346.59,mobile_money,Lagos,Alimosho,d17fff6c596c08d0,2025-02-17 16:54:43,16,0,False
17641a60-53ca-42aa-bff2-aaf0393b30e9,CUS-01598,2491.72,pos,Lagos,Alimosho,4fb23adca810bdd7,2025-02-17 16:56:23,16,0,False
47282c95-586b-4962-b235-ee330d4dd824,CUS-01556,353.71,ussd,Kaduna,Kaduna South,c43fb64fc547fd6f,2025-02-17 17:01:00,17,0,True
0cffcb41-0733-478b-a531-4c632ca40e94,CUS-00680,496.34,pos,Plateau,Plateau-Central,eed8abc82abd7d4d,2025-02-17 17:02:59,17,0,False
4e3d0ad6-5c31-4615-a83c-a00ba36c17f5,CUS-01522,139.02,pos,Kano,Gwale,943007d4f4e03d9f,2025-02-17 17:10:23,17,0,False
10f00e32-d736-421d-a215-dc2f396dffb3,CUS-01556,476.77,ussd,Kaduna,Kaduna North,c43fb64fc547fd6f,2025-02-17 17:11:00,17,0,True
21f9d0e7-7ffe-4948-beb7-ea474e9da7f0,CUS-01556,220.73,pos,Kaduna,Kaduna South,c43fb64fc547fd6f,2025-02-17 17:12:00,17,0,True
5c579213-01c0-426d-8156-101b1cd742a2,CUS-01556,412.04,pos,Kaduna,Zaria,c43fb64fc547fd6f,2025-02-17 17:18:00,17,0,True
f876e6d7-c45c-4965-9aa1-71a835bf5887,CUS-00705,292.38,pos,Ogun,Ogun-Central,0635d7b00630607a,2025-02-17 17:19:01,17,0,False
40f02c05-3036-4e1c-9840-f041132c7602,CUS-01556,277.39,mobile_money,Kaduna,Kaduna South,c43fb64fc547fd6f,2025-02-17 17:20:00,17,0,True
372eeced-bb20-4a50-b556-3b6956b2282e,CUS-00024,49457.41,bank_transfer,Abuja FCT,Kuje,d95a9bb935b93c8c,2025-02-17 17:22:04,17,0,False
4caf0199-f7a5-4a8e-960c-8d27adb4040f,CUS-00844,4181.43,bank_transfer,Lagos,Surulere,c9d69774918bb695,2025-02-17 17:39:18,17,0,False
8852b734-ac8e-4d04-a6fb-9f32c7e880aa,CUS-01083,1877.3,bank_transfer,Kebbi,Kebbi-Central,b6a82c9c02ad23e5,2025-02-17 17:52:43,17,0,False
ea22e511-2fae-4461-ba8a-9d30486db14c,CUS-00480,2537.28,ussd,Enugu,Nsukka,6c46edee448434ad,2025-02-17 17:55:32,17,0,False
88716b17-e1ef-4011-ac29-4c06086ae838,CUS-01749,1913.66,ussd,Lagos,Ikorodu,1bf255c831c8b957,2025-02-17 17:55:54,17,0,False
e62862ba-23c3-4f43-bed2-c9997f6c7e12,CUS-00329,329.83,pos,Lagos,Agege,7b2bc2bfdc63f934,2025-02-17 18:23:26,18,0,False
3ade0856-0edd-4d44-87e9-607fa0c12024,CUS-00300,433.36,bank_transfer,Lagos,Agege,4fcd148b58c99584,2025-02-17 18:23:39,18,0,False
4a66d171-e5e8-4fe5-af82-baa920bb321e,CUS-01699,257.04,pos,Oyo,Ibadan South-West,1bde2143285a08c4,2025-02-17 18:25:02,18,0,False
63d2edd4-3a90-4fc1-98ec-30be84ca7394,CUS-00518,407.51,mobile_money,Ogun,Ogun-Central,4110312c0dc9f57c,2025-02-17 18:32:39,18,0,False
1d44d00a-07ed-42bf-be41-14bd057db8cd,CUS-01456,1496.9,bank_transfer,Anambra,Nnewi North,2ae0abcfd03562bf,2025-02-17 18:38:56,18,0,False
ecb352ad-e9a3-4a64-99e6-a514874c571d,CUS-01570,2813.62,pos,Kaduna,Zaria,a2271304cc64d363,2025-02-17 18:42:14,18,0,False
263c1c9d-0689-40aa-9285-782422653618,CUS-00920,77.75,pos,Zamfara,Zamfara-Central,884feff67bc100f3,2025-02-17 18:43:08,18,0,False
4b300c77-ca8b-4a3e-9f2d-6ed1cbd1f6c5,CUS-01025,323.7,pos,Abuja FCT,Municipal,684ecec19204396e,2025-02-17 19:44:45,19,0,False
ab672a00-05b0-42dd-815a-939ea8f92960,CUS-00605,332.92,bank_transfer,Abuja FCT,Bwari,8cb5ca4807fafe31,2025-02-17 19:47:00,19,0,True
33ef0526-bed0-43d2-8831-32fd93f2d383,CUS-00276,1398.21,mobile_money,Imo,Imo-Central,9487056a11d10a77,2025-02-17 19:47:01,19,0,False
f6cdc9d0-8c51-4499-a0c0-7ac4c89f7b59,CUS-01798,341602.28,pos,Lagos,Ikeja,da09249edbf8957c,2025-02-17 19:54:33,19,0,False
c9fb671e-153a-4a5d-9c7c-16c2d337fc0d,CUS-00628,224.48,pos,Lagos,Mushin,ba556bfeb1b5b580,2025-02-17 20:05:00,20,0,True
f32b376b-259f-424e-b472-5709bcb4e0a8,CUS-00628,286.66,pos,Lagos,Surulere,ba556bfeb1b5b580,2025-02-17 20:05:00,20,0,True
b1670e15-6ad3-4ab1-a7ff-04befb62f106,CUS-00285,1597.32,pos,Lagos,Oshodi-Isolo,72450b7e68862ec6,2025-02-17 20:06:36,20,0,False
43fe2de6-bf3a-47b0-9cff-370bfbf61a8b,CUS-00952,35111.94,ussd,Lagos,Surulere,6c135efc80e8ab9c,2025-02-17 20:14:02,20,0,False
2194300f-937f-4ced-a9ba-927ec5fb6030,CUS-00628,164.84,pos,Lagos,Ikorodu,ba556bfeb1b5b580,2025-02-17 20:16:00,20,0,True
73548055-cfb5-4672-9511-f400a68f1127,CUS-01095,599.36,mobile_money,Lagos,Oshodi-Isolo,9ac4df5dd4c901ee,2025-02-17 20:16:47,20,0,False
ff66d1c6-c2a5-4c62-a7a7-350c67e71fcb,CUS-00628,468.32,ussd,Lagos,Oshodi-Isolo,ba556bfeb1b5b580,2025-02-17 20:26:00,20,0,True
977d72a4-4200-414b-8ee1-05a67dd60105,CUS-00628,156.03,ussd,Lagos,Agege,ba556bfeb1b5b580,2025-02-17 20:35:00,20,0,True
e1de2405-870d-4c09-9036-85554b76c808,CUS-00628,304.52,mobile_money,Lagos,Eti-Osa,ba556bfeb1b5b580,2025-02-17 20:38:00,20,0,True
df7579dc-edc1-4e82-b519-226fe9cc5371,CUS-00628,426.4,ussd,Lagos,Mushin,ba556bfeb1b5b580,2025-02-17 20:44:00,20,0,True
ddbae511-66a9-435b-869a-0542a09817d3,CUS-00605,887.99,ussd,Abuja FCT,Bwari,8cb5ca4807fafe31,2025-02-17 20:56:00,20,0,True
24d4cc59-aa35-47ee-bfcf-bb60cf24c0c3,CUS-00942,39677.77,pos,Delta,Oshimili South,f7c21e7a847ebee4,2025-02-17 21:00:21,21,0,False
d142c612-fc26-4755-b12b-4c70a19c47f6,CUS-01976,213.6,pos,Kano,Nassarawa,51bdf1774320a714,2025-02-17 21:07:11,21,0,False
b0518208-0d28-4305-9054-4a3cf3cfd3d0,CUS-00414,695356.12,ussd,Enugu,Enugu North,65a27c169aa9b061,2025-02-17 21:18:29,21,0,False
e33d71ba-db04-4c95-b568-5fd6ab8c448f,CUS-01900,27651.71,bank_transfer,Oyo,Ogbomoso,8be9efcf44f18c7e,2025-02-17 21:32:20,21,0,False
896238cc-ba4e-4ce1-915f-2eaea6340248,CUS-00040,1715.51,mobile_money,Lagos,Mushin,e73bde132eb863ee,2025-02-17 21:41:25,21,0,False
db9cdfac-dc39-49f9-8530-c18a4562ba54,CUS-01312,1840.08,mobile_money,Oyo,Ibadan North,b0dab1b406b7d200,2025-02-17 21:43:18,21,0,False
4b61565e-a321-443d-a79d-2d79f8be3866,CUS-00605,57932.31,mobile_money,Abuja FCT,Kuje,8cb5ca4807fafe31,2025-02-17 21:49:00,21,0,True
43fbeb67-8c20-4b46-841b-b313b54cbc02,CUS-01670,405.08,pos,Rivers,Obio-Akpor,c21817c50f2234d3,2025-02-17 21:50:41,21,0,False
2f2371df-1c26-4865-9be9-a4e08573f471,CUS-00031,259.86,ussd,Lagos,Lagos Mainland,38b23373e5bb57a3,2025-02-17 22:08:00,22,0,True
af679931-b0b8-4712-81fd-cccfce654e05,CUS-00031,324.87,mobile_money,Lagos,Mushin,38b23373e5bb57a3,2025-02-17 22:08:00,22,0,True
2e48cbe1-5214-4327-9951-2900f5783cb8,CUS-00031,257.75,ussd,Lagos,Alimosho,38b23373e5bb57a3,2025-02-17 22:18:00,22,0,True
cec80e0b-7b9d-4560-9ff4-b33a80bf2e70,CUS-00354,3201.4,mobile_money,Lagos,Eti-Osa,b36159d39ed584a2,2025-02-17 22:18:54,22,0,False
cb690cba-5125-4e75-801a-153533956072,CUS-00605,2566.29,pos,Abuja FCT,Bwari,8cb5ca4807fafe31,2025-02-17 22:26:00,22,0,True
c5ba499d-7e9d-49d4-9e4b-f27401866b49,CUS-00031,430.68,pos,Lagos,Ikeja,38b23373e5bb57a3,2025-02-17 22:32:00,22,0,True
9f636ba6-cf7c-4305-b89f-28650aad0328,CUS-01501,1693.01,mobile_money,Abuja FCT,Bwari,124a718d146d7993,2025-02-17 22:32:15,22,0,False
8adbe395-7e28-41dd-b02c-ca1af635990f,CUS-00031,182.75,mobile_money,Lagos,Kosofe,38b23373e5bb57a3,2025-02-17 22:37:00,22,0,True
fe97729d-cc49-45d8-9776-d80cc1f9bf2e,CUS-00031,420.05,ussd,Lagos,Mushin,38b23373e5bb57a3,2025-02-17 22:37:00,22,0,True
c5de171a-41db-47e9-b96a-d955f2831669,CUS-00031,83.12,mobile_money,Lagos,Kosofe,38b23373e5bb57a3,2025-02-17 22:47:00,22,0,True
8279e57d-86c6-4b6e-959a-065541f95361,CUS-01705,3536.71,ussd,Lagos,Surulere,7bb389bdf6256bbf,2025-02-17 23:45:51,23,0,False
2a2dc513-aad0-413b-b25c-3597feae18e1,CUS-01988,685.48,pos,Rivers,Oyigbo,888331b4af3c2f9e,2025-02-18 00:53:27,0,1,False
cce1d0c3-f623-4d44-a578-28a50e71e02a,CUS-00974,4195.59,pos,Lagos,Ikeja,c996ce5477003036,2025-02-18 02:22:09,2,1,False
888ca414-df3a-4b5c-9e7b-55bf25151216,CUS-00916,62.98,mobile_money,Kano,Dala,5bd822755a40195e,2025-02-18 02:59:31,2,1,False
65584383-07a0-4c12-9b2e-2f147480f7d9,CUS-00896,78924.45,bank_transfer,Kano,Gwale,05624b725ce601e5,2025-02-18 03:03:13,3,1,False
e450d4ba-d5bf-4698-ae0a-8347e895140b,CUS-00326,84410.02,mobile_money,Oyo,Ogbomoso,44cc9b88041101da,2025-02-18 03:08:35,3,1,False
102019f0-40c3-44b8-a7e9-01acd52a872b,CUS-01152,90972.8,mobile_money,Edo,Egor,72ad6ac72ade3ab7,2025-02-18 03:30:01,3,1,False
528709f4-c76e-43a5-8902-43d1dd6c9fd1,CUS-01715,89.31,pos,Ogun,Ogun-Central,542b8868a3076c1b,2025-02-18 04:35:57,4,1,False
9c0c50b8-3bf1-4e49-a591-783f0d2f67c6,CUS-01578,457.45,mobile_money,Kaduna,Kaduna South,091d21964b4929f7,2025-02-18 04:36:40,4,1,False
b83169e7-07c1-46b1-86d2-47df8efd1f70,CUS-01099,404407.87,bank_transfer,Kano,Tarauni,2b981b38772e1c60,2025-02-18 04:45:25,4,1,False
8bbd48f1-361b-4e61-befd-da9c068adf24,CUS-01001,1665.33,mobile_money,Oyo,Ibadan South-West,537f88949a0d8fb6,2025-02-18 04:47:14,4,1,False
36d0bf64-97bd-4f5e-b70d-193a42d7665d,CUS-01472,409427.17,bank_transfer,Kebbi,Kebbi-Central,c72840e5ddc555fa,2025-02-18 05:06:12,5,1,False
6148b219-c58a-4d22-a2eb-5471cedce38e,CUS-01063,21289.5,ussd,Oyo,Oyo East,9e1a89fd42d907c4,2025-02-18 06:00:00,6,1,True
0b2c339e-8e74-41e4-b8a6-1be6d86bcf5c,CUS-01822,841.53,mobile_money,Kaduna,Kaduna South,f65aa8becffa4ce7,2025-02-18 06:01:56,6,1,False
16237654-427f-47f0-9caf-461ece1cc3c6,CUS-01063,22809.96,mobile_money,Adamawa,Adamawa-Central,9e1a89fd42d907c4,2025-02-18 06:15:00,6,1,True
81f144aa-52c1-4088-bc22-9a317558628c,CUS-00358,1031.1,ussd,Gombe,Gombe-Central,a8241fb952fbd723,2025-02-18 06:26:00,6,1,True
ba7f7e42-1b27-4b92-9fad-a474d25d1a4f,CUS-01135,1378.19,ussd,Lagos,Ikeja,ddc7283b773c8f9b,2025-02-18 06:48:25,6,1,False
72ee636f-3a4e-4251-8a27-fe2ae4e8e3ed,CUS-01538,3302.1,mobile_money,Lagos,Surulere,d7fdd2ae1abcb7e9,2025-02-18 07:09:47,7,1,False
a1fb325f-4637-4b9d-9973-85102e42b0bc,CUS-00452,663267.28,pos,Rivers,Obio-Akpor,42de18a74e13aeb6,2025-02-18 07:27:00,7,1,True
7c24c201-16bc-426e-88a6-5060f834a666,CUS-00265,270823.56,bank_transfer,Osun,Osun-Central,e564db3fcad1cad8,2025-02-18 07:57:04,7,1,False
4403479a-807e-4cf8-9df2-4358d5ccb9c1,CUS-00452,2065.97,pos,Rivers,Obio-Akpor,42de18a74e13aeb6,2025-02-18 08:23:00,8,1,True
2ddefa4d-3ed2-455b-8fe1-6cf5a87b99a3,CUS-00877,292.74,pos,Delta,Uvwie,dbdece7179f3f47e,2025-02-18 08:28:00,8,1,True
eeda2933-47b3-48fa-a0d9-a0d09cbb9952,CUS-00358,11776.82,mobile_money,Gombe,Gombe-Central,a8241fb952fbd723,2025-02-18 08:43:00,8,1,True
1d1492f3-96d6-4d70-9c88-663d4624652d,CUS-01746,91840.22,mobile_money,Lagos,Surulere,bd68d1dee0d2a03f,2025-02-18 09:08:30,9,1,False
eed11cbd-e824-4432-9b39-32a73de15a39,CUS-00996,20204.97,pos,Taraba,Taraba-Central,7a9b7dbe88f4f124,2025-02-18 09:18:37,9,1,False
4c547361-4f4e-4be6-bb7b-29cb93cfd633,CUS-00452,60715.54,pos,Rivers,Eleme,42de18a74e13aeb6,2025-02-18 09:22:00,9,1,True
d4c0bdbd-4cb8-4a40-867b-37c729a3f5cd,CUS-01647,4723.64,bank_transfer,Plateau,Plateau-Central,5257b92dfae63a07,2025-02-18 09:22:13,9,1,False
1842d5ee-7cf3-4ff0-94f8-365a151f5fca,CUS-01005,1924.66,mobile_money,Delta,Oshimili South,dbe7ce2edc6a7b4d,2025-02-18 09:25:26,9,1,False
b5372d60-c5c1-480a-ab36-e48f3b31e176,CUS-01997,294210.77,pos,Lagos,Mushin,8252b5622bd82ebb,2025-02-18 09:27:37,9,1,False
48f313b4-9d1f-4362-a70b-e7a03b48f2a3,CUS-00452,523.76,pos,Rivers,Obio-Akpor,42de18a74e13aeb6,2025-02-18 09:36:00,9,1,True
97f1836a-f135-4171-8860-fbbff9bdbc5d,CUS-01256,1802.39,mobile_money,Lagos,Mushin,ec47f332f0057a59,2025-02-18 09:39:12,9,1,False
a7c7c613-9dde-4b8d-b6d0-481b3c23c3fb,CUS-00358,4728.66,bank_transfer,Gombe,Gombe-Central,a8241fb952fbd723,2025-02-18 09:40:00,9,1,True
fa9b32aa-050d-4931-9631-036fb0d65d7c,CUS-00992,89854.33,pos,Kano,Nassarawa,9efb5fcc24e336a3,2025-02-18 09:53:10,9,1,False
26371333-d5a1-4a5c-848a-45b790813709,CUS-00877,3734.19,mobile_money,Delta,Uvwie,dbdece7179f3f47e,2025-02-18 09:57:00,9,1,True
b1b597c7-6144-4dff-8e33-53bbc55f6c92,CUS-00029,453.43,mobile_money,Lagos,Agege,a05457497b410a44,2025-02-18 09:57:24,9,1,False
aab1570c-760f-4e04-ab24-72d67996b2d4,CUS-00452,73054.42,mobile_money,Rivers,Oyigbo,42de18a74e13aeb6,2025-02-18 10:11:00,10,1,True
45ab0261-8edc-496e-b712-b219fc6eec7e,CUS-00877,4941.7,bank_transfer,Delta,Oshimili South,dbdece7179f3f47e,2025-02-18 10:16:00,10,1,True
81b05c7b-dcc9-4aa1-8633-bbd055f59623,CUS-00007,97.51,mobile_money,Zamfara,Zamfara-Central,d8d2a6dd35f76c1f,2025-02-18 10:28:54,10,1,False
453a9a14-6e25-48f6-9300-d45ad9c0cf03,CUS-00829,3511.39,pos,Abuja FCT,Bwari,532c76a3c45d220f,2025-02-18 10:32:53,10,1,False
cfd2324d-af6d-4d90-864f-d5a0ad535f76,CUS-00531,7802.96,mobile_money,Ogun,Ogun-Central,e31655b45463dd12,2025-02-18 10:32:57,10,1,False
ceb1c1e5-6baf-47fe-be1a-b03326786694,CUS-00399,71427.7,ussd,Osun,Osun-Central,7ad897b38bbadf7c,2025-02-18 10:35:51,10,1,False
5cceb895-d3a8-4d0a-a661-6ffa8c965e0c,CUS-01071,36000.42,bank_transfer,Lagos,Oshodi-Isolo,2c2aba826c5a47ac,2025-02-18 10:46:38,10,1,False
0230a693-3329-4fc8-9ea2-8a77b72bf5ba,CUS-01034,113.14,pos,Lagos,Surulere,4b0acf007c963eb1,2025-02-18 10:48:57,10,1,False
1f524cdc-27bf-40ed-85e0-3eb9fb9559d8,CUS-01880,488.33,bank_transfer,Anambra,Nnewi North,6152af8ce136007f,2025-02-18 10:59:26,10,1,False
6f987de5-3de1-4e08-844f-79f6c0732257,CUS-01525,4097.69,mobile_money,Lagos,Ikorodu,ebdefd77badb8caf,2025-02-18 11:00:00,11,1,True
95ceaba9-54ea-43bd-ab50-a3e8cc05a80c,CUS-01482,42059.84,pos,Oyo,Ibadan South-West,304c1b645c7fc091,2025-02-18 11:04:55,11,1,False
061daff5-0d9d-4c2b-a82c-637c13fdd1fe,CUS-01690,78246.29,mobile_money,Lagos,Alimosho,4973206afd627a10,2025-02-18 11:04:57,11,1,False
e6ae3713-8b7b-403d-a13f-e45f278838c1,CUS-00802,408.02,ussd,Oyo,Ibadan South-West,1a7c536b55b08bee,2025-02-18 11:10:51,11,1,False
4df7e2bd-7a86-447b-89c7-1d522b999dba,CUS-01525,92615.27,pos,Yobe,Yobe-Central,ebdefd77badb8caf,2025-02-18 11:11:00,11,1,True
6aefdbbe-3c85-47db-ae66-f5c8bfd1d123,CUS-01523,10394.17,pos,Lagos,Oshodi-Isolo,b4e06f3228683e87,2025-02-18 11:12:57,11,1,False
0b50a565-ef1f-476a-a8bb-a003b1aaa749,CUS-00188,463794.66,mobile_money,Oyo,Ibadan South-West,ae06fb90c1244c4b,2025-02-18 11:13:21,11,1,False
870c44d1-f6ad-4e54-afea-87b17691ab4e,CUS-00706,397.42,pos,Kano,Nassarawa,c70a8290a671a69c,2025-02-18 11:15:25,11,1,False
33ff24de-5040-42c7-abf0-3abfde4bf934,CUS-00638,94744.39,mobile_money,Kano,Gwale,10a3f70099baa52a,2025-02-18 11:15:38,11,1,False
4c74b830-6abe-4b1a-a4c1-e99f3947d77e,CUS-01025,1960.81,pos,Abuja FCT,Kuje,684ecec19204396e,2025-02-18 11:16:21,11,1,False
04e62283-3d2b-47a3-bee7-330849ea5967,CUS-01833,82378.26,pos,Osun,Osun-Central,a73b31364fdacb79,2025-02-18 11:21:39,11,1,False
13c57a76-665c-40ee-a517-2bae3c3ddb10,CUS-00358,53447.24,pos,Gombe,Gombe-Central,a8241fb952fbd723,2025-02-18 11:24:00,11,1,True
fce1d0ef-2780-4611-9045-4c5ae0e43197,CUS-00358,22312.35,pos,Gombe,Gombe-Central,a8241fb952fbd723,2025-02-18 11:29:00,11,1,True
d6ed624d-8a88-4c4c-9146-c974c864486e,CUS-01512,638.8,card,Cross River,Cross River-Central,a41949725c54d7c9,2025-02-18 11:32:56,11,1,False
62b2f753-610e-4003-9371-b784ec9909b8,CUS-00246,32489.93,pos,Rivers,Obio-Akpor,ff8ab03394d64642,2025-02-18 11:47:53,11,1,False
76b0e740-8a84-48f5-9d5e-7bb1a9f8ba99,CUS-00785,25701.08,pos,Kogi,Kogi-Central,6292a14b4f110b8f,2025-02-18 11:51:54,11,1,False
4adaf2e4-ba67-4022-b0ff-395b97545485,CUS-01802,1288.49,pos,Kano,Gwale,709f46eaff6a88ca,2025-02-18 12:01:54,12,1,False
eed5f0e5-dbd2-478e-a9ae-e1d1487ecfec,CUS-01783,32718.57,mobile_money,Enugu,Enugu East,2d29a4303c9d0ac3,2025-02-18 12:10:39,12,1,False
2b915fb9-1311-4577-982c-0597da2935b7,CUS-00765,248.1,card,Oyo,Ogbomoso,6d0444c4589009d0,2025-02-18 12:10:49,12,1,False
9a224855-0dc6-46ee-8aa2-9e3e298f62f5,CUS-01078,1002.68,pos,Lagos,Surulere,f93b47fd7d069f48,2025-02-18 12:12:26,12,1,False
8e892524-51ee-4b9c-8089-ebb376f4a81e,CUS-00957,34069.51,ussd,Lagos,Oshodi-Isolo,bf9f18f4fe279e1c,2025-02-18 12:19:01,12,1,False
4bc917ca-841d-4be9-80ad-672c10005d66,CUS-01092,80438.0,bank_transfer,Kaduna,Kaduna South,655ea023cd8808e5,2025-02-18 12:22:57,12,1,False
80763604-4e6c-42b9-affe-e397d3487315,CUS-00021,2740.96,bank_transfer,Lagos,Eti-Osa,2afb46bcbe3e328f,2025-02-18 12:30:27,12,1,False
69f9f704-5641-4dc9-8b69-dabda2551e37,CUS-01985,1080.57,ussd,Lagos,Lagos Mainland,e60e86688a83e9d7,2025-02-18 12:33:17,12,1,False
bdc2e671-e08f-48fa-9f6c-cf836bb4f568,CUS-00686,61475.61,pos,Oyo,Oyo East,ef089a3243e46f69,2025-02-18 12:35:00,12,1,False
21eaec9b-3658-47ef-b9c5-466e1d9e40ce,CUS-00232,12868.18,ussd,Oyo,Ibadan North,ea03ae9c877f8c0b,2025-02-18 12:39:01,12,1,False
c019f111-ed0f-4652-a75b-1e0ceb6efe0f,CUS-00452,72.38,pos,Rivers,Port-Harcourt,42de18a74e13aeb6,2025-02-18 12:41:00,12,1,True
d07dbe6b-15fc-4dc7-8e8d-4ef8e1e9d3b7,CUS-01256,82803.02,mobile_money,Lagos,Agege,ec47f332f0057a59,2025-02-18 12:50:16,12,1,False
87a5dfbe-236e-4a1f-95fb-4d840fab3705,CUS-01623,1990.25,ussd,Cross River,Cross River-Central,7920e42ca329656c,2025-02-18 12:56:29,12,1,False
56270a61-7f06-4700-9367-c446fa7cff7e,CUS-00496,218.01,bank_transfer,Oyo,Ibadan South-West,9cec30768d8a4bf8,2025-02-18 13:01:30,13,1,False
d3f795eb-4a6b-46ff-a499-9f41204a876a,CUS-00841,2601.45,mobile_money,Delta,Uvwie,8f8993c755fc5846,2025-02-18 13:07:15,13,1,False
01d6b296-4763-4038-91a4-51f98acafb65,CUS-01125,3401.69,card,Oyo,Ibadan South-West,b63037c4f1608ebc,2025-02-18 13:11:13,13,1,False
71df321e-4ab1-4f58-b6bc-f19951fea134,CUS-01705,406.06,pos,Lagos,Oshodi-Isolo,7bb389bdf6256bbf,2025-02-18 13:13:02,13,1,False
e29036b5-0be7-42f9-aff9-a7e14e9ab4a9,CUS-01388,92914.46,pos,Bayelsa,Bayelsa-Central,64b0cf503a5e25b7,2025-02-18 13:20:07,13,1,False
54982db0-bfd0-4e82-ad0f-9de63d90a4c4,CUS-00862,78045.24,card,Oyo,Ibadan North,c408d8c18eab051a,2025-02-18 13:27:19,13,1,False
1e0c6e08-96c9-48a5-a69c-887caab0c442,CUS-01429,447.99,bank_transfer,Zamfara,Zamfara-Central,0844d2ec77bed896,2025-02-18 13:29:01,13,1,False
0eb08256-25c3-4cf1-b18c-4d8773d5b75b,CUS-00645,3200.26,pos,Niger,Niger-Central,3f8102ecf21bc1db,2025-02-18 13:31:10,13,1,False
3928b47a-84ce-4410-8ba7-1b19acc15ae5,CUS-00706,438.33,pos,Kano,Gwale,c70a8290a671a69c,2025-02-18 13:55:03,13,1,False
be269bca-b91f-4f48-9bc5-fb6cb1b79a43,CUS-01885,485.91,ussd,Abuja FCT,Bwari,18c0900df3cb458f,2025-02-18 13:57:50,13,1,False
3791b100-36be-46b8-8323-3965eaab8c5f,CUS-01017,80.12,bank_transfer,Oyo,Ogbomoso,f8aac67eec4ac97e,2025-02-18 14:00:40,14,1,False
8f1603e2-db41-43e1-8260-1cf320445efd,CUS-00358,77151.78,bank_transfer,Gombe,Gombe-Central,a8241fb952fbd723,2025-02-18 14:13:00,14,1,True
cfbd1e9b-8d8c-4481-94d9-4ca72f4230e0,CUS-00877,4194.78,pos,Delta,Oshimili South,dbdece7179f3f47e,2025-02-18 14:17:00,14,1,True
6ea86c32-e380-42f6-b06f-a892169ceac9,CUS-00885,4913.41,ussd,Lagos,Alimosho,86545590e89568a7,2025-02-18 14:28:51,14,1,False
5d520282-e93a-4ce5-8a31-9ab350929933,CUS-00686,617955.02,pos,Oyo,Oyo East,ef089a3243e46f69,2025-02-18 14:55:24,14,1,False
7fe70c5b-eb8a-4f07-8846-c1ec6d7c8f9d,CUS-01479,4048.86,bank_transfer,Rivers,Obio-Akpor,ca1f578fbe8c3972,2025-02-18 14:59:42,14,1,False
516b94c8-986e-4181-8af7-d156ef0612fc,CUS-01042,1458.41,pos,Kano,Gwale,6d003f247aeb3edf,2025-02-18 15:02:55,15,1,False
d3dea9b7-747e-4abd-940d-5c00323d6835,CUS-01474,534.26,mobile_money,Kano,Dala,9f74e67babbc18cb,2025-02-18 15:08:35,15,1,False
6bfc8fed-aeed-48bd-bd5b-438a9281f63d,CUS-01131,71258.25,mobile_money,Abuja FCT,Municipal,9b5b0057fa4bc174,2025-02-18 15:14:20,15,1,False
098685b9-55bc-468d-bcdf-f8c33b1cf8ca,CUS-00011,623429.95,pos,Bayelsa,Bayelsa-Central,b9f6cefb5c85d533,2025-02-18 15:19:10,15,1,False
9adf31fc-ba3f-4670-8578-e28178a272b5,CUS-00452,113.16,mobile_money,Rivers,Oyigbo,42de18a74e13aeb6,2025-02-18 15:20:00,15,1,True
31590708-cde6-49a1-844f-4a286b616458,CUS-00452,390.13,ussd,Rivers,Oyigbo,42de18a74e13aeb6,2025-02-18 15:20:00,15,1,True
cbc1366d-b648-468d-baa7-782a80d4e9e8,CUS-00846,742.62,mobile_money,Lagos,Eti-Osa,c8efc5cd1998980e,2025-02-18 15:21:42,15,1,False
dcd6f1fa-6b1a-44f6-825c-59f7992d7a12,CUS-00358,230.23,bank_transfer,Gombe,Gombe-Central,a8241fb952fbd723,2025-02-18 15:23:00,15,1,True
d3a81ca4-fa62-4a74-ba04-92bcdd49774e,CUS-01110,37407.61,bank_transfer,Benue,Benue-Central,de55f481afab91fe,2025-02-18 15:24:36,15,1,False
77fe83c7-beee-411e-ad9e-3ae06efd1b30,CUS-01142,96.56,bank_transfer,Anambra,Nnewi North,b4f03bc7e8cf05c0,2025-02-18 15:26:29,15,1,False
66a4a8e5-23b4-4257-9bf1-9bd0cf46e027,CUS-00358,1963.74,pos,Gombe,Gombe-Central,a8241fb952fbd723,2025-02-18 15:35:00,15,1,True
ba096a9f-fdda-4529-a148-aac0cec6d96f,CUS-01566,321.79,bank_transfer,Anambra,Onitsha North,5c458226cf44cc07,2025-02-18 15:46:27,15,1,False
8637ac90-ec99-44c4-a1f3-ff6e39ec3252,CUS-01614,2502.82,pos,Kano,Fagge,1b4932f290b1fc00,2025-02-18 15:47:34,15,1,False
17dd7f90-88d0-48dd-a6e0-74dc13b6c0c2,CUS-01060,492.07,pos,Kebbi,Kebbi-Central,b82de4bf598b7a40,2025-02-18 15:52:59,15,1,False
814e333f-389e-4fe5-9ba0-1d623380e1c2,CUS-00618,61718.55,mobile_money,Benue,Benue-Central,ef3877fe8a94f510,2025-02-18 15:56:31,15,1,False
de88fa49-40ed-4973-8b1f-ba6d40e58704,CUS-00829,4586.25,pos,Abuja FCT,Municipal,532c76a3c45d220f,2025-02-18 16:11:56,16,1,False
a1e35552-2d70-42af-9f9d-09093ff28800,CUS-01830,296159.37,pos,Ekiti,Ekiti-Central,0d66db8252412143,2025-02-18 16:17:24,16,1,False
61bbefd8-8d0b-42fb-bdfc-8e83d934d02c,CUS-01724,1272.34,pos,Anambra,Awka South,255cc9f84c700375,2025-02-18 16:29:11,16,1,False
64582f68-8e1e-42a3-b84e-043cd83feb52,CUS-00358,1814.58,pos,Gombe,Gombe-Central,a8241fb952fbd723,2025-02-18 16:50:00,16,1,True
5cf33a98-92ca-4fd7-bfa4-4d9c1843b534,CUS-00278,970703.59,bank_transfer,Edo,Oredo,822dd77593056ff5,2025-02-18 17:03:11,17,1,False
b3851471-cea8-4d4a-89f8-a3319a77d4da,CUS-00548,57964.79,pos,Abuja FCT,Gwagwalada,ec494afb9403a35d,2025-02-18 17:07:57,17,1,False
6d3d192f-5210-4d8c-8ad8-8f0f2fa29376,CUS-00709,1952.99,pos,Anambra,Nnewi North,2af5a68de5b28240,2025-02-18 17:13:18,17,1,False
c055a624-b57b-4de9-873f-34f191e2d1e6,CUS-00923,781.21,pos,Imo,Imo-Central,ebacbea70d530fdc,2025-02-18 17:21:41,17,1,False
909814da-ea0b-4269-9686-db28a4465d00,CUS-01813,51137.32,pos,Lagos,Oshodi-Isolo,0d3260ac2320f98e,2025-02-18 17:22:03,17,1,False
6e3732b9-df28-4d36-a032-e9c9117f7b13,CUS-01214,177138.03,pos,Edo,Oredo,a7432b47d6b05474,2025-02-18 17:22:44,17,1,False
2ea49b5b-ee65-42dc-8f66-318f1a635225,CUS-01896,467101.23,bank_transfer,Kaduna,Kaduna South,6c0c831c8a5b6324,2025-02-18 17:29:54,17,1,False
7686b4cf-59ab-46b2-81b5-cb5b19745841,CUS-00877,140729.88,bank_transfer,Delta,Warri South,dbdece7179f3f47e,2025-02-18 17:32:00,17,1,True
4bf381cb-f75f-48cb-82fb-43293b4d074c,CUS-00877,22288.36,bank_transfer,Delta,Oshimili South,dbdece7179f3f47e,2025-02-18 17:43:00,17,1,True
28c676e3-61e7-4a1a-b0ba-bb2c6fe84d2f,CUS-01164,477.76,pos,Lagos,Surulere,b81424f4757118ea,2025-02-18 17:43:34,17,1,False
cf5ad40f-e0e1-4b5c-a9c1-b38d5f534c19,CUS-01199,336.03,pos,Lagos,Alimosho,87823df2b69fc0a4,2025-02-18 17:43:42,17,1,False
4a9c74b5-d0d4-4605-9a49-ddd952936321,CUS-00877,807336.7,pos,Delta,Warri South,dbdece7179f3f47e,2025-02-18 17:49:00,17,1,True
4b322eac-1da8-4fa7-9384-34cfff55cdff,CUS-00452,16090.29,mobile_money,Rivers,Port-Harcourt,42de18a74e13aeb6,2025-02-18 17:57:00,17,1,True
2db5fde8-6ea8-4c16-ad05-6cb4b381424b,CUS-01962,1525.65,pos,Bauchi,Bauchi-Central,d70390a3e9a87b2e,2025-02-18 18:00:27,18,1,False
1a2de749-6d15-4c68-8cc5-2fcc2e342b72,CUS-00776,3200.13,pos,Lagos,Surulere,ee819ec07e84bdd2,2025-02-18 18:01:30,18,1,False
768c637c-7a73-49be-acca-29fa91fb0b08,CUS-01268,4125.0,bank_transfer,Kaduna,Kaduna North,65173508ca2600a2,2025-02-18 18:05:20,18,1,False
9a9ad343-e7be-42e6-9f96-1d65c90e427e,CUS-01594,66628.96,mobile_money,Ondo,Ondo-Central,6a53bf463fa62fda,2025-02-18 18:07:31,18,1,False
3cae60e5-3626-4b0c-8fc3-014f273d37a4,CUS-00877,34176.43,pos,Delta,Uvwie,dbdece7179f3f47e,2025-02-18 18:09:00,18,1,True
d1f9135e-5a00-4087-96fa-622c593e38f7,CUS-00655,876.6,bank_transfer,Lagos,Ikorodu,26ac79b417ba3035,2025-02-18 18:15:40,18,1,False
6d6e9bd3-ba36-45b0-83db-df24fca15681,CUS-01185,2177.6,bank_transfer,Gombe,Gombe-Central,a6b4370cecc956b7,2025-02-18 18:18:06,18,1,False
d19feee4-3f86-4303-baa2-9cabe958ab43,CUS-00452,20515.72,pos,Rivers,Oyigbo,42de18a74e13aeb6,2025-02-18 18:21:00,18,1,True
fef0012a-bc55-4fef-a225-48cbaef02fa9,CUS-01515,80345.87,ussd,Lagos,Oshodi-Isolo,a431e97b4e692b20,2025-02-18 18:26:06,18,1,False
1ca0f7ef-cd44-4bdf-9673-e820266529d0,CUS-00482,910094.58,ussd,Abuja FCT,Bwari,e7e3666ef213fc1c,2025-02-18 18:31:28,18,1,False
57c9db99-fb75-4261-b0c6-dd5ab21f5ee5,CUS-00956,387.78,mobile_money,Abuja FCT,Gwagwalada,bb3872e548a09f75,2025-02-18 18:32:49,18,1,False
efd4c965-64ce-4bc4-a7d0-e84d74d27b15,CUS-00794,27637.52,bank_transfer,Lagos,Agege,61ad41bfc30e5cd7,2025-02-18 18:46:58,18,1,False
a1ef60d3-a5b8-4d52-8efa-2f5e53326d22,CUS-00308,53542.45,pos,Imo,Imo-Central,c2e5844899480571,2025-02-18 18:47:56,18,1,False
f59ebe4b-85e4-4577-820e-099abf16793b,CUS-00477,1209.61,mobile_money,Oyo,Ogbomoso,4a04eeeb911cfe41,2025-02-18 18:52:30,18,1,False
46e2399c-fa4e-4634-a4db-f4adb40f9bbe,CUS-01457,2900.48,pos,Anambra,Awka South,cd5bda4f0269770a,2025-02-18 18:53:06,18,1,False
7cd13b7c-a9aa-4795-a45a-eac85d7ccc97,CUS-01010,94145.19,bank_transfer,Lagos,Agege,235ae7f8be32021f,2025-02-18 18:55:43,18,1,False
a4ad9dc6-b351-4c81-bfbc-94e740053288,CUS-00358,554.39,pos,Gombe,Gombe-Central,a8241fb952fbd723,2025-02-18 19:00:00,19,1,True
d7ad2651-d7a1-4713-bfaf-27b3ab5b63fd,CUS-01759,3419.92,mobile_money,Oyo,Oyo East,f38f2638e200cb90,2025-02-18 19:09:21,19,1,False
5d4c3885-bddb-45c7-a23c-f1ac73909a83,CUS-00271,4899.95,pos,Benue,Benue-Central,1ed4881d016ff524,2025-02-18 19:09:38,19,1,False
c8f041d8-1fea-4afa-bd66-0e695520c495,CUS-01694,118.52,pos,Rivers,Port-Harcourt,d5150cfe61edef38,2025-02-18 19:10:46,19,1,False
9f57942e-7cc9-453d-ad35-a8aa8178269f,CUS-00342,1079.83,pos,Lagos,Lagos Mainland,1ef61af4ad918042,2025-02-18 19:44:10,19,1,False
eaeed8f1-9819-4862-9fe5-0f00fef98ead,CUS-00452,120.87,pos,Rivers,Obio-Akpor,42de18a74e13aeb6,2025-02-18 19:47:00,19,1,True
467800a9-73a0-4c72-81b9-faa54b6b1c91,CUS-00433,87856.35,pos,Lagos,Oshodi-Isolo,dc214b9c85be517a,2025-02-18 19:48:45,19,1,False
bff7b487-5bbf-4ef5-bcdd-aa6c4449dfc9,CUS-01536,364649.95,pos,Lagos,Lagos Mainland,72eadab8e3304187,2025-02-18 19:51:11,19,1,False
13727fa3-d04d-489a-a0e5-3220bb61f59b,CUS-01470,83450.88,pos,Oyo,Oyo East,c4455eb10abbc54e,2025-02-18 19:57:37,19,1,False
8c64d145-ab80-4bbe-8ed8-e309fa3abc5d,CUS-00877,50.35,pos,Delta,Oshimili South,dbdece7179f3f47e,2025-02-18 20:03:00,20,1,True
3527c7ef-a133-4364-ade7-1b0f1f5513e6,CUS-01546,608947.57,pos,Benue,Benue-Central,07f4f42f28f9e9cc,2025-02-18 20:29:59,20,1,False
be8eb9db-6095-4f62-96b3-b7ce10d3a6b5,CUS-00844,4800.3,bank_transfer,Lagos,Ikorodu,c9d69774918bb695,2025-02-18 20:38:25,20,1,False
8d3f9021-cf50-472c-aa9b-b6bdd3531591,CUS-01428,494.32,ussd,Enugu,Nsukka,732a634fefcbc5b8,2025-02-18 20:41:11,20,1,False
dd05feef-2b86-46ef-8b26-aa3c3b3cc094,CUS-00233,64030.95,pos,Abuja FCT,Municipal,102c007b0ed18d02,2025-02-18 20:44:59,20,1,False
f84aa5b7-f7d2-404a-9f90-fc9e335a8602,CUS-01827,4435.88,bank_transfer,Akwa Ibom,Akwa Ibom-Central,5b30437f9804c74d,2025-02-18 20:46:04,20,1,False
36ac4a43-90a0-4178-b482-e6be57952447,CUS-00452,93358.38,bank_transfer,Rivers,Eleme,42de18a74e13aeb6,2025-02-18 20:47:00,20,1,True
45c53bd2-d389-4eea-81d5-9277eff0c0dc,CUS-01705,2672.3,ussd,Lagos,Eti-Osa,7bb389bdf6256bbf,2025-02-18 20:51:31,20,1,False
b174156f-d5f5-4c31-b315-26ced6e767c9,CUS-00870,47269.08,ussd,Rivers,Oyigbo,48e1653cc2040db1,2025-02-18 20:58:53,20,1,False
0c9fdfb4-1c2b-4f46-815f-4a58d956daf0,CUS-00356,188.66,ussd,Lagos,Agege,887a44be65fd4c5e,2025-02-18 21:09:15,21,1,False
0dd8a0a1-fff3-4068-b9ab-9ec3bc8e5168,CUS-00372,2867.68,mobile_money,Lagos,Ikorodu,131ea15f92860a0b,2025-02-18 21:12:59,21,1,False
e0c69aa3-b821-4523-94b4-09a2008a9b23,CUS-01660,78484.32,bank_transfer,Kaduna,Kaduna South,47d98a681f2232b5,2025-02-18 21:13:32,21,1,False
522365e9-372c-4bea-8ae7-ccf08dedb518,CUS-00010,29951.29,pos,Lagos,Eti-Osa,aa25619cccb967cf,2025-02-18 21:23:18,21,1,False
5f7591c6-3371-4349-8226-7cf8f04ca469,CUS-00935,499650.18,pos,Kano,Kumbotso,b408994bb5a00c47,2025-02-18 21:30:47,21,1,False
e54d449a-e993-4c2e-beb1-fc54b8041bdc,CUS-00877,53207.45,bank_transfer,Delta,Uvwie,dbdece7179f3f47e,2025-02-18 21:53:00,21,1,True
b560f7da-c01f-4d8f-99fd-48dff038ca60,CUS-00890,14710.07,pos,Ondo,Ondo-Central,ec04d0f65b6923c4,2025-02-18 21:53:35,21,1,False
a54520d3-6606-4a78-bdfe-5d55092160cb,CUS-01799,49045.74,bank_transfer,Lagos,Ikeja,73145fde27a32e2e,2025-02-18 21:56:01,21,1,False
8affbae2-0144-459b-8011-e9c50e70aa8e,CUS-01118,2788.62,bank_transfer,Kano,Dala,9906c287df3d4b3d,2025-02-18 21:59:07,21,1,False
afc1c406-2edc-4003-a4b2-fbe2ae68dc47,CUS-01130,74.0,bank_transfer,Ondo,Ondo-Central,00577bc6026132e0,2025-02-18 22:34:37,22,1,False
53e3c6ef-21f7-4c73-aedf-dde52e7bb961,CUS-00435,37993.76,pos,Edo,Egor,ebea5f049d6ce18a,2025-02-19 01:09:55,1,2,False
b1e47bf6-6d81-4ad8-9557-b313bee45b53,CUS-01742,4327.53,mobile_money,Kwara,Kwara-Central,d2a3e6ca8f72aef1,2025-02-19 01:26:08,1,2,False
78302220-3f97-4c68-8437-588b4d57665b,CUS-01804,3946.13,pos,Kano,Gwale,1732d316c82cf99c,2025-02-19 01:40:18,1,2,False
fa2cd647-54ca-4080-b7f9-eb73c5672c7d,CUS-01910,332.14,mobile_money,Kano,Tarauni,ea6850c62e2c1350,2025-02-19 02:00:00,2,2,True
bb826882-0237-4cd1-b227-1e8a9104b99f,CUS-01838,52591.37,ussd,Yobe,Yobe-Central,6a7ec85c1aa650c1,2025-02-19 02:01:03,2,2,False
cd34c8af-778e-452e-9cc0-48dd04c786af,CUS-01363,25116.51,pos,Enugu,Nsukka,6e6997728cb47e26,2025-02-19 02:14:55,2,2,False
6fb8104a-b5bc-4d4b-8dd8-58cad3beb56e,CUS-01910,252.45,ussd,Kano,Tarauni,ea6850c62e2c1350,2025-02-19 02:22:00,2,2,True
3df6d598-fa81-4e55-a8d9-6a52f7b79f27,CUS-01910,313.04,pos,Kano,Fagge,ea6850c62e2c1350,2025-02-19 02:26:00,2,2,True
279d2504-54cf-444e-99bb-e5320d19d21c,CUS-01910,350.04,ussd,Kano,Nassarawa,ea6850c62e2c1350,2025-02-19 02:28:00,2,2,True
3875c6d2-8b0a-42d6-ad8e-f5b8696bad72,CUS-01910,321.96,pos,Kano,Fagge,ea6850c62e2c1350,2025-02-19 02:36:00,2,2,True
726b3478-cd68-4b0d-a893-88d614c07774,CUS-01910,346.12,ussd,Kano,Dala,ea6850c62e2c1350,2025-02-19 02:37:00,2,2,True
088220bc-44fa-430e-94c6-ef1db2f46cfa,CUS-00397,13236.08,pos,Rivers,Oyigbo,226e1605023f9821,2025-02-19 02:37:19,2,2,False
4e0f7af0-b1a8-4d52-8df2-ffe9ce0e3bf7,CUS-01910,241.38,pos,Kano,Gwale,ea6850c62e2c1350,2025-02-19 02:48:00,2,2,True
eb30d736-b512-48c1-a04c-23ff1cf8916d,CUS-00788,452772.52,bank_transfer,Abuja FCT,Gwagwalada,cfa2bab673d6b5bb,2025-02-19 03:48:25,3,2,False
d91f22a1-efbc-4d5c-83f5-85deaac8946e,CUS-00571,2858.33,ussd,Abia,Abia-Central,bb875fb6b33e6cde,2025-02-19 04:14:59,4,2,False
3ff322fd-a5bb-4dd4-9c96-0ba073eb8d2d,CUS-01573,76099.46,card,Zamfara,Zamfara-Central,4f9a7e83b7a2bce0,2025-02-19 04:16:01,4,2,False
6ad2b370-8747-4269-b21b-27bdc8f05200,CUS-00167,3692.19,pos,Lagos,Agege,1a50db474267137b,2025-02-19 07:04:00,7,2,True
8a96921e-c825-49b0-b86d-bd42149c6905,CUS-01338,364178.99,bank_transfer,Lagos,Surulere,c6c45b4746ea7af7,2025-02-19 07:06:54,7,2,False
2996295e-bc4d-4480-b3a6-8fc9622a2466,CUS-00167,58.04,mobile_money,Lagos,Eti-Osa,1a50db474267137b,2025-02-19 07:37:00,7,2,True
cfdb15c1-9eec-4ffb-b46e-be6ca3b048e5,CUS-00167,46006.62,card,Lagos,Mushin,1a50db474267137b,2025-02-19 07:49:00,7,2,True
a71f7b7d-a97f-44e1-a2d3-cd29214f93cd,CUS-01156,222.34,ussd,Lagos,Ikorodu,031d6ab684c1b05f,2025-02-19 07:57:11,7,2,False
9ca882e0-da40-44d1-a913-750281316f27,CUS-00000,92995.56,pos,Rivers,Oyigbo,071e80b4bb9b89f4,2025-02-19 08:45:04,8,2,False
b2eeb6e4-7810-4641-9bca-4f34e24666c5,CUS-00802,2165.5,ussd,Oyo,Oyo East,1a7c536b55b08bee,2025-02-19 09:04:42,9,2,False
f5b6f3e4-ee00-4417-8dcb-37588280dee6,CUS-01683,2951.38,pos,Plateau,Plateau-Central,e3bd83bb720ee892,2025-02-19 09:07:29,9,2,False
c11bcc1b-dfe9-41b9-9ea4-a70b07116b7f,CUS-00013,884.22,pos,Lagos,Alimosho,c3b8b5c1699a40c1,2025-02-19 09:27:40,9,2,False
18e777e1-6c85-42f4-a451-89a52a4fbeeb,CUS-01295,68826.47,pos,Lagos,Alimosho,ed59bae45fd6a782,2025-02-19 09:33:29,9,2,False
2b009d87-a66d-475a-8266-71ee09ea2990,CUS-01235,1575.68,pos,Rivers,Oyigbo,ac7a9713ab43d78c,2025-02-19 09:33:34,9,2,False
a577e702-83ac-4db4-bd35-338f9d962b9d,CUS-01600,4490.61,pos,Lagos,Eti-Osa,1bdb95d9acf8fbb3,2025-02-19 09:41:02,9,2,False
aee3a78d-7141-4d21-a0d0-5a73d782176e,CUS-00365,374698.42,pos,Rivers,Eleme,54e2be4f9b9a36b4,2025-02-19 09:47:26,9,2,False
93676c7f-f659-433d-a276-516b1b7943fe,CUS-00862,83824.01,card,Oyo,Ogbomoso,c408d8c18eab051a,2025-02-19 09:51:06,9,2,False
6c933d32-d867-43f5-9d9d-4c365e23402a,CUS-00792,4018.97,bank_transfer,Abuja FCT,Kuje,2447d4808d8e55a7,2025-02-19 09:57:09,9,2,False
537a15ce-b62b-4e1d-8cf0-46e9f4d1c731,CUS-00326,4959.28,mobile_money,Oyo,Ibadan South-West,44cc9b88041101da,2025-02-19 10:01:34,10,2,False
81560b10-ecec-4d36-b8bd-4183886a7c49,CUS-01204,43994.65,mobile_money,Abuja FCT,Kuje,7fc10fe4ca5124d6,2025-02-19 10:41:16,10,2,False
81d4a254-533e-4364-8a2d-8f76b990bfd4,CUS-00468,1811.99,bank_transfer,Lagos,Oshodi-Isolo,f54dd81c44ddef39,2025-02-19 10:48:09,10,2,False
0b8a5364-9780-460c-9cf1-fcc8216ffcf1,CUS-01011,202.24,mobile_money,Ogun,Ogun-Central,cce9d1e841c327a7,2025-02-19 10:53:58,10,2,False
804632b2-9b13-4424-ad33-37473690128d,CUS-00706,174.13,pos,Kano,Fagge,c70a8290a671a69c,2025-02-19 11:00:22,11,2,False
acdb1b3a-31aa-472b-9192-2838a5f3265a,CUS-01035,4741.74,pos,Edo,Ikpoba-Okha,156ab5dd8a852c79,2025-02-19 11:00:28,11,2,False
dd1ae2a2-a393-4dc3-9976-c469309abb55,CUS-01688,2112.68,pos,Kaduna,Kaduna North,c6da6c20add6ccdb,2025-02-19 11:03:53,11,2,False
13a7b595-fd41-463e-a924-36b7e672861b,CUS-01572,222.39,mobile_money,Osun,Osun-Central,3344b7d8ce1fd7e7,2025-02-19 11:10:09,11,2,False
f2828a6f-3279-4574-9b51-f2b974a940e3,CUS-01642,425.94,pos,Abuja FCT,Gwagwalada,d02d3de6b21344b6,2025-02-19 11:12:08,11,2,False
a4e49350-4a0f-4f17-b43d-d00f56ac2dc9,CUS-01567,98117.81,mobile_money,Lagos,Ikeja,30c29ebcbd60bd63,2025-02-19 11:25:38,11,2,False
8e872f2e-346c-4acd-8994-73210c1a1c6c,CUS-00026,306.49,mobile_money,Lagos,Kosofe,f906aed94ac545a4,2025-02-19 11:30:57,11,2,False
5dd7d257-8121-4d64-9637-5064e9463a7d,CUS-00167,34632.06,mobile_money,Lagos,Agege,1a50db474267137b,2025-02-19 11:37:00,11,2,True
26b1294c-a180-4b99-8316-89bfe6f1e775,CUS-01032,198015.15,mobile_money,Lagos,Ikeja,3465e7c29e8ade80,2025-02-19 12:06:52,12,2,False
0ef253e0-aa9e-4dc9-835d-036e0254bd7c,CUS-00366,84420.66,pos,Cross River,Cross River-Central,59e78c8c78566e9a,2025-02-19 12:08:07,12,2,False
399de1da-d072-4a4d-b646-05c2b448036b,CUS-01649,3084.49,card,Edo,Ikpoba-Okha,4f98930e56d17402,2025-02-19 12:12:58,12,2,False
5e48aafe-f4db-4edd-8adf-06506f4b211a,CUS-00165,86889.11,card,Bauchi,Bauchi-Central,da9388b31798113b,2025-02-19 12:16:48,12,2,False
34886055-0b54-4323-b730-7bcab6d00185,CUS-01848,42307.43,mobile_money,Niger,Niger-Central,d701dbf8c2ff3cf9,2025-02-19 12:25:49,12,2,False
cd4b9977-42be-4cb4-9632-14445736fcce,CUS-00206,43221.26,pos,Lagos,Lagos Mainland,3611e978f2cf6d25,2025-02-19 12:37:07,12,2,False
54ab8900-e2c6-4c91-8938-a93563eb8542,CUS-00379,253.97,pos,Kano,Nassarawa,97ab9ee55a7e362b,2025-02-19 13:04:00,13,2,True
0e6fe6c6-1170-443f-b4cf-c5ae626ff18a,CUS-00547,497.67,bank_transfer,Anambra,Awka South,4b6eccd02320fe46,2025-02-19 13:04:06,13,2,False
47a283af-e398-4eff-9111-eac9dd5d1170,CUS-00861,59845.38,pos,Abuja FCT,Bwari,88c623371bdc41ff,2025-02-19 13:05:33,13,2,False
f96f8877-2d10-4afa-a001-58f69a8e0903,CUS-00522,386346.94,pos,Bayelsa,Bayelsa-Central,8359329b6dadc065,2025-02-19 13:06:15,13,2,False
9eba2c9e-a3f7-485f-bd8e-1c4c1e193e37,CUS-01038,4940.53,pos,Lagos,Agege,37c80537f40eec54,2025-02-19 13:07:21,13,2,False
c96c54aa-66d0-4ed7-9124-b9bd44d37482,CUS-00887,72.71,bank_transfer,Lagos,Eti-Osa,74a921feddc38382,2025-02-19 13:08:08,13,2,False
336de978-18fa-4bd3-9b12-7b240904d4cf,CUS-00323,394.65,pos,Kano,Tarauni,c6be91d942ad5d17,2025-02-19 13:08:43,13,2,False
678dcb80-2ffa-44d2-b47e-54afe1bb618f,CUS-00379,295.86,ussd,Kano,Dala,97ab9ee55a7e362b,2025-02-19 13:11:00,13,2,True
435106eb-3b95-4822-843a-ecdc6f6a272d,CUS-00903,813.39,ussd,Oyo,Ogbomoso,e707cda42c6fc450,2025-02-19 13:13:59,13,2,False
441c13f8-40b8-482e-a580-8de50d071ad2,CUS-00379,441.67,ussd,Kano,Tarauni,97ab9ee55a7e362b,2025-02-19 13:16:00,13,2,True
669d6e38-d4df-4339-88a8-d63af8da508d,CUS-00379,205.1,pos,Kano,Kumbotso,97ab9ee55a7e362b,2025-02-19 13:23:00,13,2,True
351f0c0a-62fe-4d95-ba2e-a7750e6aeb50,CUS-00276,243.54,mobile_money,Imo,Imo-Central,9487056a11d10a77,2025-02-19 13:25:26,13,2,False
08d8a0d6-5c04-41fa-b7fb-98922a53b2a7,CUS-01036,883563.67,bank_transfer,Kano,Nassarawa,2600188299f78a75,2025-02-19 13:26:01,13,2,False
5886defb-0798-417a-b54f-7a19fcf344d3,CUS-01040,393134.82,pos,Oyo,Ogbomoso,e8144f079b7433da,2025-02-19 13:28:50,13,2,False
50383daa-e5c0-4fff-ace5-cb5079e357d9,CUS-00379,128.79,ussd,Kano,Kumbotso,97ab9ee55a7e362b,2025-02-19 13:30:00,13,2,True
835f6a2a-9d2a-475a-99e4-e6fac3cf6aaf,CUS-00358,470.58,bank_transfer,Gombe,Gombe-Central,a8241fb952fbd723,2025-02-19 13:32:43,13,2,False
6cc4adbd-db8d-4e28-bd67-6e682d9e8a08,CUS-00185,1807.37,ussd,Delta,Warri South,d898e5104d1303b0,2025-02-19 13:35:25,13,2,False
7ceb8ef2-bdd1-403b-83c4-383fdb9205e3,CUS-00379,314.86,ussd,Kano,Gwale,97ab9ee55a7e362b,2025-02-19 13:46:00,13,2,True
0b63b582-32b4-4934-aaba-14dc182c3305,CUS-00379,145.4,pos,Kano,Dala,97ab9ee55a7e362b,2025-02-19 13:46:00,13,2,True
c4072627-26dd-4609-b0b4-6c3d92c552f1,CUS-01621,287.32,pos,Lagos,Eti-Osa,8647eebdaf46fec5,2025-02-19 13:49:18,13,2,False
0a4bdd67-30b1-47e4-ae6f-805bca222642,CUS-01615,26673.58,pos,Anambra,Onitsha North,7910d927cbcddaeb,2025-02-19 13:50:56,13,2,False
c03cd9f2-673b-4157-b6cb-26377a6a9166,CUS-00167,3135.58,mobile_money,Lagos,Surulere,1a50db474267137b,2025-02-19 14:03:00,14,2,True
12ec83be-40a8-49d3-97b9-34b3caaaf558,CUS-00378,30349.77,bank_transfer,Benue,Benue-Central,b91ad10a40c22ad6,2025-02-19 14:10:26,14,2,False
6a216205-589a-4cb0-b7a1-9b49e46d5a5f,CUS-01680,3564.06,mobile_money,Kano,Kumbotso,5b6d9e25e5985abb,2025-02-19 14:14:04,14,2,False
6ad26e93-b4ae-4342-bad7-a57c369c14d0,CUS-00167,823331.26,ussd,Lagos,Agege,1a50db474267137b,2025-02-19 14:30:00,14,2,True
2135d29b-9b48-4487-b3c6-83f0348adcfc,CUS-00841,1016.07,mobile_money,Delta,Oshimili South,8f8993c755fc5846,2025-02-19 14:30:32,14,2,False
5ba1f4fa-5b9a-4e75-98c3-c4aaadf19f84,CUS-01477,14562.91,bank_transfer,Kwara,Kwara-Central,0c69db5eca4b3cc2,2025-02-19 14:32:31,14,2,False
9b42c200-18e6-40be-9f6f-e89a4ccc1146,CUS-01635,79005.51,bank_transfer,Lagos,Mushin,4c2cbdd8ab6f3b4a,2025-02-19 14:42:12,14,2,False
dc889351-eed8-4521-9f6e-6051591934ea,CUS-01129,287553.6,ussd,Kano,Dala,3cb9a5c73af5a620,2025-02-19 15:26:27,15,2,False
e7c55540-8e36-4d10-bbab-892dc8a5cdf6,CUS-00939,799.41,pos,Oyo,Ibadan South-West,ea080fb45b3fdb88,2025-02-19 15:36:00,15,2,False
6402f9ea-5b48-4718-8d34-c310112be092,CUS-00908,701.19,pos,Kano,Kumbotso,d99db5404c3f1b04,2025-02-19 15:44:26,15,2,False
cc9c9787-31e0-41c7-a287-40dc1ebdd9fd,CUS-00770,365758.65,bank_transfer,Lagos,Mushin,07ebcbdbcca5ed04,2025-02-19 15:45:00,15,2,True
292f0c6d-7240-45e2-ac49-45d6d42d81b5,CUS-00379,380418.64,mobile_money,Kano,Fagge,97ab9ee55a7e362b,2025-02-19 15:49:27,15,2,False
6212785c-eeab-4f8a-88a4-dd242fba9559,CUS-00484,88265.63,bank_transfer,Oyo,Ibadan South-West,1cec9d526e5aeb91,2025-02-19 15:49:56,15,2,False
dd824119-af7f-4c7a-afcb-ac85941448d8,CUS-01917,55105.64,pos,Kaduna,Kaduna North,2b0ecdd673e9f7e2,2025-02-19 15:56:26,15,2,False
98aab79e-2064-414e-9c8f-98b8b99709d4,CUS-01409,310.74,pos,Zamfara,Zamfara-Central,fcf0332ab56718bc,2025-02-19 15:57:00,15,2,False
679ac2c0-d5cd-4e02-b634-c2d4e12dddf9,CUS-01891,142.72,bank_transfer,Rivers,Oyigbo,3a1ec13f14ce0f06,2025-02-19 16:07:07,16,2,False
98bccf9e-dfdf-4c50-9d0e-04b5e1ea3d96,CUS-01244,2663.54,mobile_money,Kwara,Kwara-Central,2de3c5b088b4497a,2025-02-19 16:23:19,16,2,False
6830995f-9718-4c9a-8881-f4ea3e716645,CUS-00167,87323.46,pos,Lagos,Agege,1a50db474267137b,2025-02-19 16:25:00,16,2,True
0f380c78-b604-443c-84a1-d83546116545,CUS-00211,116.21,mobile_money,Anambra,Onitsha North,a37b10c1b0073fe1,2025-02-19 16:26:51,16,2,False
59829452-c678-468e-9a25-5956e55366be,CUS-00224,1279.62,pos,Kano,Fagge,4dcb9c5799d8cfbf,2025-02-19 16:26:52,16,2,False
df5fa581-f763-40fe-80d6-b29cd64e9e89,CUS-01221,13781.9,pos,Lagos,Ikorodu,3e2dfe6458677c2a,2025-02-19 16:29:21,16,2,False
bfa66b25-823c-4d4e-ad41-0baf7093f656,CUS-00309,779.11,pos,Kano,Nassarawa,8db672274e891d06,2025-02-19 16:38:40,16,2,False
d1a5b07e-7d1f-4067-9d83-7f9185272974,CUS-00455,23411.4,bank_transfer,Abuja FCT,Bwari,b4c3c4f1112b5142,2025-02-19 17:02:29,17,2,False
ef9abf51-0e67-4cda-824b-0d519ac01061,CUS-00167,2332.79,bank_transfer,Lagos,Ikeja,1a50db474267137b,2025-02-19 17:08:00,17,2,True
9f8c322a-3fa0-4975-90a4-86db3cb3f88f,CUS-01714,463212.71,card,Lagos,Kosofe,d59695c0082ffb4e,2025-02-19 17:08:41,17,2,False
bda43216-c826-4b6d-9b08-38a3120ea5a3,CUS-01369,1608.49,mobile_money,Lagos,Mushin,487afd3a4af3077a,2025-02-19 17:12:59,17,2,False
fd36a3ca-051c-43c7-b801-a9ae1b914aaf,CUS-00978,236.86,mobile_money,Abuja FCT,Municipal,b1eac8f3eae27cb3,2025-02-19 17:13:33,17,2,False
0fc7635b-3fdd-4fbe-9d0a-ab25ee7f6592,CUS-00660,96897.88,bank_transfer,Kano,Fagge,8c6878b8b463d522,2025-02-19 17:35:04,17,2,False
161d08be-3fa7-4fe4-a059-872baec639ee,CUS-00150,45578.74,pos,Kogi,Kogi-Central,d62ade57f04a8d7d,2025-02-19 17:42:01,17,2,False
b8a1e436-8572-418a-b154-3be4fc1648cf,CUS-01833,4675.43,pos,Osun,Osun-Central,a73b31364fdacb79,2025-02-19 17:52:34,17,2,False
3731f077-5f27-4a06-bb8f-8ebdd1a33476,CUS-01515,80901.89,ussd,Lagos,Agege,a431e97b4e692b20,2025-02-19 18:03:42,18,2,False
9b3242a0-5d98-4b29-8a75-2a74e9065d87,CUS-00166,81.08,bank_transfer,Kano,Gwale,e4ecfe82156fb964,2025-02-19 18:09:37,18,2,False
be0d29f0-6ccc-4a62-b2f5-b064771528c9,CUS-00002,275.34,ussd,Ondo,Ondo-Central,f91bdce8d9b190e6,2025-02-19 18:14:57,18,2,False
9abe4740-00bf-4ebd-ac94-708f839f32cf,CUS-01009,4696.78,pos,Abuja FCT,Bwari,d779f710e5a038e7,2025-02-19 18:17:19,18,2,False
3fe5cf8b-8ed8-4c8d-9e89-f24453f4ed82,CUS-01086,48370.82,bank_transfer,Kaduna,Kaduna North,bc03b7ced93c35fb,2025-02-19 18:22:16,18,2,False
eae9c711-4f65-4742-b193-24e36cb9e93a,CUS-01295,3339.98,pos,Lagos,Agege,ed59bae45fd6a782,2025-02-19 18:39:00,18,2,False
f0e2f491-adef-4a16-96d3-70990060fb3f,CUS-01547,172172.95,pos,Oyo,Oyo East,a176096e4a99d9cf,2025-02-19 18:44:53,18,2,False
27d27f2b-6d4d-4bda-a495-8fee748720c0,CUS-01565,1276.49,mobile_money,Rivers,Obio-Akpor,0246d732e3d4e8a6,2025-02-19 18:49:06,18,2,False
05edfb7f-1f06-49fa-9e00-7994915d9fad,CUS-00334,461.15,pos,Lagos,Ikorodu,426819f1bc1bcfec,2025-02-19 18:50:46,18,2,False
cd2bf14b-7863-4ef6-ab51-86e92b8d4416,CUS-00167,55188.44,pos,Lagos,Eti-Osa,1a50db474267137b,2025-02-19 18:51:00,18,2,True
548ef15c-5b5c-42d6-b3f5-84e99f27555e,CUS-00167,4235.35,bank_transfer,Lagos,Alimosho,1a50db474267137b,2025-02-19 19:13:00,19,2,True
0ab9f82b-8fad-4983-b86a-65cebd517aa6,CUS-00343,847984.85,pos,Rivers,Obio-Akpor,b4a2de98d30936c5,2025-02-19 19:30:55,19,2,False
80064c42-f78b-4f55-9014-63cec9d57503,CUS-00879,374.0,pos,Lagos,Lagos Mainland,4f8acc0ab1ef2e45,2025-02-19 19:31:49,19,2,False
662143c5-63fd-486b-9b28-e8ebd090c219,CUS-00332,343.37,bank_transfer,Lagos,Eti-Osa,3fe7ddf458a60195,2025-02-19 19:36:03,19,2,False
1decf7dc-295d-4cc8-ad69-da8fd55f3d9f,CUS-00088,23034.37,mobile_money,Niger,Niger-Central,f349a09331d62ed0,2025-02-19 19:36:44,19,2,False
b3504667-77e0-4677-91d3-04436425cbdf,CUS-01835,2125.24,pos,Delta,Uvwie,6efe17208d27ab98,2025-02-19 19:43:16,19,2,False
9d3eb37a-0d22-4c00-99c3-769ad46436ce,CUS-00030,943047.53,pos,Kaduna,Kaduna South,968ca543cfadacac,2025-02-19 19:52:49,19,2,False
f11668a6-2048-4090-8acf-8aa782400014,CUS-01470,4761.83,pos,Oyo,Ogbomoso,c4455eb10abbc54e,2025-02-19 19:53:03,19,2,False
c1744e08-d52b-4b95-8b0a-0f6fb2073602,CUS-00987,179.07,bank_transfer,Rivers,Port-Harcourt,01e7a632232003ba,2025-02-19 19:53:51,19,2,False
267c83e1-a61f-437a-922d-4a32b147c9aa,CUS-01793,4255.41,mobile_money,Anambra,Awka South,3960fe077f66e564,2025-02-19 20:01:00,20,2,False
e0728584-3ae8-47f7-8884-067dcfe3306a,CUS-01087,206.78,pos,Lagos,Ikeja,24a0342350f1093d,2025-02-19 20:08:53,20,2,False
dad49901-8f11-4fd3-a513-bdbf67115bb1,CUS-00766,735735.66,bank_transfer,Kwara,Kwara-Central,6ff0ddcda0bc1969,2025-02-19 20:11:07,20,2,False
26f56992-5da2-42b1-9dfe-5022a12cfe0c,CUS-00167,77762.72,ussd,Lagos,Eti-Osa,1a50db474267137b,2025-02-19 20:12:00,20,2,True
994bd5ee-e4bb-4fbc-88c7-120acda51393,CUS-00101,4690.94,bank_transfer,Enugu,Enugu East,0a2033d5ef1404b7,2025-02-19 20:24:43,20,2,False
2a5e845b-5402-4aeb-9ab7-b65d41b49c8f,CUS-00173,4680.79,ussd,Lagos,Eti-Osa,215dbe62d129810e,2025-02-19 20:24:51,20,2,False
bf575186-3a80-4feb-9b29-3732dec32326,CUS-00093,3780.67,bank_transfer,Oyo,Ibadan North,05a21485fe081204,2025-02-19 20:35:25,20,2,False
930b78a4-c154-4213-982f-54b97230a6eb,CUS-01453,4751.4,pos,Oyo,Ibadan South-West,fee6248a5b22adcf,2025-02-19 20:37:01,20,2,False
146eb1f9-f9f2-44fe-8af6-a0cde54a8b95,CUS-00533,309.96,pos,Oyo,Ogbomoso,ed52fa7157600cd1,2025-02-19 20:43:55,20,2,False
95167607-8db8-41de-8eb7-85630518b66e,CUS-00601,19188.16,pos,Kano,Tarauni,dc250b6d8147d297,2025-02-19 20:45:02,20,2,False
33f2d547-ad0e-4c42-8822-30f373c58b25,CUS-01817,33351.32,mobile_money,Kwara,Kwara-Central,303a9e8e2b3d6b5a,2025-02-19 20:49:07,20,2,False
61b4e01f-1103-41ee-a93f-b67282f8d7fc,CUS-00289,91.17,pos,Kaduna,Kaduna South,b2cf27b1e6b53ab6,2025-02-19 20:54:21,20,2,False
04ed824c-4744-43d2-8653-13fc7948486a,CUS-01380,13811.61,pos,Lagos,Agege,43e0a205888c9d8d,2025-02-19 20:56:04,20,2,False
60e38592-3821-4da0-920e-301e02196016,CUS-00302,3471.02,bank_transfer,Oyo,Ibadan North,b8478804cb2a0e1b,2025-02-19 21:04:12,21,2,False
417a6ff8-84ac-464b-83a6-500a6b595dcd,CUS-00913,84104.03,card,Rivers,Eleme,80a5f367f2b19e45,2025-02-19 21:09:16,21,2,False
bc4d9331-92e6-4637-8a3e-dfe7515cba24,CUS-00970,448.28,pos,Delta,Warri South,c69f331db4db0418,2025-02-19 21:09:50,21,2,False
642097aa-2621-4632-bb6d-a4c474be35df,CUS-01500,3220.53,pos,Abuja FCT,Municipal,b9a3547038ddbc74,2025-02-19 21:20:40,21,2,False
eb0085ef-d184-4b27-b0b7-932633807e59,CUS-00961,3366.66,ussd,Kaduna,Kaduna South,53c76254ebe7bddf,2025-02-19 21:30:39,21,2,False
411cf7e0-992c-4184-b01b-1645c3b08c7c,CUS-00166,52316.53,pos,Kano,Dala,e4ecfe82156fb964,2025-02-19 21:38:53,21,2,False
b0c12971-b954-4bd0-9828-f0b1a5054533,CUS-00332,50032.02,bank_transfer,Lagos,Agege,3fe7ddf458a60195,2025-02-19 21:42:30,21,2,False
02067e79-974c-4d4a-ba62-3bda43df2d0a,CUS-00819,4229.48,pos,Kano,Fagge,2dbc5cf713264b24,2025-02-19 21:55:58,21,2,False
88297495-a542-41ac-a7c6-d19b29f85a9c,CUS-00648,484929.56,bank_transfer,Imo,Imo-Central,87df8c596d1e3bc8,2025-02-19 22:34:29,22,2,False
c6a8a90a-f0dc-4ff2-9c5b-ff0e4e1e05ab,CUS-00167,191711.96,bank_transfer,Lagos,Alimosho,1a50db474267137b,2025-02-19 22:58:00,22,2,True
10ba5bc2-2de6-475d-bc4a-572295656bb2,CUS-00622,904602.84,bank_transfer,Rivers,Port-Harcourt,7e53a819ad1be8b4,2025-02-20 01:44:34,1,3,False
d902538d-7941-49b6-9bb5-eb1955218e1c,CUS-00541,833328.55,bank_transfer,Kaduna,Zaria,2d27eb65a141ea41,2025-02-20 02:05:00,2,3,True
6e4683c7-879a-4b8c-857b-78091d31bd82,CUS-00104,4291.88,mobile_money,Kogi,Kogi-Central,a3a1376fb84af329,2025-02-20 03:04:54,3,3,False
765096f3-58d1-4afb-a39d-b8b7f13c6c9c,CUS-00942,450829.03,pos,Delta,Uvwie,f7c21e7a847ebee4,2025-02-20 03:06:22,3,3,False
fd058140-bfc1-4199-b883-3cbd55b1d806,CUS-01244,9987.14,mobile_money,Kwara,Kwara-Central,2de3c5b088b4497a,2025-02-20 03:15:02,3,3,False
00fdf7ab-50f8-479b-a208-9ab8477997b9,CUS-00633,3924.63,pos,Oyo,Oyo East,588850e3ca7f47b7,2025-02-20 08:10:20,8,3,False
ce93f236-4cff-496f-8ffb-bea838e497c9,CUS-00331,328.65,ussd,Kwara,Kwara-Central,957709893e267ffb,2025-02-20 08:53:11,8,3,False
eb1fa2a3-be56-4e8d-b1f1-f1c8dcf4fe4e,CUS-01106,229.57,mobile_money,Rivers,Obio-Akpor,fa541b676a9458f8,2025-02-20 09:03:48,9,3,False
4a67682a-97a8-451b-b40e-a9c516891f1e,CUS-00091,4029.26,mobile_money,Edo,Oredo,e01e6ff363ab9e69,2025-02-20 09:15:21,9,3,False
31de8082-a264-4691-a171-eee2258f63e6,CUS-01098,68301.35,pos,Abia,Abia-Central,311eb4d69dc7f861,2025-02-20 09:17:11,9,3,False
fbc9eb9a-02ff-44aa-b625-8e30bf75b91b,CUS-01244,56590.34,mobile_money,Kwara,Kwara-Central,2de3c5b088b4497a,2025-02-20 09:22:26,9,3,False
7efef493-c47a-44f8-af31-c47ba972647d,CUS-01381,97452.56,bank_transfer,Rivers,Port-Harcourt,f4b4ef6860ca96ae,2025-02-20 09:29:25,9,3,False
7f859fbc-1858-4c8f-a9ad-ca38a81c1391,CUS-01938,2776.71,bank_transfer,Abuja FCT,Gwagwalada,cd875704aee05fcf,2025-02-20 09:57:45,9,3,False
f307db25-3899-49cc-bd16-8cad5bf7a11a,CUS-00077,4712.39,bank_transfer,Lagos,Oshodi-Isolo,002e09c381b02971,2025-02-20 09:59:00,9,3,False
7a181c83-6463-4a70-9971-0a8aa78836b6,CUS-01704,3198.12,ussd,Rivers,Obio-Akpor,3f93833aee85b8e1,2025-02-20 10:02:53,10,3,False
f98f0150-64e7-48f4-8a8f-391d8de6490a,CUS-01655,3268.29,pos,Gombe,Gombe-Central,ee689fc86d725bb6,2025-02-20 10:13:25,10,3,False
b5d8f1d7-8f1c-47e7-91d8-95a0f61a34a6,CUS-01132,45020.62,ussd,Lagos,Mushin,cda0f4186c3affa8,2025-02-20 10:29:39,10,3,False
b1c657c8-c13f-48c0-aa5a-ffe5fe4eb771,CUS-01029,2127.6,bank_transfer,Plateau,Plateau-Central,345305fe8c241fb1,2025-02-20 10:35:06,10,3,False
7b377916-5e6d-4ca2-b30a-ae7dfa07b78e,CUS-01247,592525.14,bank_transfer,Lagos,Alimosho,18e92e4979a08146,2025-02-20 10:36:18,10,3,False
67053ad0-5ae4-4583-b59c-c1f59e9ad6d7,CUS-01022,264.39,mobile_money,Adamawa,Adamawa-Central,11af4afd7dd500b9,2025-02-20 10:44:37,10,3,False
e44b6483-7dda-4f7b-9317-3a311d9f3e40,CUS-00252,686.69,mobile_money,Borno,Borno-Central,0d2d209831150098,2025-02-20 10:50:17,10,3,False
1552f78f-689d-4121-9010-f77845cd6b8b,CUS-00179,49322.69,bank_transfer,Lagos,Ikorodu,53779734db1d17c1,2025-02-20 11:06:08,11,3,False
850be090-1f42-4437-884a-9a3eb6462881,CUS-00442,26016.89,mobile_money,Rivers,Obio-Akpor,b72e75b2e9754cf1,2025-02-20 11:07:40,11,3,False
4a0df399-1d89-4e6f-a8ad-7c9add40af71,CUS-01167,12579.02,pos,Abuja FCT,Gwagwalada,281007905cca8b73,2025-02-20 11:10:52,11,3,False
1a00a381-b865-4216-ac86-c3d56667373e,CUS-01269,98390.25,mobile_money,Kano,Gwale,d063004795dfbee2,2025-02-20 11:15:56,11,3,False
9a2769f3-38a8-472f-acdd-1998f932206b,CUS-00909,718010.75,pos,Rivers,Eleme,256c588e94dcbb7b,2025-02-20 11:40:18,11,3,False
750e65de-8349-48df-9d9a-32b9ef5fc8f7,CUS-01145,41888.32,pos,Kebbi,Kebbi-Central,925027ad2e73f2c2,2025-02-20 11:42:44,11,3,False
022be37e-fc3a-4d41-b54f-80d972479362,CUS-00094,308989.82,pos,Abia,Abia-Central,2042e9881324c986,2025-02-20 11:45:48,11,3,False
dd408bc9-7afc-45f1-93e7-7751cbb43c74,CUS-01800,4489.52,pos,Cross River,Cross River-Central,495085d7be707495,2025-02-20 11:52:09,11,3,False
11bb9b29-a25b-45fa-85e6-531a507392ed,CUS-01127,45942.67,pos,Rivers,Oyigbo,82121e9423b06b7e,2025-02-20 11:57:35,11,3,False
2f3b14ae-c987-46c2-933e-d0d90a33c300,CUS-01347,250161.43,pos,Rivers,Eleme,ec76fa108fd59db4,2025-02-20 12:17:38,12,3,False
cb549c45-32ee-45ba-9026-f430cde02df5,CUS-01244,16556.25,pos,Kwara,Kwara-Central,2de3c5b088b4497a,2025-02-20 12:29:36,12,3,False
d5cb7fd3-9663-409c-ba8a-7bd074eeb186,CUS-00676,470.53,pos,Lagos,Lagos Mainland,57e05c0116363981,2025-02-20 12:46:37,12,3,False
7a1d6f78-86c1-45ff-a9c4-d57890bf6723,CUS-01524,260.48,pos,Abuja FCT,Bwari,e9b082843f2915d1,2025-02-20 12:46:44,12,3,False
bab7f60e-4be7-4423-8b3c-d1a395352387,CUS-01208,3351.06,pos,Kano,Fagge,e98a5e1c5dd09287,2025-02-20 12:57:56,12,3,False
dc98d120-a401-4c07-b6b7-e25d48b251bb,CUS-00947,96575.58,bank_transfer,Nassarawa,Nassarawa-Central,16f02fc59c758e76,2025-02-20 13:04:17,13,3,False
3b0c7446-7d16-4ead-a104-ed7d9e630dae,CUS-01558,30396.52,pos,Bauchi,Bauchi-Central,7f04b0f4ed5414f4,2025-02-20 13:25:39,13,3,False
b2caad01-b7ff-4665-8823-958de62effe3,CUS-01524,1400.47,pos,Abuja FCT,Municipal,e9b082843f2915d1,2025-02-20 13:45:11,13,3,False
6c73ce46-8b71-4f61-af17-93e137a3024b,CUS-01500,353.1,pos,Abuja FCT,Municipal,b9a3547038ddbc74,2025-02-20 13:49:29,13,3,False
bee7449f-5e91-4b10-8dbf-78ad36744718,CUS-01861,76989.76,bank_transfer,Delta,Uvwie,7c59729f913bdbb9,2025-02-20 13:49:43,13,3,False
0836cfe9-26a3-4dab-b0c1-ea81b286dd6c,CUS-01174,117.99,pos,Enugu,Enugu North,e9982c9770e0c56e,2025-02-20 13:56:35,13,3,False
292c47f6-130f-44b9-92af-0def7dabd360,CUS-00236,3509.11,ussd,Kano,Kumbotso,a5603aec39b63960,2025-02-20 13:59:03,13,3,False
04a32725-0aca-4479-a03b-2d7ffff1187c,CUS-00809,48297.78,mobile_money,Lagos,Agege,db69bf71f5a9ddc6,2025-02-20 14:04:35,14,3,False
24c6ad89-0289-4f0a-a503-bce2e628e3d0,CUS-01716,583021.71,pos,Lagos,Kosofe,876514bdb0606ae7,2025-02-20 14:14:42,14,3,False
8c25e7ce-a6e1-4d8c-adbe-e10fba50b323,CUS-00454,85443.4,bank_transfer,Lagos,Kosofe,6ef7ad5156b9d3a1,2025-02-20 14:24:35,14,3,False
23c934e3-84e8-4fde-b483-dab67a971d24,CUS-01752,8333.06,pos,Lagos,Mushin,1418241f25a9340c,2025-02-20 14:39:49,14,3,False
3b884ef7-49e9-4851-86a8-0e8659d47899,CUS-00567,3448.53,pos,Rivers,Port-Harcourt,cb80685b5f950968,2025-02-20 15:05:28,15,3,False
f1b93f44-48cf-4c0d-9dc0-0007bdff1bc7,CUS-01347,64038.05,pos,Rivers,Oyigbo,ec76fa108fd59db4,2025-02-20 15:09:28,15,3,False
4055327a-a38d-401c-ad62-95e0d459afe2,CUS-00724,39671.59,ussd,Oyo,Oyo East,4efd26d3ea3c9cf3,2025-02-20 15:11:40,15,3,False
2252487e-863e-4601-83d5-d0fa1aecaea4,CUS-01299,237.61,mobile_money,Edo,Ikpoba-Okha,463bb7d0d1220095,2025-02-20 15:13:04,15,3,False
a58becb1-f4cb-4d00-a176-c617bc2c8d46,CUS-01604,77502.0,pos,Lagos,Agege,f3a9328502c9a405,2025-02-20 15:15:27,15,3,False
dada1bee-18ae-417b-9965-f292580056c6,CUS-01300,4307.87,bank_transfer,Lagos,Kosofe,2c4c0203c97a20fc,2025-02-20 15:20:36,15,3,False
09d6f1b8-b1ca-4dac-9357-40b41645d6f4,CUS-01226,3451.39,pos,Rivers,Obio-Akpor,def91623b5e943da,2025-02-20 15:22:28,15,3,False
c3c48da9-d420-4d2c-90fc-fbe1a6d2a6ba,CUS-00858,500.3,pos,Oyo,Ibadan South-West,459418dba78d60fc,2025-02-20 15:23:41,15,3,False
8661a423-0194-4b06-8a3d-e6af55b8df0e,CUS-00855,97331.84,bank_transfer,Lagos,Ikeja,c708ef9fa6a48519,2025-02-20 15:26:09,15,3,False
c1212922-1eda-4ab3-8b9f-8d7e5aeb0068,CUS-01286,2951.56,pos,Lagos,Alimosho,82739cbcbd1403a5,2025-02-20 15:30:53,15,3,False
5e4ea95e-b6fe-4029-be1e-bcbeb93486e7,CUS-01976,340.76,pos,Kano,Tarauni,51bdf1774320a714,2025-02-20 15:39:45,15,3,False
30e281a7-1112-40d4-a869-1c4498492bd0,CUS-00761,60050.95,pos,Kano,Tarauni,9af619d3f3e717ee,2025-02-20 15:50:02,15,3,False
9edd2a9f-f27b-43e5-b0fd-27741b96cf7a,CUS-00074,63165.2,ussd,Edo,Ikpoba-Okha,29381210ef969377,2025-02-20 15:59:58,15,3,False
6e0415bb-b284-4d6a-b02c-08260604297a,CUS-00201,195.15,bank_transfer,Lagos,Kosofe,39439305fe5c2f64,2025-02-20 16:12:41,16,3,False
a639126e-2a16-462a-bddf-72f91fbb6406,CUS-01539,1332.77,pos,Oyo,Oyo East,bea45a284a1b1e7e,2025-02-20 16:18:36,16,3,False
1777b2f0-f649-4555-a281-325ac8512e03,CUS-01398,10995.11,pos,Enugu,Enugu North,38bb26e921581818,2025-02-20 16:20:55,16,3,False
dccb34eb-e227-4419-a0ce-0213b5bef311,CUS-00918,368.58,bank_transfer,Kwara,Kwara-Central,402f6978085be2fa,2025-02-20 16:32:57,16,3,False
7c2c6373-6da1-474e-9063-b5498b5405d4,CUS-01428,66747.2,ussd,Enugu,Enugu North,732a634fefcbc5b8,2025-02-20 16:34:04,16,3,False
80487e8b-207e-4791-afdc-e3831dbd82a6,CUS-00257,3535.42,bank_transfer,Edo,Egor,05b67e1b6e78ab21,2025-02-20 16:37:24,16,3,False
834f24d0-4a64-4f41-9137-94a6fde0f637,CUS-01016,2609.31,mobile_money,Lagos,Lagos Mainland,b37267bda873e2af,2025-02-20 16:46:48,16,3,False
f037ed27-1898-45d7-b832-93adc6d00f91,CUS-00489,4904.52,pos,Niger,Niger-Central,6fd9e9e2be5896c6,2025-02-20 16:49:35,16,3,False
36f0cb27-bad8-4b5c-9e8d-f931026db774,CUS-00043,484.87,pos,Kogi,Kogi-Central,dde67db5f24e0bcc,2025-02-20 16:49:38,16,3,False
8de29f7f-7735-4eb6-be5e-011284fabf12,CUS-00452,86320.3,bank_transfer,Rivers,Port-Harcourt,42de18a74e13aeb6,2025-02-20 16:51:26,16,3,False
f663bff9-0b17-454c-a0ac-163068054298,CUS-01524,155.39,pos,Abuja FCT,Bwari,e9b082843f2915d1,2025-02-20 16:51:50,16,3,False
1e38256e-61b5-4d67-abb8-bf6c36a2fd6e,CUS-01719,4965.18,pos,Lagos,Kosofe,3bca07c7e0c085d6,2025-02-20 17:04:35,17,3,False
445838e2-bd6a-419d-9372-675423bdc6d4,CUS-01769,3745.22,pos,Rivers,Obio-Akpor,1118a0d8bb9220e4,2025-02-20 17:13:02,17,3,False
b869fa9f-5130-4567-9edc-ae534c4c907f,CUS-00544,92748.16,pos,Enugu,Nsukka,7c1e957e56743c52,2025-02-20 17:14:37,17,3,False
7b14b4fa-86c7-4206-9a6c-494038e68893,CUS-01423,468287.39,pos,Lagos,Kosofe,9b4a9315bbdb7cca,2025-02-20 17:17:25,17,3,False
320c64c8-24eb-49c7-abe2-af59fc7f7844,CUS-01150,861493.44,bank_transfer,Edo,Ikpoba-Okha,6a45da23b71f0b13,2025-02-20 17:18:10,17,3,False
d7a1c6d1-5c46-4d21-98ff-48d4cad06ca0,CUS-00095,3390.91,mobile_money,Abuja FCT,Kuje,153f2c240b7102b6,2025-02-20 17:19:47,17,3,False
3663b4d1-4dd5-4b0f-9748-251559403ee8,CUS-00842,684727.86,ussd,Lagos,Surulere,4a7bc2fbc70c3572,2025-02-20 17:21:25,17,3,False
27f1b19d-bdb1-4a1e-8f92-88b49cbe7bf0,CUS-00840,4402.15,pos,Lagos,Agege,cabd7b8438ffd909,2025-02-20 17:32:22,17,3,False
db6c41ef-02b4-4f3e-ae9e-33f7e850aeea,CUS-00603,99881.2,pos,Lagos,Mushin,bb90dbe9236c1ae4,2025-02-20 17:34:42,17,3,False
e851d885-be40-4013-bfe7-3fed0001d19a,CUS-00002,34732.06,ussd,Ondo,Ondo-Central,f91bdce8d9b190e6,2025-02-20 17:34:55,17,3,False
e7b57583-5f3b-4385-aa8e-379cf47ca61a,CUS-01204,797518.52,mobile_money,Abuja FCT,Municipal,7fc10fe4ca5124d6,2025-02-20 17:35:33,17,3,False
4b429c39-8900-434e-b9f6-c1aa15e6c0d6,CUS-00734,94.68,ussd,Kano,Tarauni,9450c2933d9e8fbb,2025-02-20 17:43:20,17,3,False
775dbb7d-7281-4bc5-a1b4-1dc51664bebd,CUS-01743,1749.54,pos,Lagos,Kosofe,d5589e4b86f19561,2025-02-20 17:44:35,17,3,False
f83fe2f7-06bb-47ab-bc62-e43bde4dcf87,CUS-00767,4518.55,mobile_money,Kebbi,Kebbi-Central,b60a92927087472a,2025-02-20 18:07:54,18,3,False
cbdb6627-a25c-4894-8188-41032d5a0a08,CUS-01348,4011.6,pos,Ogun,Ogun-Central,31e67fdd4542a2a3,2025-02-20 18:12:33,18,3,False
fdb32539-fed3-4783-adf0-3278cc661fcd,CUS-00021,3149.95,bank_transfer,Lagos,Surulere,2afb46bcbe3e328f,2025-02-20 18:18:39,18,3,False
1db1a401-99bc-4ae5-b8ed-5b7300221408,CUS-00763,456.61,bank_transfer,Osun,Osun-Central,66633ed51d4a4d6a,2025-02-20 18:19:15,18,3,False
35c2be88-c87c-48bf-a148-dbb6fb833ad1,CUS-00116,676385.78,bank_transfer,Benue,Benue-Central,d7e0fd6901e8b851,2025-02-20 18:29:27,18,3,False
d4ea9dc6-fa5b-420f-9138-528805b7fb30,CUS-01015,79236.28,pos,Adamawa,Adamawa-Central,19492d475c97a771,2025-02-20 18:47:37,18,3,False
2af87bb8-4613-4848-9850-977ccc82744f,CUS-01568,82.33,mobile_money,Enugu,Enugu North,82e3ecb4f65f677b,2025-02-20 18:47:57,18,3,False
3a616aa6-df86-42dd-a375-fe908526e300,CUS-01165,808.87,bank_transfer,Plateau,Plateau-Central,23c0878b7294dbdc,2025-02-20 18:49:55,18,3,False
d5a0330d-ed38-480b-8a6d-af4b8a0683b1,CUS-01863,3069.27,pos,Oyo,Ibadan South-West,e2cd40b0a465df43,2025-02-20 18:50:51,18,3,False
c7635d6b-f047-4034-980b-f4f4732be203,CUS-00418,517755.69,ussd,Anambra,Nnewi North,0ace4848c68c0524,2025-02-20 18:51:07,18,3,False
19d26207-64ce-46a4-a429-e010152bff01,CUS-00062,3880.54,bank_transfer,Plateau,Plateau-Central,97c2d31f69cba6c7,2025-02-20 18:51:11,18,3,False
3c9f5fc5-e834-44d2-a42c-6bcde250c1ce,CUS-01686,4095.55,ussd,Adamawa,Adamawa-Central,7628d342554142c5,2025-02-20 19:18:49,19,3,False
9c3145b2-a720-496b-909d-108f9a1637ed,CUS-00403,507339.96,pos,Plateau,Plateau-Central,4cc2a310dd5e1b80,2025-02-20 19:36:38,19,3,False
11f767eb-f96c-406a-ac5c-d16b823713fa,CUS-01082,803370.84,bank_transfer,Rivers,Obio-Akpor,ba4abb559ef4a036,2025-02-20 19:59:22,19,3,False
aafeedac-bd5c-4fdd-9cf8-21798d908a17,CUS-01452,747.34,mobile_money,Zamfara,Zamfara-Central,8af2244a304d26f8,2025-02-20 20:11:56,20,3,False
dc328883-0f2d-4a20-bef6-46851a455137,CUS-00787,43503.92,bank_transfer,Rivers,Obio-Akpor,f8a43fab67f661de,2025-02-20 20:20:06,20,3,False
1b54c8ad-5c63-49ef-a9e9-6101b010a608,CUS-01586,117780.7,bank_transfer,Edo,Oredo,ac26d5b5ca0ca689,2025-02-20 20:24:26,20,3,False
da3882a0-cc77-4b05-bf65-5dcb24f7badb,CUS-01528,90079.29,card,Benue,Benue-Central,f61ecd1138c844c4,2025-02-20 20:25:45,20,3,False
c6754ebd-ef48-4ede-87ab-06ab800ff700,CUS-00978,443379.43,mobile_money,Abuja FCT,Gwagwalada,b1eac8f3eae27cb3,2025-02-20 20:33:07,20,3,False
0ad4f217-d1f9-4633-b432-4618375c63ac,CUS-00253,62860.07,bank_transfer,Kano,Kumbotso,9ff58e403109ef30,2025-02-20 20:57:11,20,3,False
e747939a-6cce-4742-b7f6-d372bf74bd7c,CUS-01443,405.11,card,Abuja FCT,Bwari,99626b470ed79cda,2025-02-20 20:59:23,20,3,False
18473017-e4e4-489a-a671-bd3c61c45946,CUS-00802,350842.88,ussd,Oyo,Ibadan North,1a7c536b55b08bee,2025-02-20 21:05:57,21,3,False
a3ee53a6-6e99-48c7-8dc0-243d4948209a,CUS-01781,66412.17,pos,Kogi,Kogi-Central,7c39e27bdd3e2a60,2025-02-20 21:06:15,21,3,False
c1a27132-3c41-46e8-a7b2-0e775bfee474,CUS-00743,119.58,bank_transfer,Abuja FCT,Gwagwalada,3c89eb93ecd23ea3,2025-02-20 21:07:48,21,3,False
0c87fb94-8ed6-466d-b11c-bed78d393059,CUS-01777,75982.99,bank_transfer,Rivers,Oyigbo,3b6b26cc8eb04698,2025-02-20 21:15:01,21,3,False
e1a8f94f-975d-413d-90d5-c97bdb9e1fc3,CUS-00671,65589.16,bank_transfer,Nassarawa,Nassarawa-Central,c036671ca8b35a91,2025-02-20 21:32:09,21,3,False
ff82f36b-a81d-46e1-8663-ef4f9976bf54,CUS-01433,98705.83,bank_transfer,Delta,Oshimili South,2966b413eb51f515,2025-02-20 21:37:03,21,3,False
cef3bae4-d9d3-4a6d-a5cb-f870e421293a,CUS-01111,686061.33,bank_transfer,Lagos,Alimosho,e26bb45013e5e156,2025-02-20 21:38:00,21,3,True
211a54c8-0c3a-42ef-9177-a12879eedf7c,CUS-00162,1647.92,pos,Enugu,Nsukka,392a058a52ccbf40,2025-02-21 01:19:50,1,4,False
550a3ed6-a3b7-4bc1-a71f-6289ff2fb954,CUS-00065,16059.07,mobile_money,Oyo,Ibadan South-West,87baa8a35ed6745a,2025-02-21 01:29:13,1,4,False
6e5a396c-87ff-4134-8bb5-cf63f8b4df81,CUS-01447,439.16,pos,Bauchi,Bauchi-Central,14f7c7965d9a0426,2025-02-21 02:05:00,2,4,True
8e77b32f-5f63-4d75-8aa3-0f813da995e8,CUS-01447,338.79,mobile_money,Bauchi,Bauchi-Central,14f7c7965d9a0426,2025-02-21 02:18:00,2,4,True
f26c8c1f-1acf-4fba-bdfd-707d5f5ee6dd,CUS-01447,185.94,mobile_money,Bauchi,Bauchi-Central,14f7c7965d9a0426,2025-02-21 02:30:00,2,4,True
0653f4f6-e49b-4083-9ecd-a5f397200f7d,CUS-01447,357.81,pos,Bauchi,Bauchi-Central,14f7c7965d9a0426,2025-02-21 02:36:00,2,4,True
bceb6136-e915-42a2-a245-e53eef6c9ddd,CUS-01447,480.95,mobile_money,Bauchi,Bauchi-Central,14f7c7965d9a0426,2025-02-21 02:40:00,2,4,True
5548bc6d-9330-439b-8090-36db3c8cc593,CUS-01447,330.58,mobile_money,Bauchi,Bauchi-Central,14f7c7965d9a0426,2025-02-21 02:43:00,2,4,True
954913ef-43c6-4eca-a633-0b104dea2bed,CUS-01447,298.16,pos,Bauchi,Bauchi-Central,14f7c7965d9a0426,2025-02-21 02:49:00,2,4,True
fe75036e-3584-4435-a34b-65cc1de3696a,CUS-00502,3015.95,bank_transfer,Kano,Dala,80efa17caf89343a,2025-02-21 03:47:07,3,4,False
67270c81-ac12-4a06-b53f-2720862493fa,CUS-01233,223.45,pos,Lagos,Surulere,bb21b8ff72b45704,2025-02-21 04:34:31,4,4,False
34d450b5-f148-4cb8-9637-899afd2b1722,CUS-01100,4396.49,pos,Lagos,Oshodi-Isolo,df1461afa6ea20c9,2025-02-21 06:20:50,6,4,False
c7f7632b-566b-402a-87c6-7215fb50079a,CUS-00465,87518.1,pos,Rivers,Port-Harcourt,ed161ad83adcde5e,2025-02-21 06:57:10,6,4,False
7fa91fda-1945-4061-a889-f5b19546a015,CUS-01595,75152.41,bank_transfer,Oyo,Ibadan North,d49cb49cb7898db3,2025-02-21 08:35:47,8,4,False
c217b36b-2332-41da-81fc-ce3adbd91de1,CUS-00329,1888.73,pos,Lagos,Eti-Osa,7b2bc2bfdc63f934,2025-02-21 09:26:52,9,4,False
142af8ee-3fe6-4a35-9fde-185fb1684f5d,CUS-01459,474.3,bank_transfer,Delta,Oshimili South,83ecf0b74091205d,2025-02-21 09:28:47,9,4,False
ad5f2021-dba4-45fe-a176-d0b89001e7c4,CUS-01739,669298.37,bank_transfer,Rivers,Eleme,e0adb1db04a2c04e,2025-02-21 09:36:57,9,4,False
0568263f-28e3-4eee-a2ec-acd84e15942f,CUS-00691,84245.88,bank_transfer,Rivers,Port-Harcourt,395436e8a74699ec,2025-02-21 09:39:15,9,4,False
4b0ac7ab-23a4-4125-acbd-717fcfa961d3,CUS-00256,2945.33,bank_transfer,Gombe,Gombe-Central,08f38bf0cccc23f6,2025-02-21 09:43:31,9,4,False
eee5f91e-05ae-4feb-a4e6-6ec2fda917ce,CUS-01329,397.76,mobile_money,Abuja FCT,Kuje,739c4ee882c5ab3b,2025-02-21 09:46:59,9,4,False
da5df7cb-c442-4dde-a83c-52fe4fd453e2,CUS-01860,3768.85,mobile_money,Abia,Abia-Central,001e8ab3c8df1ed6,2025-02-21 09:48:43,9,4,False
79b5baeb-92a8-4e9e-81f5-ad9d2e6434ef,CUS-00513,65951.6,bank_transfer,Zamfara,Zamfara-Central,cd2355238b6c4a61,2025-02-21 09:53:14,9,4,False
fbc492b8-2143-4e15-81ff-c7cd70a7523e,CUS-00924,2107.03,pos,Rivers,Eleme,d494faa3deaae833,2025-02-21 10:00:46,10,4,False
1aaf0058-1310-437a-a385-bb0d91e78dda,CUS-01603,90856.15,pos,Kano,Tarauni,73ddb92252538ec9,2025-02-21 10:01:05,10,4,False
fbba37e9-fa1d-454c-b353-abfe7781b1c5,CUS-00437,21358.38,ussd,Plateau,Plateau-Central,e53cf502a973740f,2025-02-21 10:07:22,10,4,False
76626076-ea0f-43e7-9812-a29196b12144,CUS-00330,973.81,pos,Kano,Dala,701bdd6ba5598fdf,2025-02-21 10:10:21,10,4,False
b52c1867-f6d1-4796-8b74-3d1924e92da6,CUS-01512,78.3,card,Cross River,Cross River-Central,a41949725c54d7c9,2025-02-21 10:27:32,10,4,False
5e107fe4-fba2-4a88-b1a1-aee59b0b13bf,CUS-00620,447.46,ussd,Lagos,Ikeja,4762854417db70c3,2025-02-21 10:29:16,10,4,False
a9d378e2-273b-4551-80e5-e3a9e575a323,CUS-00790,43997.96,mobile_money,Lagos,Mushin,b15e711fa28274c0,2025-02-21 10:36:19,10,4,False
c04b1c02-db37-4080-93f8-2af3668ae79d,CUS-00589,86200.88,mobile_money,Lagos,Alimosho,5e6a801e67834684,2025-02-21 10:38:14,10,4,False
e0883946-e887-4838-a633-17fb51c28328,CUS-01475,485.32,mobile_money,Anambra,Nnewi North,1982e4149ad2f4cf,2025-02-21 10:39:24,10,4,False
e99aff1e-1247-4f54-961a-4d547ff8dad0,CUS-01779,859245.01,bank_transfer,Bauchi,Bauchi-Central,976df3ec4bd11a74,2025-02-21 10:42:08,10,4,False
bbea95ed-e2a2-4bc8-b2a1-4b3279177794,CUS-00983,590378.47,mobile_money,Lagos,Ikorodu,df0d0800377121f5,2025-02-21 11:00:33,11,4,False
545e0bd9-d7d0-4ae1-b8cc-0ef75671156b,CUS-00191,41313.48,pos,Nassarawa,Nassarawa-Central,056cff2c5ac13239,2025-02-21 11:04:41,11,4,False
50cf49d2-6e3b-4807-b5dc-a22f48dd0aff,CUS-00262,1678.59,ussd,Lagos,Ikorodu,e1ffe6d3e7061f2e,2025-02-21 11:06:42,11,4,False
78c00528-e589-4e43-a345-dea553adf394,CUS-01530,759763.7,ussd,Kano,Gwale,df8f607a09b331bd,2025-02-21 11:16:34,11,4,False
3149e916-b324-4491-8c63-4240fbdc8b2d,CUS-01978,972.3,pos,Kebbi,Kebbi-Central,c9c94165fe4b9e65,2025-02-21 11:19:03,11,4,False
3f98ca0b-46dc-4228-bd6e-1825bce3e805,CUS-01119,2722.13,pos,Lagos,Ikorodu,1d9dacbb234e6142,2025-02-21 11:20:20,11,4,False
830be487-d173-4ab1-a7eb-2aedfadc5ac5,CUS-01024,74787.74,pos,Jigawa,Jigawa-Central,665f5c082e015fff,2025-02-21 11:23:22,11,4,False
8328dbca-01ae-4da7-b0e5-f763103cbe20,CUS-00422,4737.21,mobile_money,Lagos,Surulere,ed6303f978217ba5,2025-02-21 11:24:09,11,4,False
65d7a8bc-89e6-42aa-975e-d4a59addb9c4,CUS-00886,680810.45,bank_transfer,Delta,Oshimili South,33d61bca358de42a,2025-02-21 11:32:52,11,4,False
8e79bb1f-7952-4df9-92c2-61f686100054,CUS-01199,4373.74,pos,Lagos,Mushin,87823df2b69fc0a4,2025-02-21 11:33:45,11,4,False
d64eeb08-1bbc-4dda-87af-048d4e045063,CUS-00441,70707.06,bank_transfer,Ogun,Ogun-Central,b3703ce562cfe5d5,2025-02-21 11:54:49,11,4,False
417bf657-f35b-462c-892d-818d001d3b65,CUS-01067,28834.18,card,Lagos,Surulere,a6477d2c79391ff0,2025-02-21 11:59:15,11,4,False
7d81c675-b9b1-4d1b-ad5a-b3e1ec5afb11,CUS-00694,228.22,pos,Lagos,Surulere,b03f929a59bb3f8b,2025-02-21 12:07:00,12,4,True
89cbd3e8-87ab-4c8c-a51e-dd8fb7ecaa8d,CUS-01138,3349.54,bank_transfer,Abuja FCT,Gwagwalada,927ad78e9082ea6e,2025-02-21 12:09:23,12,4,False
81289831-9b14-4c85-8558-40e1caa56cdb,CUS-00567,658.77,pos,Rivers,Eleme,cb80685b5f950968,2025-02-21 12:09:53,12,4,False
fa07b33d-c8c9-436d-93e3-b9633e50d05f,CUS-00694,306.96,pos,Lagos,Mushin,b03f929a59bb3f8b,2025-02-21 12:13:00,12,4,True
003df3f3-92a5-41a8-8f46-d547b813fe5a,CUS-00694,212.7,mobile_money,Lagos,Agege,b03f929a59bb3f8b,2025-02-21 12:17:00,12,4,True
08bf5777-7cc1-4d12-8b6a-5789b5afbb5f,CUS-00694,101.76,mobile_money,Lagos,Kosofe,b03f929a59bb3f8b,2025-02-21 12:20:00,12,4,True
a3e0638a-0f36-49ca-acca-d71780399740,CUS-01996,1362.26,pos,Cross River,Cross River-Central,1c2e0e7a6f265ff1,2025-02-21 12:21:58,12,4,False
95311a90-2410-4be1-9283-14f4ed0c4c66,CUS-00965,246.13,mobile_money,Kano,Gwale,ffa59c2f68f6683d,2025-02-21 12:23:34,12,4,False
ec0d574c-0d45-4e43-9192-28b2ad295874,CUS-00694,498.74,ussd,Lagos,Oshodi-Isolo,b03f929a59bb3f8b,2025-02-21 12:28:00,12,4,True
9fd45faa-6553-421b-98e8-d604fb8aa1ab,CUS-00694,305.58,pos,Lagos,Oshodi-Isolo,b03f929a59bb3f8b,2025-02-21 12:28:00,12,4,True
6538a9b6-d89d-4e8b-8635-63cbe63cbee3,CUS-01641,47237.78,ussd,Borno,Borno-Central,ee4fa5ff1103071b,2025-02-21 12:36:40,12,4,False
806fba5a-1c2d-4ee1-9a5d-985c0b7376a4,CUS-01993,75.51,mobile_money,Lagos,Ikorodu,dd874e83d9f452d4,2025-02-21 12:37:59,12,4,False
9e6a0100-33a7-4991-bbf2-4d24120f2258,CUS-00694,93.37,mobile_money,Lagos,Ikeja,b03f929a59bb3f8b,2025-02-21 12:49:00,12,4,True
aca7efb3-5095-4ca2-8fd4-edb90034630e,CUS-01917,281.49,pos,Kaduna,Zaria,2b0ecdd673e9f7e2,2025-02-21 12:53:57,12,4,False
0c25da9a-bf75-4d5b-9d89-0ca1293a844b,CUS-00902,37538.45,bank_transfer,Lagos,Mushin,74f8fb4b85130ba0,2025-02-21 13:00:00,13,4,True
5931c770-13ef-47f8-864a-900e1a2ae5b1,CUS-00902,3058.83,mobile_money,Borno,Borno-Central,74f8fb4b85130ba0,2025-02-21 13:22:00,13,4,True
944d360a-a716-4e17-a658-490722234bfc,CUS-00845,3852.04,pos,Rivers,Obio-Akpor,a273ddb69945855e,2025-02-21 13:27:06,13,4,False
495e29d3-a2ba-4123-bd04-d374b200f19f,CUS-01035,950.72,pos,Edo,Oredo,156ab5dd8a852c79,2025-02-21 13:30:38,13,4,False
4afd5eee-3b78-4576-b7c8-a67ee056bd27,CUS-01013,436.57,pos,Lagos,Agege,85964e557da03c0d,2025-02-21 13:31:29,13,4,False
9ad8a7fd-4e83-4781-87f0-f258de7f958c,CUS-01210,68227.86,pos,Rivers,Obio-Akpor,0e27aca8e7040c91,2025-02-21 13:33:32,13,4,False
e624ba37-8928-4991-8e00-2b1b8c3af5a0,CUS-00197,1258.51,ussd,Nassarawa,Nassarawa-Central,5a1a0842daf75e05,2025-02-21 13:42:06,13,4,False
c4799527-ceb4-4ca3-9627-cb76a8911aa0,CUS-00863,2208.16,bank_transfer,Rivers,Port-Harcourt,a133f84deb5ccf1d,2025-02-21 13:42:40,13,4,False
b1456c3c-e80f-4506-a6f8-79cfb35c04ac,CUS-01988,379.53,pos,Rivers,Port-Harcourt,888331b4af3c2f9e,2025-02-21 13:44:21,13,4,False
1e74d81c-773e-4a7b-a808-9a20678b8979,CUS-00008,553745.09,pos,Kaduna,Kaduna North,0c54ccb814a42c2d,2025-02-21 13:47:08,13,4,False
d569e11f-1c86-4ef1-b651-9ec23c427813,CUS-01961,3679.13,pos,Rivers,Obio-Akpor,b7dff121696aa1a9,2025-02-21 13:50:12,13,4,False
d738ccbf-b36b-468a-9d48-fc748e917c25,CUS-00159,182576.7,mobile_money,Ondo,Ondo-Central,c626f8b5763e26c1,2025-02-21 13:50:20,13,4,False
291620e3-817b-4243-af3b-ad1884429276,CUS-01598,47457.73,pos,Lagos,Ikorodu,4fb23adca810bdd7,2025-02-21 13:51:58,13,4,False
ca511fe2-5d34-4ff0-b838-ef47c7045e02,CUS-01817,10693.03,mobile_money,Kwara,Kwara-Central,303a9e8e2b3d6b5a,2025-02-21 13:52:26,13,4,False
9aa09db7-1fb3-4299-8893-7ead385e72fe,CUS-00780,995993.27,bank_transfer,Edo,Egor,f51cc411e2fd45d3,2025-02-21 13:55:29,13,4,False
19052252-eeae-4f33-980a-a96fec346818,CUS-00277,22715.75,bank_transfer,Delta,Uvwie,05fd2ce1901ce713,2025-02-21 13:56:57,13,4,False
deccbd58-ebac-4627-a920-fcdd6e61e366,CUS-00711,341301.27,bank_transfer,Kaduna,Kaduna South,66205d88b166ccba,2025-02-21 14:00:04,14,4,False
03a2a1c0-1ed1-471a-93fe-046ee273189c,CUS-01014,72326.99,mobile_money,Edo,Oredo,e9ebd95b3430ef73,2025-02-21 14:02:28,14,4,False
94ab9db6-2f52-4727-9b8b-f9e9d8c66605,CUS-01394,9363.16,ussd,Kano,Fagge,149d65e93e9aad8b,2025-02-21 14:05:36,14,4,False
e3d7e711-744c-4591-a90b-ca8efaaf13a7,CUS-01424,3910.29,mobile_money,Ogun,Ogun-Central,7052b17000d2fcfa,2025-02-21 14:08:16,14,4,False
8e537c14-e36c-4a20-b78e-cdb704a55029,CUS-01673,155.02,pos,Benue,Benue-Central,1a980ceb564f067f,2025-02-21 14:25:05,14,4,False
f0abcdc3-b41b-4b5e-a8e3-7c867215e603,CUS-01959,627094.48,pos,Imo,Imo-Central,775c01ed3ecbae4c,2025-02-21 14:33:04,14,4,False
d5e25107-8c9d-4f46-b8e8-ac7f1a895f71,CUS-01429,1459.37,bank_transfer,Zamfara,Zamfara-Central,0844d2ec77bed896,2025-02-21 14:39:14,14,4,False
c7465e0f-07b2-42aa-9e84-c265c50e12f6,CUS-01414,3679.06,mobile_money,Oyo,Ibadan North,d4d3c0f8c47d790d,2025-02-21 14:40:11,14,4,False
59290511-d153-4737-b199-e520230b3ab4,CUS-01166,164.62,ussd,Bauchi,Bauchi-Central,dcb3d11d5a7e30d1,2025-02-21 14:47:57,14,4,False
59129c00-7c74-49ab-9b89-d64f80d01169,CUS-01542,13734.91,mobile_money,Oyo,Ibadan South-West,61dbec9de8a78651,2025-02-21 14:52:55,14,4,False
f9aa9a57-293d-4067-986c-9d75f44cba14,CUS-00205,1726.4,ussd,Lagos,Mushin,8648d39ae8c8e344,2025-02-21 14:56:59,14,4,False
a952b703-ebc4-4b35-aab2-2116c420a86e,CUS-01811,1463.63,bank_transfer,Kwara,Kwara-Central,5a30902b0374f04f,2025-02-21 15:04:06,15,4,False
703af9f3-b75f-4766-b0de-d7a0a4dd740d,CUS-00931,782.68,mobile_money,Bauchi,Bauchi-Central,378d1c4e280df576,2025-02-21 15:10:42,15,4,False
519b5dc9-157f-41e0-a3a8-4e87b83e4323,CUS-00809,97069.04,ussd,Lagos,Alimosho,db69bf71f5a9ddc6,2025-02-21 15:18:51,15,4,False
6b2bda00-a6cc-4ff4-a8c8-c26b5515d2ed,CUS-01975,41903.86,ussd,Jigawa,Jigawa-Central,640d7e3fa91691b5,2025-02-21 15:22:54,15,4,False
65aed341-5299-4d26-bda0-326b97f0b344,CUS-01410,4440.67,bank_transfer,Lagos,Alimosho,cb7e9f278717c254,2025-02-21 15:24:04,15,4,False
627f74b8-4f70-4062-b431-ac56d64fe149,CUS-00911,1693.96,pos,Kano,Kumbotso,db8f9fd7a5d88e61,2025-02-21 15:26:24,15,4,False
5b773d0a-adf8-4508-ae64-5654113ddf3a,CUS-00430,380.92,bank_transfer,Lagos,Kosofe,469b8e676144c654,2025-02-21 15:43:41,15,4,False
754925b4-626b-448a-8fbf-562a22fdbe1e,CUS-01989,55525.93,ussd,Ondo,Ondo-Central,3f47a6596e82e14b,2025-02-21 15:44:12,15,4,False
ea8c35f2-036c-4ae9-83f9-49f6d5e52b30,CUS-00308,715458.73,pos,Imo,Imo-Central,c2e5844899480571,2025-02-21 15:52:41,15,4,False
23828b3c-749a-43b0-9fd0-11ce5cc965de,CUS-00754,1499.33,ussd,Lagos,Ikeja,050f9e3bad7016e4,2025-02-21 16:02:36,16,4,False
19b5913d-f834-45db-84e1-aa28f9494ff4,CUS-01566,53846.2,bank_transfer,Anambra,Onitsha North,5c458226cf44cc07,2025-02-21 16:09:57,16,4,False
44fd54df-d5c0-4f6c-832a-9247b45d0d34,CUS-00461,313.97,ussd,Delta,Uvwie,981e3f54a7831fcb,2025-02-21 16:13:25,16,4,False
1c8a23b6-522e-4a6b-87b6-36bc77640dba,CUS-00186,32198.69,mobile_money,Plateau,Plateau-Central,bbae4f6f0188787d,2025-02-21 16:21:22,16,4,False
1b2afd82-aca5-49e3-a5ef-772185a53566,CUS-01807,93502.71,pos,Lagos,Lagos Mainland,39b75e6bcf7ef405,2025-02-21 16:22:59,16,4,False
23adb4c8-9017-447b-960a-cfcf5144803b,CUS-00368,167.79,pos,Lagos,Surulere,fbea58cfa25efa40,2025-02-21 16:26:46,16,4,False
8fcfa4e0-0814-4c09-8155-c87f77968e73,CUS-01802,2232.28,mobile_money,Kano,Fagge,709f46eaff6a88ca,2025-02-21 16:34:15,16,4,False
0895f978-a9a7-4d3c-acca-28894ab8eef4,CUS-01037,64948.06,card,Ondo,Ondo-Central,a88d75e7d5798857,2025-02-21 16:34:25,16,4,False
bb92f6ca-01ad-46c8-ada6-2ddaa13b281b,CUS-01122,2215.74,pos,Sokoto,Sokoto-Central,10418d0df5fde257,2025-02-21 16:42:21,16,4,False
04165c4b-5bdf-49ba-8d9f-f640c424bd0c,CUS-00814,151.13,bank_transfer,Zamfara,Zamfara-Central,c3478f7c731a8b05,2025-02-21 16:50:14,16,4,False
9d2b3a0e-9828-44f3-a793-3297e7a93fff,CUS-00455,4432.68,pos,Abuja FCT,Gwagwalada,b4c3c4f1112b5142,2025-02-21 16:58:29,16,4,False
0d2a0f4c-09ef-4791-84c3-6a306783cf29,CUS-00972,63730.39,pos,Ondo,Ondo-Central,b8958a1a3d1c964a,2025-02-21 17:01:45,17,4,False
ac2ea1c7-0e50-479b-aa8d-ceb8f20f2d51,CUS-00549,4703.11,pos,Abia,Abia-Central,1fd68e751cdf9d32,2025-02-21 17:01:48,17,4,False
32cb0638-b2fc-4246-a726-14b1973f39e7,CUS-00493,171.08,pos,Lagos,Ikeja,e90398b9a0d79849,2025-02-21 17:06:20,17,4,False
a386c518-e518-4db7-b06d-a8e9fa25666e,CUS-00685,259.09,pos,Oyo,Ibadan South-West,3b90c47fa95946b7,2025-02-21 17:18:07,17,4,False
d2d5d210-dfed-41b6-88e0-266bc0e7e8d5,CUS-01984,2101.73,pos,Lagos,Ikorodu,d2b93ad2d6bfcf71,2025-02-21 17:21:55,17,4,False
c0a09456-2d35-431c-ac38-c9a36e4067fc,CUS-01363,1397.5,pos,Enugu,Nsukka,6e6997728cb47e26,2025-02-21 17:35:05,17,4,False
7ded9d73-8447-4903-bf64-b7dd78628b56,CUS-01330,3184.86,bank_transfer,Oyo,Ogbomoso,74e07eb1c05cc1ee,2025-02-21 17:37:04,17,4,False
5cbcb929-47e7-4dae-9130-f4564c0c6e98,CUS-00941,4765.39,bank_transfer,Oyo,Oyo East,a727fa0ae4c73d6e,2025-02-21 17:39:30,17,4,False
829b038a-b7eb-4c05-80bd-b26290d142f6,CUS-01389,1345.5,mobile_money,Abuja FCT,Municipal,8ad5ba7b72d97c12,2025-02-21 17:39:58,17,4,False
b126299b-8a86-4d3b-b580-1cb4b113d736,CUS-00430,173.11,bank_transfer,Lagos,Oshodi-Isolo,469b8e676144c654,2025-02-21 17:45:28,17,4,False
cd6bab4f-9403-416d-9bba-da27ebbc84fc,CUS-00660,855967.03,bank_transfer,Kano,Tarauni,8c6878b8b463d522,2025-02-21 17:45:47,17,4,False
992bd85a-f4e0-4876-9a9c-2ffcfa42462c,CUS-00578,479.52,pos,Abuja FCT,Municipal,11bf76c9882864cd,2025-02-21 17:46:27,17,4,False
8d16bebb-cc28-44cb-9954-505bec12946b,CUS-00087,75349.5,mobile_money,Enugu,Nsukka,19e353826f15dcb5,2025-02-21 17:47:26,17,4,False
053a619d-db45-477e-90f3-d0281dbeeb66,CUS-01648,1401.93,bank_transfer,Abia,Abia-Central,fed032d7d6ce8d9b,2025-02-21 17:50:37,17,4,False
7ad92ccd-225c-43a1-98fe-bde7c5ca6551,CUS-00040,87770.15,ussd,Lagos,Kosofe,e73bde132eb863ee,2025-02-21 17:51:05,17,4,False
3919a85c-9fb5-4755-9b45-8e0ce7d0870e,CUS-00381,1698.15,ussd,Edo,Ikpoba-Okha,5e06f51e74b733cf,2025-02-21 18:03:12,18,4,False
f1bb48c6-c06a-4550-b11f-dad39660a7cf,CUS-01358,75493.1,mobile_money,Kano,Kumbotso,c30937aaf9c93ce0,2025-02-21 18:06:12,18,4,False
493cb988-7ca7-4dbc-b979-74eec37dd65e,CUS-01409,3749.83,pos,Zamfara,Zamfara-Central,fcf0332ab56718bc,2025-02-21 18:08:11,18,4,False
3722f5bc-17b1-46e5-bf66-585af8ee34b4,CUS-01658,52188.76,bank_transfer,Rivers,Port-Harcourt,19dace16c10f4388,2025-02-21 18:23:25,18,4,False
4b8f20b6-5921-4858-9543-f083754f2e95,CUS-00976,47572.23,mobile_money,Kaduna,Kaduna South,a5f4eb10f25d6dd2,2025-02-21 18:35:05,18,4,False
3b893bc5-2577-4bdc-b3be-b0ac7ff29cf3,CUS-00212,125467.79,pos,Delta,Uvwie,b5710344f2723025,2025-02-21 18:35:31,18,4,False
5e92d560-1cc4-4019-83e1-d850e893cbd2,CUS-01511,31107.3,pos,Ondo,Ondo-Central,feb703ea6117aadb,2025-02-21 18:44:31,18,4,False
b356981c-3e2e-4bb6-8867-ea1107b2336b,CUS-00882,1301.39,pos,Lagos,Ikeja,3d74006a0bf2fcbe,2025-02-21 18:55:45,18,4,False
d738f3a7-ea16-46fd-be6f-c5b6f733cc08,CUS-00081,400.23,pos,Enugu,Enugu East,aa0d9f651510b9f0,2025-02-21 19:01:22,19,4,False
1db036cc-5a9f-47f0-b44b-9b2c6f2a0521,CUS-00204,4510.16,mobile_money,Kaduna,Kaduna North,dacf1ca0cd2282a4,2025-02-21 19:02:16,19,4,False
0e8a16c9-dff1-4464-ba8a-d232e11dde47,CUS-00627,4600.24,mobile_money,Osun,Osun-Central,2034da5b87c1b3dd,2025-02-21 19:07:52,19,4,False
554d4692-3cc1-4380-a438-dc47ea33b5ae,CUS-00234,8289.24,bank_transfer,Lagos,Ikorodu,3cab18aa8000d870,2025-02-21 19:11:36,19,4,False
6edbb76f-ae60-4d27-add5-d3e35d2156bf,CUS-00474,236.89,bank_transfer,Oyo,Ibadan South-West,1ff434af9688f99c,2025-02-21 19:13:59,19,4,False
5f210438-2426-4b77-a973-1e09f38ff09f,CUS-01467,44769.21,mobile_money,Rivers,Obio-Akpor,13aeaced423d48ec,2025-02-21 19:18:56,19,4,False
9bf33e63-4272-440b-8cbd-c30dc2368e23,CUS-01036,383.51,ussd,Kano,Kumbotso,2600188299f78a75,2025-02-21 19:33:35,19,4,False
1b680c3a-db1e-42cc-98fd-8b465b46a819,CUS-01564,14116.16,bank_transfer,Plateau,Plateau-Central,de56d3da703b6adb,2025-02-21 19:35:30,19,4,False
c1859ca8-d832-4d4e-8000-46a1f02b5a02,CUS-00454,4814.08,bank_transfer,Lagos,Lagos Mainland,6ef7ad5156b9d3a1,2025-02-21 19:36:59,19,4,False
9ea691cc-e940-4f1a-b7ae-e272edb41bd4,CUS-01448,352.02,bank_transfer,Jigawa,Jigawa-Central,61416da760c38dee,2025-02-21 19:47:06,19,4,False
995c6448-7653-4986-a406-88780467bdd5,CUS-01244,4573.95,mobile_money,Kwara,Kwara-Central,2de3c5b088b4497a,2025-02-21 20:00:51,20,4,False
6fa45957-0d4c-4e96-8032-7b6f39d3c08c,CUS-00092,77223.18,pos,Kwara,Kwara-Central,7fe5d743b10ab062,2025-02-21 20:03:47,20,4,False
ac255ace-78b1-43b4-9518-c66ab6d9ac26,CUS-00568,589032.9,mobile_money,Kogi,Kogi-Central,dcc0efb50bd6ca59,2025-02-21 20:08:02,20,4,False
3558c143-64d4-42db-a2c0-6a9fc9b7645a,CUS-01858,349632.32,bank_transfer,Borno,Borno-Central,b8cde3602eceb2be,2025-02-21 20:12:26,20,4,False
26779f80-8b13-438a-9318-fee165a91d60,CUS-00073,92.79,ussd,Benue,Benue-Central,0e306f57f0b24260,2025-02-21 20:18:22,20,4,False
7a927dbc-59a6-4371-94d2-544fa79b7752,CUS-00586,878.04,pos,Lagos,Kosofe,fd16b5ef53f118f3,2025-02-21 20:22:42,20,4,False
1a07f099-746c-416d-aa52-4415b16fbfb2,CUS-00464,22699.16,mobile_money,Akwa Ibom,Akwa Ibom-Central,ff4c1464f33acdfe,2025-02-21 20:27:10,20,4,False
c0a6f9d4-da83-41f8-8145-05cee7ba2257,CUS-00475,237.58,ussd,Ogun,Ogun-Central,12d309dd435050f0,2025-02-21 20:28:04,20,4,False
cc8c6a16-4efa-4af8-9343-073438b617a1,CUS-00449,466.95,pos,Lagos,Oshodi-Isolo,cb29b45a0a9e6da2,2025-02-21 20:29:14,20,4,False
eb203f01-90d4-4cd2-93f9-0a22cfd63d35,CUS-00601,98341.05,pos,Kano,Gwale,dc250b6d8147d297,2025-02-21 20:37:22,20,4,False
f32f48c5-bc66-4715-b923-96bdb6209a11,CUS-00441,2153.89,bank_transfer,Ogun,Ogun-Central,b3703ce562cfe5d5,2025-02-21 20:42:48,20,4,False
7d154f9a-c769-44dc-b2f8-1a3a16b97afe,CUS-01644,4252.88,bank_transfer,Lagos,Ikorodu,4eb0e2d037f0c5a2,2025-02-21 20:44:15,20,4,False
76f05b4e-6287-4bfa-94a2-79a027e27030,CUS-00931,3259.78,mobile_money,Bauchi,Bauchi-Central,378d1c4e280df576,2025-02-21 20:51:00,20,4,False
565aa16c-6894-42f7-9ab3-c2ab052c323c,CUS-00103,682161.49,mobile_money,Abuja FCT,Gwagwalada,f6171ccce20fcaeb,2025-02-21 20:53:03,20,4,False
a4d2dcaa-1a5a-41e7-9f81-c8f82d88c8d8,CUS-01848,674.65,bank_transfer,Niger,Niger-Central,d701dbf8c2ff3cf9,2025-02-21 20:55:45,20,4,False
929ca48b-6738-4f8a-80c9-aa186523a604,CUS-00965,63706.79,mobile_money,Kano,Tarauni,ffa59c2f68f6683d,2025-02-21 21:04:31,21,4,False
e43f261e-b29a-4ba0-96f3-d47ade0ed703,CUS-01076,362.28,mobile_money,Rivers,Port-Harcourt,8fb4ce490c245fca,2025-02-21 21:06:00,21,4,True
71873bd0-243b-43e5-b840-9491a5f260ec,CUS-01076,444.1,pos,Rivers,Oyigbo,8fb4ce490c245fca,2025-02-21 21:20:00,21,4,True
846ca4cd-23a1-4cc7-87e0-659e3ce44323,CUS-01076,76.5,ussd,Rivers,Oyigbo,8fb4ce490c245fca,2025-02-21 21:24:00,21,4,True
09347d3d-a505-4091-b163-1cb89cfbaf3c,CUS-01530,250.79,pos,Kano,Tarauni,df8f607a09b331bd,2025-02-21 21:31:24,21,4,False
cfd13c39-aaa6-4a3f-8c06-c71a12907f70,CUS-00988,17073.14,mobile_money,Lagos,Lagos Mainland,5cbbf471995adf72,2025-02-21 21:34:52,21,4,False
baa0feca-15ff-441b-ba59-be18908e3e0a,CUS-01076,388.41,ussd,Rivers,Eleme,8fb4ce490c245fca,2025-02-21 21:35:00,21,4,True
40653128-1303-4633-935c-5ec5e5d42bd1,CUS-01076,255.0,ussd,Rivers,Obio-Akpor,8fb4ce490c245fca,2025-02-21 21:46:00,21,4,True
1301e481-7c3f-4d73-9da3-7169ac2fed6e,CUS-00946,361.29,bank_transfer,Lagos,Oshodi-Isolo,c6a0a0a65e14115d,2025-02-21 21:46:46,21,4,False
99f0d691-a8a8-44ab-b524-96c3a83270b1,CUS-01076,357.42,pos,Rivers,Eleme,8fb4ce490c245fca,2025-02-21 21:50:00,21,4,True
0090954f-bd73-4669-a76c-195c604e94fd,CUS-00636,614.66,card,Oyo,Oyo East,0e03d5f724baf012,2025-02-21 21:51:39,21,4,False
f10ff48e-54ca-442e-a51d-d8cc5d74ea17,CUS-01608,71663.79,ussd,Lagos,Kosofe,e28254d03af7dce0,2025-02-21 21:54:16,21,4,False
1730e930-28b2-49a2-b834-e8046355c52b,CUS-00258,4738.57,pos,Oyo,Ibadan North,0aef7632c74d2bb0,2025-02-21 21:54:39,21,4,False
c0751e67-11b2-4322-aa77-f79bb8f87799,CUS-00196,59259.98,bank_transfer,Ondo,Ondo-Central,79d82d14604d462e,2025-02-21 22:48:18,22,4,False
54af5510-2f86-4303-8123-54abecce2e75,CUS-01278,26166.65,pos,Lagos,Surulere,8f89b849a3239d26,2025-02-21 23:37:33,23,4,False
7964c93b-9044-401e-9271-910fa834e168,CUS-01847,31886.06,bank_transfer,Lagos,Agege,c635e7b67ef870da,2025-02-22 00:39:01,0,5,False
ddc1fa93-7c84-479e-a4f7-78fdde995396,CUS-01753,818412.8,mobile_money,Lagos,Agege,6711f7f87a08894a,2025-02-22 00:45:07,0,5,False
46268694-5890-410d-aab7-6aa5529bc31c,CUS-00354,50231.98,mobile_money,Lagos,Surulere,b36159d39ed584a2,2025-02-22 01:04:01,1,5,False
5846b17c-8a37-449e-b2a4-64585c04e392,CUS-01785,289.69,pos,Nassarawa,Nassarawa-Central,47cdb07c58261ee0,2025-02-22 03:08:00,3,5,True
eb82a15b-0780-4cb3-b0e5-806731c974d6,CUS-01785,122.32,pos,Nassarawa,Nassarawa-Central,47cdb07c58261ee0,2025-02-22 03:17:00,3,5,True
117547ba-f003-40e4-b860-b6f21ee72b79,CUS-01785,316.51,ussd,Nassarawa,Nassarawa-Central,47cdb07c58261ee0,2025-02-22 03:28:00,3,5,True
55ab5a29-b867-44d0-839e-1bfd04281064,CUS-01785,497.01,mobile_money,Nassarawa,Nassarawa-Central,47cdb07c58261ee0,2025-02-22 03:28:00,3,5,True
1a628b9b-16a4-4a09-8ea9-7532347ddb63,CUS-01785,371.12,pos,Nassarawa,Nassarawa-Central,47cdb07c58261ee0,2025-02-22 03:35:00,3,5,True
032d93f5-4a77-453f-b465-d369ec772a16,CUS-01785,167.93,pos,Nassarawa,Nassarawa-Central,47cdb07c58261ee0,2025-02-22 03:39:00,3,5,True
149709ae-b0ed-4e78-9fe5-fde51220b297,CUS-01785,359.77,pos,Nassarawa,Nassarawa-Central,47cdb07c58261ee0,2025-02-22 03:43:00,3,5,True
d3479796-fecc-4a68-8692-8b337e9465c0,CUS-01785,417.14,ussd,Nassarawa,Nassarawa-Central,47cdb07c58261ee0,2025-02-22 03:48:00,3,5,True
b4a77f61-dc67-4d00-a748-70f39516f174,CUS-00698,212.65,mobile_money,Lagos,Ikeja,5f2762a71ad1b9a9,2025-02-22 04:02:09,4,5,False
1e9516c9-53ea-4b05-9995-b282c7f7b1cf,CUS-00730,824547.51,mobile_money,Lagos,Lagos Mainland,ac2406ba7dd5cfe4,2025-02-22 04:08:39,4,5,False
cb976e69-c4d6-4ac9-ac68-9e75b20b9a56,CUS-01975,698912.05,bank_transfer,Jigawa,Jigawa-Central,640d7e3fa91691b5,2025-02-22 04:16:00,4,5,True
dff9c821-d224-4adf-bb30-812e9d92f6f1,CUS-01996,1608.16,pos,Cross River,Cross River-Central,1c2e0e7a6f265ff1,2025-02-22 04:29:04,4,5,False
32f8250b-8b28-4bc8-bf01-a7b56f0ff9e7,CUS-00870,2773.74,bank_transfer,Kano,Gwale,48e1653cc2040db1,2025-02-22 07:00:00,7,5,True
e42e5797-a17e-44b2-ae38-19da34829c12,CUS-00801,74920.86,ussd,Lagos,Surulere,1af2e1bf1db771eb,2025-02-22 07:00:54,7,5,False
42ceb263-899b-4738-9747-ecfa00267777,CUS-01174,12692.82,mobile_money,Enugu,Nsukka,e9982c9770e0c56e,2025-02-22 07:08:00,7,5,True
fcb87445-6340-417f-9037-b20dda93f9c4,CUS-00870,34845.71,pos,Delta,Oshimili South,48e1653cc2040db1,2025-02-22 07:19:00,7,5,True
cdea2db5-c51d-4d11-a85e-902cc9355eb0,CUS-01174,100.34,bank_transfer,Enugu,Enugu North,e9982c9770e0c56e,2025-02-22 07:24:00,7,5,True
78f2d46a-bad2-466e-8ef0-b3199d575dc1,CUS-01174,3940.47,pos,Enugu,Enugu North,e9982c9770e0c56e,2025-02-22 07:32:00,7,5,True
9962b246-7fcd-4c17-8afe-6bc351129dc5,CUS-01631,2998.68,pos,Kano,Tarauni,229bd5269e54c35c,2025-02-22 09:07:58,9,5,False
57859b59-cbad-45e6-bdf5-fda01e412949,CUS-00919,297.33,pos,Lagos,Kosofe,cf89ee5c3153e958,2025-02-22 09:19:52,9,5,False
4874ebf5-a9fa-4f11-b03f-f1ebe2d05017,CUS-01174,3164.15,bank_transfer,Enugu,Nsukka,e9982c9770e0c56e,2025-02-22 09:27:00,9,5,True
a4faaf42-b94c-4339-bb0e-a87e8f8b129a,CUS-01052,28523.04,pos,Gombe,Gombe-Central,e5bd3618d278cb59,2025-02-22 09:45:07,9,5,False
cb769e44-3bc0-4a7a-8727-3ea8637122bd,CUS-01091,3652.76,card,Delta,Oshimili South,6b596a85b2b7d24f,2025-02-22 09:51:46,9,5,False
6c855038-e423-44a7-9a2d-e76392cceb4d,CUS-01227,42136.44,pos,Kano,Tarauni,1be01da98bccedd1,2025-02-22 09:55:39,9,5,False
714fdf3f-a12f-4e08-b5bc-9695e1d73d37,CUS-00549,54430.27,pos,Abia,Abia-Central,1fd68e751cdf9d32,2025-02-22 10:10:32,10,5,False
7171fe6f-8870-414c-8c51-28ccbe88f060,CUS-01561,4111.0,mobile_money,Lagos,Ikorodu,e4806e2d6e74cc83,2025-02-22 10:11:05,10,5,False
b5b7697f-0680-4dee-a196-baea967e6f62,CUS-00599,287.53,bank_transfer,Lagos,Mushin,c886c35c1c884c22,2025-02-22 10:14:20,10,5,False
a28add68-8d14-405f-b870-9277f2550b47,CUS-01174,1210.88,bank_transfer,Enugu,Nsukka,e9982c9770e0c56e,2025-02-22 10:21:00,10,5,True
1b7d73de-bf4b-4f22-84aa-2238c79d9b02,CUS-00772,86960.83,mobile_money,Lagos,Eti-Osa,369e9e81cb9400c3,2025-02-22 10:27:14,10,5,False
09d94438-51d4-48ef-a760-8457b3ea599d,CUS-01453,3824.49,pos,Oyo,Oyo East,fee6248a5b22adcf,2025-02-22 10:30:29,10,5,False
62c3ca13-a735-4cc1-8d54-1eea31ebfcae,CUS-01806,1498.2,bank_transfer,Delta,Oshimili South,03e3cce37197c2f4,2025-02-22 10:52:15,10,5,False
366015c0-0753-4789-8a5e-0505c58aeb44,CUS-00854,1816.53,pos,Lagos,Kosofe,8339578503fb8b90,2025-02-22 10:53:33,10,5,False
29899ffc-5383-466a-9db0-b162a3ebca71,CUS-01975,52860.51,ussd,Oyo,Oyo East,640d7e3fa91691b5,2025-02-22 11:00:00,11,5,True
6c8060bf-d670-48c9-92ff-b0190aa8634e,CUS-00418,79878.08,pos,Anambra,Onitsha North,0ace4848c68c0524,2025-02-22 11:01:15,11,5,False
e14f457a-5b79-4a13-a647-3dc80939af3f,CUS-01675,41400.5,pos,Kano,Nassarawa,a9e9dac83e68ea24,2025-02-22 11:07:26,11,5,False
6fbefe66-3a86-4fb7-9312-b2bec9d6134a,CUS-01174,89415.43,pos,Enugu,Enugu North,e9982c9770e0c56e,2025-02-22 11:13:00,11,5,True
308877cb-bb0b-463c-81ec-62686f7414ac,CUS-01975,5341.57,pos,Adamawa,Adamawa-Central,640d7e3fa91691b5,2025-02-22 11:13:00,11,5,True
432b5bbb-4ee8-484a-9e41-a28abc3adfc8,CUS-00895,3019.97,pos,Lagos,Ikorodu,f7e2a24175197bc0,2025-02-22 11:16:58,11,5,False
cfba3c6a-9f97-4afa-b83c-07f78bca74c0,CUS-00661,2986.4,ussd,Ogun,Ogun-Central,94d166e2cf615c3e,2025-02-22 11:19:57,11,5,False
dc5588f9-9a3d-407e-aac8-554c871c8e47,CUS-01174,595648.33,bank_transfer,Enugu,Enugu North,e9982c9770e0c56e,2025-02-22 11:22:00,11,5,True
1bd1d717-36ef-48bd-a78c-ec243cf92c82,CUS-01486,311.9,pos,Rivers,Oyigbo,68f0f77451d5d2f5,2025-02-22 11:23:22,11,5,False
0815a045-3dd9-4eb7-996d-525c1617b42c,CUS-00522,75287.44,pos,Bayelsa,Bayelsa-Central,8359329b6dadc065,2025-02-22 11:28:05,11,5,False
959507a8-d24d-4f0c-bcc4-f4438c52958d,CUS-00286,33987.14,card,Abuja FCT,Municipal,475411eb6eadef97,2025-02-22 11:36:13,11,5,False
54c1330f-045e-4816-9e44-a6422cdff552,CUS-01442,1448.35,pos,Anambra,Nnewi North,5a18b54435835ed9,2025-02-22 11:42:03,11,5,False
4b83d9b9-9c20-4db2-9f1e-9c3fe589a7b3,CUS-00065,1412.48,mobile_money,Oyo,Ibadan North,87baa8a35ed6745a,2025-02-22 11:42:44,11,5,False
313935e9-d892-4831-a496-40a526fe762a,CUS-01972,74696.41,pos,Kano,Gwale,148853bb0db7c749,2025-02-22 11:44:04,11,5,False
9f3baf22-2912-4160-a539-9eb00909cfe9,CUS-01664,65693.31,bank_transfer,Ogun,Ogun-Central,69024d426ea4f554,2025-02-22 11:50:49,11,5,False
c0d25226-75c3-455e-bca4-cd4630d4b02d,CUS-01267,340.94,bank_transfer,Abuja FCT,Municipal,c0e12dd6f7fccc2b,2025-02-22 11:52:20,11,5,False
9e4aefb8-da17-45d0-9219-bb765ef4b1ff,CUS-00979,146.01,card,Kaduna,Kaduna North,6e449854f903e547,2025-02-22 12:11:04,12,5,False
a31d26e9-ebb7-4a84-a8d2-c7c7a309bc54,CUS-00052,29817.25,pos,Gombe,Gombe-Central,d3dbc8c315fe35d8,2025-02-22 12:12:06,12,5,False
91c11b90-54d2-48da-b59b-ac91fd1a1c66,CUS-00020,448.38,card,Kaduna,Kaduna North,17432577a0f31ee4,2025-02-22 12:24:04,12,5,False
2dc7417f-491f-4b29-923b-682a67196c51,CUS-00504,4216.51,pos,Anambra,Awka South,e3e9b5adc18b4128,2025-02-22 12:25:28,12,5,False
7089ae25-6670-4311-b548-f710209acaa3,CUS-01231,1915.64,bank_transfer,Lagos,Agege,4376a1c51d5caa1b,2025-02-22 12:25:30,12,5,False
040b79ef-8b2d-40ca-97c3-66262bf5d098,CUS-00112,3452.36,pos,Yobe,Yobe-Central,9b1f8128591d3700,2025-02-22 12:31:59,12,5,False
0c947945-47c2-4ec2-a265-3792e0f54cad,CUS-01638,428435.56,pos,Ogun,Ogun-Central,3d7239c088de3872,2025-02-22 12:36:26,12,5,False
b6d71f8b-2555-433e-a333-6009fb244c58,CUS-01617,10075.76,mobile_money,Delta,Warri South,649e38bb07b7b488,2025-02-22 12:39:54,12,5,False
61a75433-588e-4284-a026-2de7fd40e2e0,CUS-01603,2649.43,pos,Kano,Nassarawa,73ddb92252538ec9,2025-02-22 12:42:10,12,5,False
cf9cb482-47eb-429c-b2f4-d539e73581a8,CUS-00633,363401.3,pos,Oyo,Ibadan North,588850e3ca7f47b7,2025-02-22 12:44:32,12,5,False
01cab221-86fc-43b6-879a-74db8db7044c,CUS-00350,3663.63,bank_transfer,Abuja FCT,Municipal,b27e4fcd31057a4f,2025-02-22 12:52:43,12,5,False
dea7653d-efe8-4c1d-9c6a-8cbeb7a8c590,CUS-01379,481.92,bank_transfer,Kaduna,Kaduna North,ada99f38e0e8f830,2025-02-22 12:56:01,12,5,False
fbfd20a7-0b9a-4520-aa07-dd73d731256f,CUS-01528,957548.8,card,Benue,Benue-Central,f61ecd1138c844c4,2025-02-22 13:05:13,13,5,False
caa4cee8-fe7f-4c48-9b0c-48fe590248ff,CUS-00011,437.73,pos,Bayelsa,Bayelsa-Central,b9f6cefb5c85d533,2025-02-22 13:09:15,13,5,False
62d3f4b8-d29a-4cbd-94db-7673aa9fc70a,CUS-01470,1758.36,pos,Oyo,Oyo East,c4455eb10abbc54e,2025-02-22 13:19:47,13,5,False
addf9e22-df3f-4fff-ac0a-ded555527da8,CUS-01174,54027.19,card,Enugu,Nsukka,e9982c9770e0c56e,2025-02-22 13:25:00,13,5,True
a887262c-1b17-43fc-a3c4-b564c303bd79,CUS-01268,703.87,bank_transfer,Kaduna,Zaria,65173508ca2600a2,2025-02-22 13:25:40,13,5,False
70343ee9-7aad-4e4a-9864-705f1737491b,CUS-00751,64477.34,pos,Gombe,Gombe-Central,e8ab3e2376d24773,2025-02-22 13:43:27,13,5,False
c60f7351-e527-430d-8e40-45d7802caac6,CUS-01770,4373.02,bank_transfer,Abuja FCT,Bwari,c27f86555385f66b,2025-02-22 13:51:19,13,5,False
41686795-a5d9-4ae0-abbf-956d4f63a82a,CUS-00885,4031.45,ussd,Lagos,Ikorodu,86545590e89568a7,2025-02-22 13:52:59,13,5,False
33e9ce2c-eb4c-4dc0-8cee-d1783cabed30,CUS-01174,567.49,ussd,Enugu,Nsukka,e9982c9770e0c56e,2025-02-22 14:05:00,14,5,True
f907355a-43ff-4046-83b8-26a75db561fe,CUS-00626,354.85,pos,Abuja FCT,Kuje,41a9e832167f09e4,2025-02-22 14:11:03,14,5,False
681c84ad-6ea2-4bc3-a7e7-6c4afdc9c0d7,CUS-01248,48137.06,card,Adamawa,Adamawa-Central,c5a6a2858112bc45,2025-02-22 14:37:54,14,5,False
bd87bbbc-a251-4b6b-b39f-0f7529dba8c5,CUS-00578,86693.58,pos,Abuja FCT,Bwari,11bf76c9882864cd,2025-02-22 14:42:53,14,5,False
14ff0b34-b8ef-4b22-8596-1d8d16006443,CUS-01174,70954.84,card,Enugu,Enugu North,e9982c9770e0c56e,2025-02-22 15:15:00,15,5,True
4b3b6d57-d73d-4a84-a1b1-3a0b0e50933a,CUS-00118,98883.92,pos,Niger,Niger-Central,482982ea000a9ae6,2025-02-22 15:15:20,15,5,False
03d403df-b5b0-4bfc-80cf-6827b2da935c,CUS-01168,5118.13,ussd,Lagos,Ikeja,b9e8174213c89292,2025-02-22 15:15:56,15,5,False
b2f533f3-9702-4e08-a26a-ccdeeede2865,CUS-00895,85.73,ussd,Lagos,Oshodi-Isolo,f7e2a24175197bc0,2025-02-22 15:21:38,15,5,False
c08b4031-8a5d-4583-9d47-4f9ff77611b2,CUS-01778,1821.35,mobile_money,Lagos,Mushin,88867b61ceb71236,2025-02-22 15:27:02,15,5,False
ca1a4579-7117-40d1-bab1-5e4169f13d96,CUS-01062,108.09,bank_transfer,Kwara,Kwara-Central,398b5f1c492b7fbf,2025-02-22 15:43:12,15,5,False
22f629e6-842c-4f12-818c-ed956f0cedd3,CUS-00365,4547.15,pos,Rivers,Oyigbo,54e2be4f9b9a36b4,2025-02-22 15:56:15,15,5,False
c29487e8-8d32-4a9a-ba5b-b007f6555e51,CUS-01074,1431.47,bank_transfer,Ogun,Ogun-Central,116b5e1551705cfb,2025-02-22 15:58:04,15,5,False
aea7897f-1636-4523-aa40-bd53c700b0ed,CUS-00339,802653.55,bank_transfer,Lagos,Oshodi-Isolo,293ef86bb3ea45e4,2025-02-22 16:02:28,16,5,False
e9af9bd6-ca89-48d8-baa9-9dd4b6f01ec4,CUS-01730,83483.54,pos,Kano,Kumbotso,ccdd451e2764643f,2025-02-22 16:07:39,16,5,False
d40f771d-bdc2-4f55-9abe-369a3975290d,CUS-01665,144.44,bank_transfer,Borno,Borno-Central,f822c218fdd2c293,2025-02-22 16:15:47,16,5,False
7f172d51-bc8d-4f94-8f63-99bfb204eeac,CUS-01499,267.52,mobile_money,Zamfara,Zamfara-Central,ad409298faa385ec,2025-02-22 16:16:41,16,5,False
ea5a984f-357c-4879-a9a3-8b19f68ae6a1,CUS-01655,290.26,pos,Gombe,Gombe-Central,ee689fc86d725bb6,2025-02-22 16:18:37,16,5,False
dccf41bf-f710-4f79-b8b0-c4a79d8cc397,CUS-00198,66162.79,bank_transfer,Niger,Niger-Central,9af1733f50cf9816,2025-02-22 16:26:03,16,5,False
31bea18d-3d0f-46cb-a251-7157782dc671,CUS-01183,370.74,pos,Yobe,Yobe-Central,107d30a4e2840ced,2025-02-22 16:31:23,16,5,False
fc539aaa-3a7c-4b72-a8c6-bf6404f5dd76,CUS-01103,97225.14,bank_transfer,Yobe,Yobe-Central,8d3a44d119f34b76,2025-02-22 16:32:40,16,5,False
9bc7f36f-bedd-4e6d-b8c1-a78553aeba42,CUS-00727,149.7,mobile_money,Imo,Imo-Central,5e2631ade3332edb,2025-02-22 16:33:22,16,5,False
ed9780ed-707d-4be4-bba3-c67f6f846c6e,CUS-01174,276.68,pos,Enugu,Enugu East,e9982c9770e0c56e,2025-02-22 16:38:00,16,5,True
2f14e26e-1d78-4353-989c-f9a792aa3276,CUS-01174,28161.9,pos,Enugu,Enugu East,e9982c9770e0c56e,2025-02-22 16:40:00,16,5,True
7a2973ba-50d4-4223-a77b-a56063f81c81,CUS-00243,5004.52,card,Rivers,Port-Harcourt,5ea01e4f6f06691c,2025-02-22 16:48:33,16,5,False
08d60883-1090-4e38-9882-ccea61ef54c0,CUS-01610,48309.76,bank_transfer,Kebbi,Kebbi-Central,22e1b0a33749909a,2025-02-22 16:53:52,16,5,False
f0940be8-30f7-4d07-896a-27ac947118c4,CUS-01593,355.67,bank_transfer,Lagos,Surulere,fe285f055c45f3de,2025-02-22 17:02:12,17,5,False
63db684d-eb12-45bd-a0be-83563c2cd6ae,CUS-00232,80251.34,ussd,Oyo,Ibadan North,ea03ae9c877f8c0b,2025-02-22 17:04:42,17,5,False
03b51cd4-2077-4282-9cd7-f905eff49bdc,CUS-00006,40849.02,pos,Lagos,Alimosho,8e398bc1cbdc78d0,2025-02-22 17:08:07,17,5,False
8350cc8c-2972-4e3f-b722-c6810d6b8346,CUS-00773,3832.34,bank_transfer,Rivers,Port-Harcourt,bf57dfc7ac1d19b3,2025-02-22 17:10:09,17,5,False
286ca1f3-9e8d-4580-b331-ff6893b51575,CUS-01894,3580.96,bank_transfer,Oyo,Ogbomoso,caa7f44890efbfa1,2025-02-22 17:13:46,17,5,False
3cb20717-b40e-4b02-a3a3-329a25b8aed0,CUS-00630,1722.61,bank_transfer,Edo,Oredo,44673a08c8fcb028,2025-02-22 17:15:10,17,5,False
12acffce-caa2-4deb-b347-6b52fbc40370,CUS-00849,4703.27,pos,Kaduna,Zaria,c5fb9680abdaabbf,2025-02-22 17:19:04,17,5,False
43f842e6-0f95-4dc3-9d36-ef09db6563a9,CUS-00827,2370.02,pos,Kano,Tarauni,fa17bea891abed61,2025-02-22 17:30:21,17,5,False
e1d2b6fe-a770-47ac-ba14-37c465e80692,CUS-01592,481630.18,bank_transfer,Lagos,Ikorodu,86fee91f56ea58c2,2025-02-22 17:30:24,17,5,False
ba889c79-5d37-4702-92bd-c48f4f7d2404,CUS-01174,2181.15,ussd,Enugu,Enugu East,e9982c9770e0c56e,2025-02-22 17:32:00,17,5,True
27dcba44-5f57-4c8c-859f-64c4b3c6621c,CUS-00269,642.58,bank_transfer,Kano,Gwale,e94f5eada21225d1,2025-02-22 17:41:00,17,5,False
068ed1cd-bb75-4cb2-8186-2e1902d88262,CUS-00955,817904.63,mobile_money,Rivers,Obio-Akpor,4cbfd8122c26b3ff,2025-02-22 17:43:35,17,5,False
80eaf58d-a78a-4dd5-a6d4-8e921643046d,CUS-01210,92.56,mobile_money,Rivers,Eleme,0e27aca8e7040c91,2025-02-22 17:49:06,17,5,False
ecf4c015-35c3-4649-be82-9c8dcb6d09cb,CUS-00109,173.17,bank_transfer,Lagos,Kosofe,1fe85427128d6d69,2025-02-22 17:56:16,17,5,False
2f4a7273-9bb3-4d83-9f15-1d53ccc1792d,CUS-00324,331.75,mobile_money,Cross River,Cross River-Central,eadd563a73f69909,2025-02-22 18:08:43,18,5,False
08f6b882-bb3c-4e7c-9b40-dca333ff31b4,CUS-00025,483.11,pos,Abia,Abia-Central,a71075acd136b7ae,2025-02-22 18:13:35,18,5,False
959fe427-7310-47bc-9897-9da13ca5de68,CUS-01391,362.41,bank_transfer,Lagos,Eti-Osa,70e5fcb5aea0673c,2025-02-22 18:27:25,18,5,False
6e3b1a48-6e52-4c9f-81d3-04f6e15f70a2,CUS-01070,3763.78,mobile_money,Kano,Fagge,33d5e150880b49ae,2025-02-22 18:28:52,18,5,False
e41e91c7-e38a-4abd-a9f0-b338b95b1d08,CUS-00129,91851.34,bank_transfer,Abuja FCT,Municipal,4a1eb4a9e1afdf10,2025-02-22 18:29:17,18,5,False
db5f6680-1aa8-40eb-ac0e-525711da791e,CUS-01412,791080.92,pos,Kano,Nassarawa,f6ccae4908f13600,2025-02-22 18:43:33,18,5,False
efb3ff6a-19dd-40c5-b4c2-e0f7ffac03ce,CUS-00861,1560.09,pos,Abuja FCT,Municipal,88c623371bdc41ff,2025-02-22 18:49:02,18,5,False
d7fb0216-3847-430f-b228-c2f1ae4e488f,CUS-01525,100316.59,pos,Kano,Dala,ebdefd77badb8caf,2025-02-22 18:51:36,18,5,False
db13e239-1757-42fb-9d93-82d3e251f1f0,CUS-00933,371.25,bank_transfer,Oyo,Ibadan North,e024c9658ed25f99,2025-02-22 18:53:00,18,5,False
5cf17abc-84b3-4b36-bb3a-cc3890702c2d,CUS-01681,788556.16,pos,Ebonyi,Ebonyi-Central,90b8992bfab5317d,2025-02-22 19:01:22,19,5,False
e62abbbc-5582-4ff9-a51c-c37fda888a59,CUS-01433,90451.29,bank_transfer,Delta,Oshimili South,2966b413eb51f515,2025-02-22 19:07:29,19,5,False
1fa2d4eb-f2d8-4192-a028-1ef9bb105fc2,CUS-01294,429.66,card,Imo,Imo-Central,483e21c5ddaeee0f,2025-02-22 19:07:43,19,5,False
6a799826-554a-4e10-8595-bd61ff2f7b23,CUS-00413,74.9,pos,Oyo,Ibadan South-West,5f8b7caf2b8b3341,2025-02-22 19:09:26,19,5,False
7c581b15-6700-4081-905b-6e6c29be9ec0,CUS-00640,90643.52,pos,Lagos,Mushin,163d4591d5cbbc5e,2025-02-22 19:15:37,19,5,False
1d14b355-f939-45f8-96ce-51fc67b681bb,CUS-01174,172.51,ussd,Enugu,Nsukka,e9982c9770e0c56e,2025-02-22 19:16:00,19,5,True
09af776f-aebd-4a7e-aff8-7f9f29eab246,CUS-00981,2938.56,pos,Abia,Abia-Central,1c34e83bf8e6a0ff,2025-02-22 19:26:58,19,5,False
56d61388-d27d-4a67-bbc5-b50cb89a7590,CUS-01945,260214.45,bank_transfer,Abuja FCT,Municipal,901c7b925f57772f,2025-02-22 19:27:00,19,5,True
f2771505-2b37-4320-a1cc-dc87a2e3d94f,CUS-00378,730.51,bank_transfer,Benue,Benue-Central,b91ad10a40c22ad6,2025-02-22 19:35:04,19,5,False
da901865-ae79-427c-a902-d8f679ae9d2f,CUS-00146,64648.66,bank_transfer,Kaduna,Kaduna North,ffbadfb973b5ec03,2025-02-22 19:38:56,19,5,False
7dd5a902-3ae5-43b2-b036-ab4c31806b9a,CUS-00862,870596.2,card,Oyo,Ogbomoso,c408d8c18eab051a,2025-02-22 19:50:27,19,5,False
75ecbe36-9d43-45ff-8320-c0084b84756d,CUS-01937,529797.55,pos,Plateau,Plateau-Central,a96cc0e9e7bb5bfa,2025-02-22 19:52:13,19,5,False
4f6193ba-8eb4-4c21-ad8e-e0d283d8348c,CUS-00204,43204.3,mobile_money,Kaduna,Kaduna South,dacf1ca0cd2282a4,2025-02-22 19:57:42,19,5,False
fdfd4251-0492-4bc9-bf1d-17e552e1a8fd,CUS-00409,87.97,bank_transfer,Lagos,Agege,7edcbf54bb8a31ff,2025-02-22 19:57:42,19,5,False
352f4b38-6297-45f8-a188-63060941fff6,CUS-00101,835168.55,bank_transfer,Enugu,Enugu North,0a2033d5ef1404b7,2025-02-22 20:07:01,20,5,False
08e5f67e-0bb7-48bf-a2b8-579ef7b9c3fb,CUS-01752,244.55,pos,Lagos,Ikeja,1418241f25a9340c,2025-02-22 20:07:40,20,5,False
a96a27da-5825-4263-af15-30d04d676c16,CUS-00980,418.31,bank_transfer,Kano,Dala,0fbb27d86ea35239,2025-02-22 20:10:03,20,5,False
e56f2e93-ca2f-4b22-839e-69bd60384819,CUS-00160,389894.63,mobile_money,Rivers,Obio-Akpor,41f1f5f17bc5f662,2025-02-22 20:10:49,20,5,False
8f965364-71c5-415a-b2a4-2e2374f90ca1,CUS-00506,489.64,ussd,Taraba,Taraba-Central,36d937528a49042b,2025-02-22 20:17:06,20,5,False
f7d1a892-64e9-4526-ba1a-874ab022e291,CUS-00235,365.88,bank_transfer,Ondo,Ondo-Central,a7d47ba536fd676a,2025-02-22 20:22:57,20,5,False
7dea4b6a-0ca6-4068-ad64-b53a84beaa06,CUS-01456,290.66,bank_transfer,Anambra,Awka South,2ae0abcfd03562bf,2025-02-22 20:24:53,20,5,False
ea237afd-f4f4-4246-a7ea-300bd10eb2e4,CUS-01687,81858.11,pos,Abuja FCT,Kuje,2d4e952d7649836c,2025-02-22 20:47:38,20,5,False
37ecb0dc-7ba4-4708-b6b5-ca15eb4deb8f,CUS-00299,4750.08,pos,Lagos,Eti-Osa,02392e49b7d24ef1,2025-02-22 20:52:50,20,5,False
683eebea-904b-4a1c-ba60-d20bdd3156aa,CUS-01858,4172.26,bank_transfer,Borno,Borno-Central,b8cde3602eceb2be,2025-02-22 20:57:48,20,5,False
7ececf73-6a7d-483f-8fb2-52793c3bd093,CUS-00455,2711.09,pos,Abuja FCT,Bwari,b4c3c4f1112b5142,2025-02-22 20:59:13,20,5,False
92a3cb33-2a1c-4cb8-8286-c6078c902796,CUS-01174,429.21,bank_transfer,Enugu,Enugu North,e9982c9770e0c56e,2025-02-22 21:02:00,21,5,True
0a53927e-8c15-4121-986a-6d746d1f6534,CUS-00063,404.73,bank_transfer,Kano,Gwale,a36558e5a3b91b6e,2025-02-22 21:07:40,21,5,False
dd0c4da6-b6b5-4215-a44b-07f11585c565,CUS-01177,10168.27,ussd,Lagos,Alimosho,3f6ef33bcad3ac22,2025-02-22 21:13:47,21,5,False
7341a15d-584c-4cb0-90de-d698cafc38a2,CUS-01540,487.97,pos,Edo,Oredo,355e455542ab7ec6,2025-02-22 21:27:04,21,5,False
8dba938e-c3b7-42b2-b39c-d66a6c39dac2,CUS-01268,1387.47,bank_transfer,Kaduna,Kaduna South,65173508ca2600a2,2025-02-22 21:38:17,21,5,False
da668c42-2b93-4f24-8d7d-00c318bf014a,CUS-00962,4208.91,pos,Lagos,Kosofe,da8857276f8d9de1,2025-02-22 21:41:00,21,5,False
4b073c79-10ac-4faf-b2f2-a5c20ea90e62,CUS-00515,4197.3,ussd,Lagos,Surulere,599f7cd83a5b96e1,2025-02-22 21:56:14,21,5,False
5ce865be-b991-4f58-ba92-a9e7a04d3116,CUS-00379,93034.38,mobile_money,Kano,Nassarawa,97ab9ee55a7e362b,2025-02-22 21:58:48,21,5,False
4883688d-682c-40e2-93a7-dca559f32118,CUS-00260,25496.53,mobile_money,Kaduna,Kaduna North,b36ce793582718ee,2025-02-22 22:20:11,22,5,False
98ec0110-dc61-45a3-8c27-8a51756632a3,CUS-01878,1814.43,bank_transfer,Kano,Fagge,2887345003145782,2025-02-22 22:30:58,22,5,False
242cacaa-cda9-4df6-81d4-9c438d5f6b76,CUS-00593,58.16,bank_transfer,Kano,Fagge,25ef0841b83617a6,2025-02-22 23:25:38,23,5,False
82784f16-7da6-4998-ab11-5022e1b715b7,CUS-01670,283.87,pos,Rivers,Oyigbo,c21817c50f2234d3,2025-02-22 23:28:46,23,5,False
83b2b6fc-d46c-4d89-8c25-0084fe58cea7,CUS-00086,4294.64,pos,Ondo,Ondo-Central,99a6259a0bb07e87,2025-02-23 00:15:10,0,6,False
c222e7ac-c2de-4c8d-9f36-b91b6e9ed503,CUS-01175,714680.06,bank_transfer,Oyo,Oyo East,576106d204850a52,2025-02-23 00:21:00,0,6,True
f4b8b780-a357-4c0d-a899-581b3cdd7ac8,CUS-01838,267.95,ussd,Yobe,Yobe-Central,6a7ec85c1aa650c1,2025-02-23 00:25:56,0,6,False
439e2bc4-cea4-4eac-9b88-07f1133e7232,CUS-00368,377.69,pos,Lagos,Oshodi-Isolo,fbea58cfa25efa40,2025-02-23 00:30:34,0,6,False
65e858d8-de25-415d-b81e-05590be9d559,CUS-00637,1274.0,mobile_money,Lagos,Agege,f49381118fa43feb,2025-02-23 00:43:13,0,6,False
62450723-e996-4c7f-88f9-758d6aee6f9b,CUS-01605,916921.54,bank_transfer,Abuja FCT,Gwagwalada,e888ec392f115231,2025-02-23 01:01:00,1,6,True
846fd824-9d8c-4c23-affd-8312a9b4bf31,CUS-00587,938268.59,bank_transfer,Lagos,Ikeja,fda7cc6b37ded4c9,2025-02-23 01:43:00,1,6,True
94a7b2d4-f0c0-49ec-b56e-4f46fcc35d6f,CUS-00940,327181.17,bank_transfer,Kano,Gwale,d775c49123cefbad,2025-02-23 02:37:00,2,6,True
9a7a8d17-fb9f-43bd-b15d-6197b2aacba4,CUS-01371,4467.0,bank_transfer,Lagos,Lagos Mainland,b9de6e2bb55e2767,2025-02-23 04:52:13,4,6,False
02e60f6f-1a36-4d11-a1f4-c0de4d720419,CUS-00502,39797.1,bank_transfer,Kano,Nassarawa,80efa17caf89343a,2025-02-23 04:56:57,4,6,False
ae61488a-6114-4d60-b13c-d01d87ae5825,CUS-01059,24424.34,card,Enugu,Enugu North,e4c835e0fcbbd94b,2025-02-23 06:46:12,6,6,False
eafa1609-9ec1-4bf4-b384-2f4ea8f6adb2,CUS-01892,52583.28,mobile_money,Imo,Imo-Central,6614c00a15167cdf,2025-02-23 07:43:28,7,6,False
b18bf6d7-36e3-4f4f-90b0-b7a89a5463dd,CUS-01729,467.6,bank_transfer,Kaduna,Kaduna North,14cfd0e04dac2451,2025-02-23 07:50:52,7,6,False
d9fbbf2b-8ce6-4150-b99e-171decea4118,CUS-01487,1258.33,mobile_money,Edo,Ikpoba-Okha,8b29f537a5dc9bb1,2025-02-23 07:52:21,7,6,False
4e8398f3-ee15-447c-a605-c839604cd4d4,CUS-01121,2675.79,pos,Cross River,Cross River-Central,b60436e580150064,2025-02-23 08:16:10,8,6,False
da603d9d-b25e-4dc0-b39a-8a5ee3ef8d75,CUS-01642,54952.47,bank_transfer,Abuja FCT,Municipal,d02d3de6b21344b6,2025-02-23 09:01:53,9,6,False
5bc629f8-0ece-4f9e-9989-f80d7fef5d83,CUS-01207,4760.62,mobile_money,Abuja FCT,Bwari,93ede341308bf1fb,2025-02-23 09:04:01,9,6,False
aff63be3-4d22-4c80-981d-66004e6fe6ad,CUS-01051,59.63,bank_transfer,Oyo,Oyo East,2c2c9380a4d6a434,2025-02-23 09:05:43,9,6,False
a971d331-069d-4164-bcd5-89965ed10635,CUS-01590,37181.24,card,Anambra,Awka South,13407ce4863fe750,2025-02-23 09:28:47,9,6,False
9df3b8c9-e144-426e-961e-683ec15de5dc,CUS-01433,422.48,bank_transfer,Delta,Warri South,2966b413eb51f515,2025-02-23 09:36:12,9,6,False
70886dce-73a6-494c-8930-27d4b0c7586b,CUS-00475,111.02,ussd,Ogun,Ogun-Central,12d309dd435050f0,2025-02-23 09:36:15,9,6,False
630eb1cb-64a5-4ddc-b747-66221feeb5db,CUS-00662,70716.14,pos,Kaduna,Kaduna South,0e30b90da7b7b7ae,2025-02-23 09:36:46,9,6,False
26d9c052-27d8-44cf-a0c1-92a2d9b750d9,CUS-00955,79670.05,bank_transfer,Rivers,Obio-Akpor,4cbfd8122c26b3ff,2025-02-23 09:37:08,9,6,False
115ad381-7554-4929-a93d-ef14480add19,CUS-01098,288.01,pos,Abia,Abia-Central,311eb4d69dc7f861,2025-02-23 09:37:18,9,6,False
15ffc24e-17dc-4c78-b8d7-830d02cea07c,CUS-00785,2174.38,bank_transfer,Kogi,Kogi-Central,6292a14b4f110b8f,2025-02-23 09:47:01,9,6,False
dba40e9e-4a30-464e-a006-cba7a65562a6,CUS-00029,1064.57,mobile_money,Lagos,Ikorodu,a05457497b410a44,2025-02-23 09:54:21,9,6,False
e7107cf4-357e-4ccf-a40c-718d99a886d0,CUS-00106,39657.72,ussd,Rivers,Oyigbo,6a04b71095cc9970,2025-02-23 09:55:05,9,6,False
b6857fe0-7db1-45ab-a231-bd9e604d89b9,CUS-01099,3799.57,pos,Kaduna,Kaduna North,2b981b38772e1c60,2025-02-23 10:00:00,10,6,True
c2b7bc58-ec83-47d6-a827-91dca2074f13,CUS-00057,1862.7,pos,Lagos,Surulere,7176e72fa68d4e40,2025-02-23 10:03:25,10,6,False
6fb33c56-c7bb-46d4-bfcc-6a4bb468a47c,CUS-01644,46900.37,mobile_money,Lagos,Oshodi-Isolo,4eb0e2d037f0c5a2,2025-02-23 10:03:47,10,6,False
77228830-644d-44db-a5d1-4960782a2125,CUS-01878,3765.05,bank_transfer,Kano,Kumbotso,2887345003145782,2025-02-23 10:06:51,10,6,False
9c519e98-5e8a-4f39-84b9-474f82bb4d35,CUS-01083,242.78,bank_transfer,Kebbi,Kebbi-Central,b6a82c9c02ad23e5,2025-02-23 10:07:09,10,6,False
0fa55b9c-80c2-4d9f-878d-27df1849af76,CUS-00465,70615.94,pos,Rivers,Obio-Akpor,ed161ad83adcde5e,2025-02-23 10:09:35,10,6,False
ffbcac02-b133-428a-8446-1fa793319975,CUS-01099,4346.5,mobile_money,Cross River,Cross River-Central,2b981b38772e1c60,2025-02-23 10:20:00,10,6,True
9a45373f-cc06-49ec-b017-92b0cdf7fbb5,CUS-01456,25668.74,bank_transfer,Anambra,Awka South,2ae0abcfd03562bf,2025-02-23 10:20:06,10,6,False
ec292be5-a662-4c8b-a83c-d5df89cd5d13,CUS-00486,415.07,bank_transfer,Lagos,Surulere,eef581881ffc0e65,2025-02-23 10:27:58,10,6,False
feeac3d5-5e6f-4653-9488-189e11417fc5,CUS-00617,45910.35,pos,Kano,Kumbotso,9be78ff896a57226,2025-02-23 10:29:58,10,6,False
69beee72-2ea2-4f41-8b05-59e707a86986,CUS-00275,4669.94,bank_transfer,Abuja FCT,Municipal,83c12336ca22990b,2025-02-23 10:38:00,10,6,False
bc70095c-1c19-4ab4-aac0-eab9962c0ea7,CUS-01599,888.23,mobile_money,Nassarawa,Nassarawa-Central,c4762c97dfed483f,2025-02-23 10:53:11,10,6,False
b32ecda5-3d10-4cd5-975c-d88e3653f26b,CUS-01703,89838.36,mobile_money,Abuja FCT,Municipal,49984962f39ec994,2025-02-23 10:53:45,10,6,False
abc00813-d0b4-450f-97c7-48405d68060b,CUS-01988,61058.66,pos,Rivers,Eleme,888331b4af3c2f9e,2025-02-23 10:56:02,10,6,False
ea42d506-c01b-403f-9e43-82482d385290,CUS-01048,59.39,pos,Zamfara,Zamfara-Central,5ead41bb0faa4328,2025-02-23 11:00:06,11,6,False
a154bb4c-12b9-43d4-a1d3-fdd357ee5bb9,CUS-01292,322.8,pos,Oyo,Ibadan South-West,8bd8d926d6ec6dda,2025-02-23 11:03:21,11,6,False
61528d8b-4931-404e-bf77-77bc1d6ed3b6,CUS-00066,11279.79,pos,Lagos,Kosofe,d59b6fcd5f147bb2,2025-02-23 11:15:11,11,6,False
682f8140-ebaf-4c8b-83a0-12f4f9427804,CUS-00006,1365.66,bank_transfer,Lagos,Lagos Mainland,8e398bc1cbdc78d0,2025-02-23 11:37:46,11,6,False
15df72b0-6dd4-4998-9704-2c44e40a05b6,CUS-01486,95486.39,pos,Rivers,Port-Harcourt,68f0f77451d5d2f5,2025-02-23 11:46:20,11,6,False
5972a6db-5dc5-499f-b47d-95494f03164d,CUS-01787,3406.39,bank_transfer,Kaduna,Kaduna South,d28e308dde8dbfd0,2025-02-23 11:51:58,11,6,False
8e0af64e-e1a9-4e6a-9b17-97ea85631f0e,CUS-00301,262714.47,bank_transfer,Oyo,Ibadan North,4acd84f2fa7ac6df,2025-02-23 12:00:34,12,6,False
5d78c1ed-c6df-4119-bc6f-8f499966acbc,CUS-01204,4871.61,bank_transfer,Abuja FCT,Kuje,7fc10fe4ca5124d6,2025-02-23 12:22:02,12,6,False
b9a4f618-7b33-46aa-9677-852158388db8,CUS-01043,75792.0,bank_transfer,Enugu,Nsukka,5cb8d7aafc020524,2025-02-23 12:26:12,12,6,False
ca52c880-c2c9-4562-88e3-4a81bb32366d,CUS-00239,209.06,pos,Lagos,Oshodi-Isolo,a18fc29097aafe72,2025-02-23 12:29:11,12,6,False
617cba33-0b56-473b-bcbd-9f4ff070d961,CUS-00927,1513.87,card,Oyo,Ibadan North,8b5d30c6df5ac645,2025-02-23 12:37:11,12,6,False
e1248657-6ac7-47cd-963e-a2909aab56be,CUS-01216,2837.69,pos,Lagos,Ikorodu,b767a7d60b9a3865,2025-02-23 12:37:46,12,6,False
2f48ffc6-3838-419e-a769-6bbbf79d12e5,CUS-00725,1800.45,pos,Bauchi,Bauchi-Central,9102998f6f03a951,2025-02-23 13:01:45,13,6,False
ce8f9fcb-7e4e-4cf6-91a1-f6f2ccedc466,CUS-01524,2775.04,pos,Abuja FCT,Municipal,e9b082843f2915d1,2025-02-23 13:04:13,13,6,False
be39f214-fd75-4530-a7b1-6793c5377ead,CUS-01675,92682.92,pos,Kano,Fagge,a9e9dac83e68ea24,2025-02-23 13:09:12,13,6,False
3c8f2712-0f33-48ec-85b4-001e327da7b0,CUS-01056,69727.87,bank_transfer,Kwara,Kwara-Central,396525eee1cf71ee,2025-02-23 13:34:16,13,6,False
429c6a70-51bb-4b4e-aa61-5eeadfe4d86c,CUS-01467,172.99,mobile_money,Rivers,Port-Harcourt,13aeaced423d48ec,2025-02-23 13:38:05,13,6,False
66236f14-267b-4501-9c6f-dc0f7c5a89bc,CUS-00652,1109.97,pos,Kaduna,Kaduna North,b53d9478f74db31d,2025-02-23 13:43:01,13,6,False
44373b66-c8f2-4206-8418-4760f5ee3073,CUS-00395,59669.35,bank_transfer,Yobe,Yobe-Central,4258914cbb051c44,2025-02-23 13:48:12,13,6,False
0ba833ac-663b-4ee2-8364-ec4ae95f6cc5,CUS-00980,92513.43,bank_transfer,Kano,Gwale,0fbb27d86ea35239,2025-02-23 14:00:40,14,6,False
c430f370-aa25-47ab-84ad-cc8d1f5428e4,CUS-01394,2227.43,ussd,Kano,Nassarawa,149d65e93e9aad8b,2025-02-23 14:07:47,14,6,False
90163f9f-779b-46bc-8da7-46a7a408c483,CUS-00176,1284.12,pos,Anambra,Onitsha North,99959f39f4739903,2025-02-23 14:17:28,14,6,False
b579d96d-7858-4213-a1fd-8f5116cd6f96,CUS-00718,15279.88,mobile_money,Lagos,Alimosho,c61f22f1a32fbbb4,2025-02-23 14:21:03,14,6,False
7e5df37f-d582-4590-b1a3-f1447d08e16f,CUS-00720,3633.97,ussd,Gombe,Gombe-Central,54d663ff2bd1e6ff,2025-02-23 14:33:13,14,6,False
f6367761-e562-47d1-b46c-a475b42a8185,CUS-01142,4026.8,bank_transfer,Anambra,Awka South,b4f03bc7e8cf05c0,2025-02-23 14:34:54,14,6,False
e940c2b8-22e6-4280-88da-e2a441ba910a,CUS-01555,452.27,bank_transfer,Lagos,Ikorodu,78defe75dc542af4,2025-02-23 14:35:24,14,6,False
0e0f99e8-325c-42c3-a9f4-971f9abcf9ac,CUS-01227,1397.58,pos,Kano,Gwale,1be01da98bccedd1,2025-02-23 14:38:40,14,6,False
d483bc23-c6d1-40d9-a775-51aff24aa9ba,CUS-01186,205959.07,pos,Anambra,Nnewi North,6289ff269db8f2ac,2025-02-23 14:54:43,14,6,False
6b66904f-6073-4b12-beab-58576e77798f,CUS-00244,2756.44,bank_transfer,Enugu,Enugu North,a20c8fa95a093fa1,2025-02-23 15:00:00,15,6,True
21d88845-e252-4aa0-bc57-e7f224e341a0,CUS-01260,3940.75,pos,Kano,Fagge,bf2d4785cb46fa2b,2025-02-23 15:01:08,15,6,False
54997f67-9874-499e-9ea2-36dd33a377d5,CUS-01362,426.94,mobile_money,Enugu,Enugu North,97bd9276d63af312,2025-02-23 15:03:14,15,6,False
f667d5f8-9e19-42e2-a245-fc42bd8321d0,CUS-00356,354.46,ussd,Lagos,Agege,887a44be65fd4c5e,2025-02-23 15:11:40,15,6,False
3d37a9e6-eba2-4769-b841-18db3a49ccc8,CUS-00244,48815.35,bank_transfer,Zamfara,Zamfara-Central,a20c8fa95a093fa1,2025-02-23 15:17:00,15,6,True
2b9a37d3-0361-47e6-a313-e5c43b60d7de,CUS-00321,272.2,mobile_money,Ondo,Ondo-Central,8712e0b7021fe925,2025-02-23 15:25:40,15,6,False
043ad294-695e-493b-a3dd-90efd1835aa9,CUS-01199,945.59,pos,Lagos,Lagos Mainland,87823df2b69fc0a4,2025-02-23 15:27:13,15,6,False
eaf9ac5a-44ac-4bde-b360-641307fe2199,CUS-00588,334.89,mobile_money,Lagos,Ikorodu,c51cc5de2aafecc0,2025-02-23 15:29:50,15,6,False
ac33a054-917b-4e75-abf9-7848a99dbf60,CUS-00431,62.12,mobile_money,Kwara,Kwara-Central,7404af40d9127562,2025-02-23 15:39:49,15,6,False
8425a3a5-f666-4ac8-aa75-96bef318d7eb,CUS-01633,4729.17,mobile_money,Imo,Imo-Central,87d8962f9b1d3d70,2025-02-23 15:44:45,15,6,False
740e11d1-48d3-401c-bc49-941b67008e95,CUS-00148,927285.97,bank_transfer,Lagos,Mushin,60928649e7eb9481,2025-02-23 15:46:29,15,6,False
e76cdac8-0cd5-4ba4-af6a-1f2ba67b3070,CUS-01511,25445.96,pos,Ondo,Ondo-Central,feb703ea6117aadb,2025-02-23 15:46:59,15,6,False
392a757c-a6c9-462c-b408-fbcc9d8d4149,CUS-01268,90.07,bank_transfer,Kaduna,Zaria,65173508ca2600a2,2025-02-23 15:47:15,15,6,False
730afe6a-d72c-47b3-9774-02d795e4f81d,CUS-01084,498.14,bank_transfer,Jigawa,Jigawa-Central,45900ef4a6edba31,2025-02-23 15:50:13,15,6,False
1450a751-331d-4a1e-ade2-c84ebfeada45,CUS-00386,156762.2,pos,Kano,Fagge,273baa91f71df6fc,2025-02-23 15:50:13,15,6,False
e238a888-953f-4269-9095-30a2e48ab3b1,CUS-01114,11050.6,bank_transfer,Kaduna,Zaria,45d724ddfa9237fe,2025-02-23 16:01:46,16,6,False
5a27af8a-5d74-44d6-b1a3-d6e64bdacb1f,CUS-01457,65274.29,mobile_money,Anambra,Onitsha North,cd5bda4f0269770a,2025-02-23 16:31:42,16,6,False
7bc429d8-0a3f-47f8-8df1-39206a424910,CUS-01018,58014.65,pos,Taraba,Taraba-Central,b4ff7a153fc4dff5,2025-02-23 16:37:27,16,6,False
40d06ac9-1c99-4b1d-bdb3-1a079913cee9,CUS-00225,2337.49,bank_transfer,Lagos,Agege,0745bb953102d53d,2025-02-23 16:37:34,16,6,False
dd52c765-157e-4669-86c2-7be4be521ca3,CUS-00446,2230.84,pos,Ogun,Ogun-Central,a54ec969ae4fe771,2025-02-23 16:40:19,16,6,False
5950031a-24f4-42db-9c30-0a7573234aee,CUS-00969,441.8,bank_transfer,Abuja FCT,Bwari,16437dc8de01cc12,2025-02-23 16:42:47,16,6,False
d1a50250-ff91-4fcc-b802-d1e6d97cc6a7,CUS-00816,156.19,bank_transfer,Kaduna,Kaduna North,afe1bbf91079bbe4,2025-02-23 16:46:42,16,6,False
94934a80-906a-4f5c-8a9b-4965cf84a1f4,CUS-00132,886752.03,bank_transfer,Lagos,Surulere,13c328a7ef3e08f5,2025-02-23 16:58:19,16,6,False
174cf747-c4e9-4435-85f1-5dbeb0ed8caf,CUS-01912,28218.67,pos,Ogun,Ogun-Central,24c0dd025673a221,2025-02-23 17:10:01,17,6,False
a362e196-dfad-48e4-82ab-bda25bde0bba,CUS-01491,233.79,bank_transfer,Rivers,Obio-Akpor,051469751774e3bd,2025-02-23 17:13:51,17,6,False
c05741e3-881b-48ca-8db2-d7285aecbbd6,CUS-01930,373.01,pos,Oyo,Ibadan South-West,df56dbbbb4f7abf5,2025-02-23 17:14:06,17,6,False
9b2632af-db0d-4301-92d7-39aea5ef5797,CUS-01136,280.17,mobile_money,Borno,Borno-Central,fb2927a454f16984,2025-02-23 17:14:37,17,6,False
7f303725-5771-471b-bd57-3708db7a45da,CUS-00081,3073.36,pos,Enugu,Nsukka,aa0d9f651510b9f0,2025-02-23 17:18:57,17,6,False
425a09d4-835b-4d5f-8ebe-b20a63a684fd,CUS-01107,231.07,pos,Kwara,Kwara-Central,3a15b34bb5d0c2d2,2025-02-23 17:29:42,17,6,False
6a135911-26ae-4477-8826-d0c22cf80729,CUS-00742,4914.23,pos,Osun,Osun-Central,c850ae7c8a0b4b55,2025-02-23 17:33:26,17,6,False
4feec440-7f65-4e47-9442-c5cc2b9bfae3,CUS-01054,4332.35,mobile_money,Ogun,Ogun-Central,dbecb9c21b3aca89,2025-02-23 17:37:09,17,6,False
1f62f3e7-ee07-43e9-8e60-10a4a4015254,CUS-01545,52485.76,pos,Abuja FCT,Gwagwalada,375992b2e94a47bf,2025-02-23 17:42:33,17,6,False
dcbd0d52-075f-4c32-9010-80aa209c7495,CUS-00758,38464.9,mobile_money,Nassarawa,Nassarawa-Central,939287cb470a4cbe,2025-02-23 17:49:06,17,6,False
87945b09-f3dd-48f3-aa99-0b4719c306a1,CUS-01320,1770.58,card,Lagos,Surulere,1cea17001a33563e,2025-02-23 17:55:01,17,6,False
a0cdeb9d-966c-4097-a5c3-00178b5049c5,CUS-00793,82189.44,mobile_money,Rivers,Oyigbo,e85e2c7fb40f65fb,2025-02-23 18:00:00,18,6,True
3e34947a-d6d4-49a2-b5ef-61997062432b,CUS-01724,47492.4,pos,Anambra,Onitsha North,255cc9f84c700375,2025-02-23 18:04:35,18,6,False
1518877e-69c3-4046-a424-8cbd1d2e2b52,CUS-00173,3020.59,ussd,Lagos,Agege,215dbe62d129810e,2025-02-23 18:06:35,18,6,False
19e02489-38f2-4949-8188-b290b8428320,CUS-00793,37667.21,pos,Kano,Nassarawa,e85e2c7fb40f65fb,2025-02-23 18:11:00,18,6,True
ca336f16-6835-4d58-b490-08d6413d6c3e,CUS-00237,4286.7,pos,Lagos,Lagos Mainland,780e328ca59b422a,2025-02-23 18:12:58,18,6,False
f72aa9b3-16fe-4aac-8f5d-4487a7a5afd0,CUS-01695,4492.83,pos,Lagos,Ikorodu,b941383d6432d5cc,2025-02-23 18:13:39,18,6,False
c5696184-6f93-4529-9b61-4a459b5a18ce,CUS-01245,2172.14,pos,Enugu,Enugu East,a95550343289f149,2025-02-23 18:26:49,18,6,False
c6edacd4-3998-49ef-a0f1-06fb48e7c56d,CUS-01384,81722.06,pos,Delta,Warri South,ddcf9b7246537bb1,2025-02-23 18:30:41,18,6,False
a7c7de28-fbeb-4037-bc3e-9b3c1a92d858,CUS-00178,59.76,mobile_money,Gombe,Gombe-Central,ae961792de3c8d29,2025-02-23 18:32:56,18,6,False
5a60c5e0-d0ac-43c1-a37e-cb3e8fe5e221,CUS-01485,1246.64,bank_transfer,Rivers,Eleme,25b0414821785e33,2025-02-23 18:34:37,18,6,False
87bfa5d0-1d9d-4f7d-9e30-da8c5b1b12d1,CUS-00943,69336.8,mobile_money,Plateau,Plateau-Central,1da2949d58e17a5f,2025-02-23 18:51:35,18,6,False
439fe5f8-eebf-44f3-8446-c7c85116671b,CUS-00345,2362.03,mobile_money,Kaduna,Kaduna South,808e7a5c5a97600f,2025-02-23 18:54:53,18,6,False
81e2eee9-a6be-446f-8a98-19c6d4195dfe,CUS-00845,94533.44,pos,Rivers,Oyigbo,a273ddb69945855e,2025-02-23 18:55:30,18,6,False
c33b4298-51d3-4436-9420-72bc66307b38,CUS-00441,29984.42,bank_transfer,Ogun,Ogun-Central,b3703ce562cfe5d5,2025-02-23 18:57:20,18,6,False
3aa2d18f-a49f-4f0f-920b-bb8b9d56479a,CUS-01170,222.42,mobile_money,Enugu,Enugu East,bb3c1c43614049b2,2025-02-23 19:07:07,19,6,False
74d717e4-1e90-4d92-9bb6-eedd9807eef7,CUS-01347,853717.83,pos,Rivers,Eleme,ec76fa108fd59db4,2025-02-23 19:20:54,19,6,False
ba3f0f74-61e8-4acc-a228-a027a8a63c43,CUS-00197,1353.53,bank_transfer,Nassarawa,Nassarawa-Central,5a1a0842daf75e05,2025-02-23 19:23:03,19,6,False
a37f9c4a-d975-41f9-93eb-4e8007f6dbf3,CUS-01616,821.97,bank_transfer,Ogun,Ogun-Central,be333283103f5129,2025-02-23 19:29:02,19,6,False
0b3e9299-1bba-4537-9e53-7090c08530fb,CUS-00868,828559.17,pos,Sokoto,Sokoto-Central,6367985943441b19,2025-02-23 19:37:19,19,6,False
ede0b98c-e10f-437a-a3b0-fd84f3b56bbe,CUS-01202,93.53,pos,Lagos,Ikorodu,82a30116a4708d90,2025-02-23 19:39:53,19,6,False
98facd8c-e926-41c2-9502-6dc6889fe6d2,CUS-00531,3001.38,mobile_money,Ogun,Ogun-Central,e31655b45463dd12,2025-02-23 19:41:56,19,6,False
b97e2e7d-a53d-4b79-8783-cabb3a37b684,CUS-01699,410.73,pos,Oyo,Ogbomoso,1bde2143285a08c4,2025-02-23 19:42:55,19,6,False
4a05e28a-f6aa-48ac-aeca-608508e0e40c,CUS-01029,770.7,bank_transfer,Plateau,Plateau-Central,345305fe8c241fb1,2025-02-23 19:47:49,19,6,False
432c2fae-0bdc-4d4b-955b-e9ba8e4a8e4a,CUS-00888,73.29,mobile_money,Lagos,Ikorodu,1a56ed5070bdfdef,2025-02-23 20:11:58,20,6,False
b51ebe8d-83bd-413f-893e-b9779226a2c7,CUS-01038,1230.66,mobile_money,Lagos,Ikorodu,37c80537f40eec54,2025-02-23 20:35:54,20,6,False
3f82d315-96ce-4edc-99ec-d0c2dab6e8f8,CUS-01871,167.76,pos,Lagos,Lagos Mainland,ea23fad9d6052bfe,2025-02-23 20:48:35,20,6,False
986a9841-c32e-4a31-ac91-44583c2bc423,CUS-00593,484.95,mobile_money,Kano,Gwale,25ef0841b83617a6,2025-02-23 21:09:00,21,6,True
b5818824-8e00-40c7-8781-51695663ea6a,CUS-00593,88.96,ussd,Kano,Dala,25ef0841b83617a6,2025-02-23 21:14:00,21,6,True
203f1aaa-3dd3-4b2d-b0cd-cb331b04fd93,CUS-01498,742.11,pos,Rivers,Port-Harcourt,06084f23b47782c5,2025-02-23 21:15:00,21,6,False
600248de-1e4a-425b-aac9-853e8528ca72,CUS-00593,59.67,ussd,Kano,Dala,25ef0841b83617a6,2025-02-23 21:16:00,21,6,True
9701e330-07c5-4327-8dfe-e701877f9213,CUS-00758,197.75,pos,Nassarawa,Nassarawa-Central,939287cb470a4cbe,2025-02-23 21:27:05,21,6,False
ec16c654-40b2-4911-b95e-c1a622a6510c,CUS-00593,302.91,ussd,Kano,Dala,25ef0841b83617a6,2025-02-23 21:38:00,21,6,True
e0eaf47a-e74c-4342-aee4-f4ff1908ca95,CUS-01685,30082.93,bank_transfer,Sokoto,Sokoto-Central,445899ed480707b4,2025-02-23 21:48:37,21,6,False
8296a592-0586-4f71-9163-cc84c9194e36,CUS-00593,79.04,ussd,Kano,Gwale,25ef0841b83617a6,2025-02-23 21:49:00,21,6,True
25e068d8-0f70-4eb9-bf59-c0ee5c57cac2,CUS-00593,209.44,pos,Kano,Gwale,25ef0841b83617a6,2025-02-23 21:51:00,21,6,True
ffcb38d9-6267-45c6-a15f-6aa678fc4266,CUS-00593,95.09,mobile_money,Kano,Fagge,25ef0841b83617a6,2025-02-23 21:54:00,21,6,True
3470c28e-27be-41dd-a1f7-c182dd0eafbf,CUS-01724,267738.0,bank_transfer,Anambra,Nnewi North,255cc9f84c700375,2025-02-24 00:42:00,0,0,True
8cce6b77-bbeb-425f-814e-838d3c7b42b8,CUS-01461,3790.09,ussd,Delta,Warri South,1f5002689c96a0c3,2025-02-24 01:55:43,1,0,False
2bfb16c2-94e3-4cc9-8d94-08af11404e76,CUS-00028,807794.18,bank_transfer,Kaduna,Kaduna South,597d94128f41095a,2025-02-24 02:01:00,2,0,True
4b1f0e90-fb78-4b4c-bc07-230b78caf959,CUS-00198,162.26,pos,Niger,Niger-Central,9af1733f50cf9816,2025-02-24 02:24:25,2,0,False
579eae7c-54e7-44b7-af2d-1d52a79035f8,CUS-01811,129.96,bank_transfer,Kwara,Kwara-Central,5a30902b0374f04f,2025-02-24 03:26:12,3,0,False
8c98f240-d1ea-44d7-97a7-113d68d84229,CUS-01849,74.32,pos,Delta,Oshimili South,18e60b69544688c6,2025-02-24 03:35:09,3,0,False
0fe3eb41-4ca5-407c-bf07-e2d0ec04f7ff,CUS-01598,453973.96,bank_transfer,Lagos,Alimosho,4fb23adca810bdd7,2025-02-24 04:08:00,4,0,True
67a07b2f-f455-4170-b866-9aac29ab4df8,CUS-01135,4592.83,bank_transfer,Lagos,Mushin,ddc7283b773c8f9b,2025-02-24 04:46:25,4,0,False
423a8eb4-5cb3-457c-911a-7fe593aeee34,CUS-01903,972.09,pos,Lagos,Surulere,c66db09d52261777,2025-02-24 06:06:00,6,0,True
efa696f1-3f14-4641-a504-489cf8747697,CUS-00961,4902.12,pos,Kaduna,Kaduna South,53c76254ebe7bddf,2025-02-24 06:20:25,6,0,False
0269c3c4-7548-4816-aae0-8b893bd05a60,CUS-00043,4264.79,pos,Kogi,Kogi-Central,dde67db5f24e0bcc,2025-02-24 06:32:32,6,0,False
cd5301e2-878a-44e3-81fa-039937563acc,CUS-00623,96469.48,ussd,Abuja FCT,Bwari,49247348eeec8a45,2025-02-24 06:35:20,6,0,False
a6000cb9-7a90-4dba-ae76-fa18f5eee0c8,CUS-00312,985457.05,bank_transfer,Lagos,Kosofe,3494ed058a6d99ad,2025-02-24 07:16:00,7,0,False
aa68a3f3-0d16-471c-b529-b3e524090920,CUS-01903,179.69,pos,Lagos,Mushin,c66db09d52261777,2025-02-24 08:15:00,8,0,True
88c9e37d-d7f9-4242-b3c5-8b496901d4f5,CUS-00059,25718.77,bank_transfer,Kano,Tarauni,75d2af6a62a0cb52,2025-02-24 09:04:19,9,0,False
bc4f67d9-a2cd-439f-b4eb-ab198ead19e2,CUS-01487,4231.27,pos,Edo,Egor,8b29f537a5dc9bb1,2025-02-24 09:11:28,9,0,False
ed53c552-4104-4933-9594-e2fc3f97cceb,CUS-00720,189.86,ussd,Gombe,Gombe-Central,54d663ff2bd1e6ff,2025-02-24 09:16:56,9,0,False
0f6682b0-552e-44b7-92d5-eaf7897e0889,CUS-01111,13503.99,pos,Lagos,Surulere,e26bb45013e5e156,2025-02-24 09:21:24,9,0,False
d787da16-98bb-4318-94ef-0f2dbf5d0385,CUS-00591,88667.74,mobile_money,Enugu,Enugu East,b0b6b7ab4a04ad56,2025-02-24 09:30:04,9,0,False
b946e1b3-96fa-4f60-ae1a-e4f7879b5f91,CUS-00154,40253.89,pos,Ogun,Ogun-Central,bec8cb887466247e,2025-02-24 09:30:10,9,0,False
a1896c18-1fca-4a04-a94b-e01348ecfcf5,CUS-01097,161.49,pos,Lagos,Kosofe,8547f78879fe432c,2025-02-24 09:35:39,9,0,False
26b853ef-3104-4cb9-a848-5e6626a62392,CUS-01523,295.61,pos,Lagos,Eti-Osa,b4e06f3228683e87,2025-02-24 09:36:36,9,0,False
a4e86d54-fc2e-4f4d-8c36-8f5b9979f0de,CUS-01844,30347.42,pos,Jigawa,Jigawa-Central,1c72f4beb92ebf41,2025-02-24 09:39:22,9,0,False
5c0d0ddc-a86c-43ee-b31a-6853347abfd5,CUS-01111,81875.35,pos,Lagos,Mushin,e26bb45013e5e156,2025-02-24 09:41:07,9,0,False
1a6965ce-e71b-47f9-8adc-fe431bd73d09,CUS-01156,641043.43,ussd,Lagos,Ikeja,031d6ab684c1b05f,2025-02-24 09:45:09,9,0,False
f222b380-e135-43ba-b7d4-7cb2df867979,CUS-01058,2997.04,pos,Abuja FCT,Bwari,823adada4ab70de2,2025-02-24 09:49:13,9,0,False
678cfd55-4c86-4eca-8046-6f7c662c047c,CUS-00748,4634.28,mobile_money,Kogi,Kogi-Central,998b89625c438d01,2025-02-24 09:55:14,9,0,False
56b0b3bf-6463-4c6f-88e6-f02e7b385e22,CUS-00569,511.35,ussd,Kano,Tarauni,8a3912d9c4370463,2025-02-24 09:59:57,9,0,False
6fffe2d5-227b-4c94-ad97-cc16130f959e,CUS-01272,45032.76,mobile_money,Abia,Abia-Central,06bad31df90a1a67,2025-02-24 10:06:56,10,0,False
d29269b1-8c6f-4d35-afb0-827401574dbc,CUS-01897,37526.27,mobile_money,Lagos,Ikorodu,e94888cd3a69e633,2025-02-24 10:07:50,10,0,False
ac6f0396-babf-49c3-a410-16f8182ee2c6,CUS-00080,1158.11,pos,Zamfara,Zamfara-Central,cd85d8451082aedb,2025-02-24 10:07:52,10,0,False
8915e845-7f45-493a-b847-0aea729eb91f,CUS-00390,3487.27,pos,Ogun,Ogun-Central,f236feca84413f89,2025-02-24 10:18:01,10,0,False
be36fdaa-4d56-4f25-aff8-89275fcad1f1,CUS-01672,21078.72,bank_transfer,Zamfara,Zamfara-Central,62f20bbb589f3230,2025-02-24 10:19:30,10,0,False
676e395d-e5bc-45eb-b061-89792bff9aac,CUS-00499,4205.96,bank_transfer,Ogun,Ogun-Central,24073aefc48b8a94,2025-02-24 10:29:36,10,0,False
7fdc3a33-d10f-4464-b91e-9eaf6c93d65b,CUS-00149,894.84,mobile_money,Kano,Gwale,ab33a8613e43d0f0,2025-02-24 10:36:36,10,0,False
161aa050-06d8-4eb0-8219-4be3b277cbe3,CUS-00797,441.04,bank_transfer,Oyo,Oyo East,59420c39724467cb,2025-02-24 10:57:52,10,0,False
18c5454c-e415-4012-91b9-0974a1df5d55,CUS-00427,2449.86,card,Niger,Niger-Central,cc5fd57c9ca71698,2025-02-24 10:58:21,10,0,False
7526dc06-c8d2-499c-9b90-86302f87f1d4,CUS-01524,56343.61,pos,Kaduna,Zaria,e9b082843f2915d1,2025-02-24 11:00:00,11,0,True
9ed480b2-dd54-4164-b9c9-f6e01779bb14,CUS-01524,2971.91,bank_transfer,Cross River,Cross River-Central,e9b082843f2915d1,2025-02-24 11:07:00,11,0,True
137b4d80-ba5c-4133-a891-bcae22e5ad68,CUS-00598,17666.1,pos,Lagos,Mushin,d5c97c675731bd9e,2025-02-24 11:09:19,11,0,False
68a4d965-9c3c-424d-b3b3-30be7280bfc8,CUS-00855,1633.63,bank_transfer,Lagos,Agege,c708ef9fa6a48519,2025-02-24 11:12:18,11,0,False
936baae6-9096-40bd-8bd5-459c7dd0aecb,CUS-00735,50450.12,mobile_money,Kebbi,Kebbi-Central,5d02b894f2fa7fc0,2025-02-24 11:28:15,11,0,False
674ee8d0-91bc-454a-98f2-6bd14df5f0a5,CUS-01588,73982.95,pos,Rivers,Eleme,66d4c5dbca5c27b5,2025-02-24 11:34:21,11,0,False
070d18ce-b0b7-4a1d-a57f-81311780b33b,CUS-00386,2315.77,pos,Kano,Gwale,273baa91f71df6fc,2025-02-24 11:50:16,11,0,False
d173355d-5eca-4f4f-b036-b3ff0a4af0fe,CUS-00214,3075.76,bank_transfer,Edo,Ikpoba-Okha,255d60d4db4b17af,2025-02-24 11:52:07,11,0,False
97caec34-4ce7-4c5c-b32e-1843ffc36e23,CUS-01451,94.48,mobile_money,Enugu,Enugu North,98ecba8511085cb7,2025-02-24 11:52:41,11,0,False
5f60dd12-755b-4ce2-914b-046ac93ccd65,CUS-01795,49581.41,pos,Lagos,Eti-Osa,8bb741d421fd10f3,2025-02-24 11:56:42,11,0,False
cdb197cf-18ca-4d9d-b999-f98e026be4d6,CUS-01748,42136.6,bank_transfer,Kwara,Kwara-Central,e247f88c921fa712,2025-02-24 12:06:23,12,0,False
ea481bc4-d836-409b-a39e-818a505a202b,CUS-01722,82.08,bank_transfer,Kano,Gwale,09e337320c6f169d,2025-02-24 12:07:30,12,0,False
50e8ae60-79cf-4223-8e00-ea3a9d536472,CUS-00061,225367.03,bank_transfer,Kano,Gwale,8ffdeca966e54133,2025-02-24 12:15:34,12,0,False
0f4bc544-7308-4fe9-969f-4ce8840df749,CUS-00661,169.47,ussd,Ogun,Ogun-Central,94d166e2cf615c3e,2025-02-24 12:17:17,12,0,False
bff478ff-c27c-42c8-baf7-8dc4a98522b8,CUS-01903,4898.31,pos,Lagos,Eti-Osa,c66db09d52261777,2025-02-24 12:27:00,12,0,True
5031070f-ea6e-4cd4-8222-850815f3f238,CUS-01992,187.69,mobile_money,Kaduna,Kaduna North,edc83e826575ddd6,2025-02-24 12:34:47,12,0,False
6b4f886b-cbef-48f8-bae7-78cfa8b04082,CUS-01899,4827.11,pos,Abia,Abia-Central,4800f88391a66586,2025-02-24 12:37:07,12,0,False
9dc80f0b-65a6-4178-8fc8-19a728c2e799,CUS-01903,186.7,card,Lagos,Ikeja,c66db09d52261777,2025-02-24 12:41:00,12,0,True
971df025-45f8-4e84-a4b2-c4e22a73d88f,CUS-00735,94.68,mobile_money,Kebbi,Kebbi-Central,5d02b894f2fa7fc0,2025-02-24 12:41:01,12,0,False
c79681da-6ff0-4e03-aff8-af77725d263f,CUS-00919,2982.85,pos,Lagos,Ikorodu,cf89ee5c3153e958,2025-02-24 12:48:47,12,0,False
8d24dcbe-45d8-45a1-8e98-7a948a1c717c,CUS-00286,944216.74,card,Abuja FCT,Bwari,475411eb6eadef97,2025-02-24 12:54:04,12,0,False
c5d1413d-800c-4b5d-b56e-2c1751f07f20,CUS-00699,553.28,mobile_money,Abuja FCT,Gwagwalada,4d53a36d0b28e08f,2025-02-24 13:10:50,13,0,False
685b5051-e5c0-4b7c-b623-0baaf56ab2f8,CUS-00146,413.32,bank_transfer,Kaduna,Zaria,ffbadfb973b5ec03,2025-02-24 13:11:26,13,0,False
e05cdd9b-820b-46e4-8b8b-68abf8cc39a1,CUS-00724,2184.25,pos,Oyo,Oyo East,4efd26d3ea3c9cf3,2025-02-24 13:22:15,13,0,False
0fa6c2d4-2cd6-4b78-b38e-a5cc04be9309,CUS-00113,39979.79,ussd,Benue,Benue-Central,7424f512c08e218e,2025-02-24 13:26:14,13,0,False
4e700f53-58b8-49e4-9ac1-950b3f2958f1,CUS-01246,4151.24,bank_transfer,Lagos,Alimosho,3fde53d02cb1d927,2025-02-24 13:28:02,13,0,False
cb1cdcfc-dc8d-42ae-9333-d8e21549b2b2,CUS-00964,2062.8,ussd,Kano,Kumbotso,e33948824013bc1f,2025-02-24 13:36:03,13,0,False
5d9080a7-0a6f-41ed-ab74-97a9a70293d7,CUS-00965,579.46,mobile_money,Kano,Tarauni,ffa59c2f68f6683d,2025-02-24 13:41:56,13,0,False
db6bc02c-672e-4177-b000-03a594ff599d,CUS-01333,489.03,pos,Ogun,Ogun-Central,c2c02e62ca91cd6f,2025-02-24 13:53:01,13,0,False
e4f4ba00-ff5a-40c6-99fd-97b32c5d0cd1,CUS-00631,48366.71,mobile_money,Nassarawa,Nassarawa-Central,214f4c3615026b4e,2025-02-24 14:02:50,14,0,False
9f002d0f-5843-408c-bc2c-c70d1adfba49,CUS-01903,2925.41,bank_transfer,Lagos,Ikeja,c66db09d52261777,2025-02-24 14:23:00,14,0,True
cc25d1c1-4e39-43e5-8ef5-9fcd0b5677e8,CUS-00244,1733.37,pos,Lagos,Alimosho,a20c8fa95a093fa1,2025-02-24 14:32:53,14,0,False
e9af975f-a715-4c3a-bfda-0496d5772c58,CUS-01903,2478.79,bank_transfer,Lagos,Ikeja,c66db09d52261777,2025-02-24 14:42:00,14,0,True
184ecc68-9a32-43de-bcc0-bc9a8c57777a,CUS-01630,332112.34,bank_transfer,Kwara,Kwara-Central,e72c068b89d1c7b1,2025-02-24 14:43:00,14,0,False
6e8abb87-ee60-4f75-af1c-90a08ac1b8c5,CUS-00192,11562.06,mobile_money,Nassarawa,Nassarawa-Central,3be92bc242be1da2,2025-02-24 14:43:39,14,0,False
8c7e2ce7-b330-472c-a717-c54644f687ee,CUS-01569,3961.59,ussd,Abuja FCT,Municipal,21d624bef1726de6,2025-02-24 14:50:56,14,0,False
0ae4af39-1d3b-4f3a-9031-2203c62a1cbb,CUS-01629,57.37,bank_transfer,Abuja FCT,Gwagwalada,8db26fd363572d4d,2025-02-24 14:50:58,14,0,False
4246ce59-63f5-4be7-ba7c-bc9f069685a8,CUS-00204,60.0,mobile_money,Kaduna,Kaduna South,dacf1ca0cd2282a4,2025-02-24 14:54:27,14,0,False
d42985f5-4625-4f7f-a95b-5ddddf62613c,CUS-01209,353258.73,bank_transfer,Ogun,Ogun-Central,0bbfc21575dc4370,2025-02-24 15:12:16,15,0,False
809f8b90-0d0f-4e46-9bb9-6eb5b036c6d8,CUS-00856,4294.44,pos,Lagos,Alimosho,a05b19ccf5dfefe0,2025-02-24 15:34:27,15,0,False
cd4f8fc6-6e87-4480-98d4-d034b84cb7d8,CUS-01336,4376.0,ussd,Lagos,Alimosho,c6ca128a241675c1,2025-02-24 15:35:04,15,0,False
706037c8-e3c6-4f2f-8022-c87e85c55f25,CUS-01694,842764.23,bank_transfer,Rivers,Port-Harcourt,d5150cfe61edef38,2025-02-24 15:36:00,15,0,True
0ef31979-81cd-4091-9d95-5b306656b717,CUS-01149,321.39,bank_transfer,Zamfara,Zamfara-Central,200cf8aca5eef511,2025-02-24 15:47:34,15,0,False
86cf26ae-75b0-42b6-86c2-a5e5b7442c3f,CUS-01903,423.0,bank_transfer,Lagos,Kosofe,c66db09d52261777,2025-02-24 15:51:00,15,0,True
b42634a7-7233-4e38-ae4e-74aa70523add,CUS-00954,69932.42,ussd,Rivers,Eleme,209b114ecb6f0b0f,2025-02-24 15:51:59,15,0,False
1f5dfd2d-6bc6-4552-8fa9-8ee14c7042e2,CUS-01792,422.16,bank_transfer,Abuja FCT,Bwari,58f65a3d58004213,2025-02-24 16:04:21,16,0,False
e8c94c97-37c2-4449-9a01-b8762b1d40f9,CUS-01884,43638.77,ussd,Lagos,Alimosho,5f4ed3b0fde0d75c,2025-02-24 16:07:05,16,0,False
b5697709-bc4b-4fb9-982b-ac4d752f2989,CUS-01799,2424.15,bank_transfer,Lagos,Mushin,73145fde27a32e2e,2025-02-24 16:07:56,16,0,False
c8e8c0e5-5410-41c0-bf74-aa5d94ef7044,CUS-01771,532.98,card,Abia,Abia-Central,9bef20b0925967ba,2025-02-24 16:29:54,16,0,False
1f5b6d34-9754-45ab-9998-684de8954889,CUS-00857,3352.09,pos,Abuja FCT,Gwagwalada,5dc9fa146e46a351,2025-02-24 16:33:01,16,0,False
fdd35574-9d9a-44fd-a048-643091f42e8a,CUS-01027,71456.73,bank_transfer,Borno,Borno-Central,a2451397ca1bd949,2025-02-24 16:35:33,16,0,False
f6b35bc7-d323-4c5b-bc1f-bf02e13aa52e,CUS-00704,488.12,mobile_money,Lagos,Surulere,9a02fdf96a93b861,2025-02-24 16:37:19,16,0,False
c7acec07-5ba2-46df-aef2-ff2be38c2b0f,CUS-01903,291147.65,mobile_money,Lagos,Surulere,c66db09d52261777,2025-02-24 16:38:00,16,0,True
4003b12c-0656-4fea-8288-51cc83668e99,CUS-01511,674.98,pos,Ondo,Ondo-Central,feb703ea6117aadb,2025-02-24 16:53:33,16,0,False
31aca437-1e39-4999-834d-a3cf6104bf9f,CUS-01953,66732.14,pos,Osun,Osun-Central,dd76f26c9b5be843,2025-02-24 17:11:13,17,0,False
0d3d5641-ab4c-471e-8033-ae42ba0ff131,CUS-01464,737600.08,pos,Ogun,Ogun-Central,4ee532963b3526bb,2025-02-24 17:12:21,17,0,False
35c104a0-ff6c-4365-aee4-2d91b7dcd2c6,CUS-01903,3744.66,pos,Lagos,Oshodi-Isolo,c66db09d52261777,2025-02-24 17:13:00,17,0,True
887364d2-f53f-40de-8911-67b5b5c18780,CUS-01771,188.31,bank_transfer,Abia,Abia-Central,9bef20b0925967ba,2025-02-24 17:23:57,17,0,False
ce78b400-81c2-4535-abfe-b67bb17e3fec,CUS-00809,798.17,mobile_money,Lagos,Kosofe,db69bf71f5a9ddc6,2025-02-24 17:28:13,17,0,False
9e93bf2d-e61a-4e8b-8004-9e1f3016862a,CUS-01483,875494.92,ussd,Lagos,Eti-Osa,097af9ba3a53d85c,2025-02-24 17:38:42,17,0,False
890a4792-e92d-429c-9306-bdd59945b9f7,CUS-01255,211.63,pos,Rivers,Port-Harcourt,6773a08760c2e82d,2025-02-24 17:49:14,17,0,False
cd051133-792e-4073-a475-6050575a4395,CUS-01031,4746.63,bank_transfer,Kaduna,Kaduna North,b843bc845143730b,2025-02-24 17:49:19,17,0,False
039c0b5c-4cea-4c64-9cdb-ca654024e4aa,CUS-00900,989.52,pos,Lagos,Mushin,d66a452ae977614a,2025-02-24 18:06:50,18,0,False
7bc369d9-e56b-4d02-b01c-e07486378b23,CUS-01121,4066.95,pos,Cross River,Cross River-Central,b60436e580150064,2025-02-24 18:09:46,18,0,False
6bf9576a-54c3-4ec8-8b32-0112e9268f79,CUS-00373,395.96,bank_transfer,Anambra,Awka South,e49e584a125d0350,2025-02-24 18:09:57,18,0,False
ee622464-44aa-4f66-b619-53a686e2b402,CUS-01092,2920.96,pos,Kaduna,Kaduna North,655ea023cd8808e5,2025-02-24 18:11:17,18,0,False
4dcaba5c-7703-4ea6-8a29-4a75ed6a8970,CUS-01143,2575.79,bank_transfer,Oyo,Ogbomoso,2a1e8ff74d96ae9b,2025-02-24 18:21:56,18,0,False
fbfee0da-3743-48ad-aac3-220dbb0b9a5b,CUS-00887,313.66,bank_transfer,Lagos,Mushin,74a921feddc38382,2025-02-24 18:32:31,18,0,False
66858f80-a1ab-4546-929d-0949fc2929c2,CUS-01266,260.29,bank_transfer,Rivers,Eleme,e6c1adc6a4af372b,2025-02-24 18:54:11,18,0,False
c69edc9d-1ddd-4b9d-9d15-b84098abd7fa,CUS-01074,73047.96,pos,Ogun,Ogun-Central,116b5e1551705cfb,2025-02-24 18:56:00,18,0,False
b5dbbc06-4bd3-4dd2-8251-4a7c41e037e2,CUS-01859,4135.76,mobile_money,Ondo,Ondo-Central,69ff6246dfa76a1c,2025-02-24 19:01:05,19,0,False
8560088d-9a86-43d1-b234-e8568e21ef8f,CUS-00400,1333.85,pos,Lagos,Alimosho,5a7139589bfd1fa4,2025-02-24 19:04:14,19,0,False
0c10a23c-dd75-4f8f-8781-4f42a8be72ec,CUS-00937,3235.95,bank_transfer,Taraba,Taraba-Central,db6c0c9551210daa,2025-02-24 19:12:38,19,0,False
dd2e5e4e-c350-4970-9b8a-f79c6bf557a3,CUS-01133,374.28,bank_transfer,Lagos,Oshodi-Isolo,671d3fdaa7c7ef92,2025-02-24 19:23:07,19,0,False
7b69dd44-43fc-4091-b74b-4512598b83f2,CUS-00810,4698.09,pos,Ogun,Ogun-Central,a332946e2cb208bc,2025-02-24 19:35:52,19,0,False
614709c5-37ae-4e65-b686-976fd782e51b,CUS-01903,4963.66,bank_transfer,Lagos,Lagos Mainland,c66db09d52261777,2025-02-24 19:46:00,19,0,True
45ea97e9-dc03-496e-bb2d-f3b873cbf4d9,CUS-00021,2782.18,bank_transfer,Lagos,Ikeja,2afb46bcbe3e328f,2025-02-24 19:51:18,19,0,False
48ebf225-7091-4b1f-9911-18a26271f15d,CUS-01316,4200.96,bank_transfer,Oyo,Ibadan South-West,e293f6db0961a793,2025-02-24 19:52:52,19,0,False
f5433010-758d-4cbb-9407-43d00a129b87,CUS-00847,89678.46,pos,Ogun,Ogun-Central,7f2d38a046a3ed43,2025-02-24 19:54:11,19,0,False
1ed584cf-c287-4140-8d78-2cf76e46bfc8,CUS-01003,78.98,bank_transfer,Ondo,Ondo-Central,439e1cb89f05b12e,2025-02-24 19:55:12,19,0,False
3098eb53-1715-441d-bcbc-0fd6e6897237,CUS-01464,58382.99,bank_transfer,Rivers,Obio-Akpor,4ee532963b3526bb,2025-02-24 20:00:00,20,0,True
b1539914-0ddb-40dd-9365-2aa06ee8e994,CUS-01030,366369.43,pos,Lagos,Lagos Mainland,3eb7598049e53ce6,2025-02-24 20:02:28,20,0,False
b8717b19-de4b-4d37-9692-f0f94d5e03ef,CUS-01888,23420.11,bank_transfer,Ondo,Ondo-Central,1ae6b13f71f999a3,2025-02-24 20:09:39,20,0,False
9a814815-da9a-412a-87c5-ffbcc6aeb89f,CUS-01179,349.35,mobile_money,Oyo,Ibadan South-West,d58684393c60ad84,2025-02-24 20:17:47,20,0,False
51d5fe13-8603-4b69-97b4-10230e0ae661,CUS-01464,3881.82,card,Kano,Dala,4ee532963b3526bb,2025-02-24 20:19:00,20,0,True
8e55028b-9959-4650-b064-c6c39745ff43,CUS-01601,2730.48,bank_transfer,Kano,Kumbotso,9247a632e0a859b9,2025-02-24 20:20:50,20,0,False
27e6821f-bc55-4c03-8d49-be541ae78124,CUS-01654,236.3,pos,Lagos,Lagos Mainland,a694ac735d0af4d4,2025-02-24 20:22:17,20,0,False
167223a1-039c-4cce-8284-0315f4181cd5,CUS-01411,67873.05,pos,Lagos,Kosofe,1d3ab4ab469805e9,2025-02-24 20:23:27,20,0,False
f68548ab-5d60-420e-b13f-06672212e0f4,CUS-00298,995808.08,pos,Enugu,Enugu North,2a174906e6fcc26b,2025-02-24 20:43:31,20,0,False
f3d72be7-9860-49a6-a331-7d46c7172d7f,CUS-01449,119.53,pos,Anambra,Awka South,1136ae79af32c0d4,2025-02-24 20:44:33,20,0,False
76aede9f-82a3-432a-a8c2-cefd1d17e574,CUS-00961,84000.33,pos,Kaduna,Zaria,53c76254ebe7bddf,2025-02-24 20:44:40,20,0,False
b1138971-e812-4c83-9143-0b749a1a71fa,CUS-00872,85125.6,ussd,Delta,Uvwie,07840812b559650f,2025-02-24 20:46:44,20,0,False
b8b529c7-3eb0-4401-a096-69eeb3b522f6,CUS-00143,1527.84,pos,Kano,Nassarawa,66fd566c77024e1a,2025-02-24 20:52:57,20,0,False
f75f52b2-ec66-4b9c-8a00-dadafe561e37,CUS-01150,223.19,pos,Edo,Oredo,6a45da23b71f0b13,2025-02-24 21:21:38,21,0,False
6f68176b-390c-44ad-8e1e-95c4f0e7b969,CUS-01903,279.3,mobile_money,Lagos,Surulere,c66db09d52261777,2025-02-24 21:28:00,21,0,True
b112a2de-1f94-4288-bcd3-4901111debc2,CUS-01355,31044.44,pos,Kebbi,Kebbi-Central,1a13698cf4c1d9c1,2025-02-24 21:37:18,21,0,False
1c706915-ceb0-48fc-8ca8-96af8e8cd5e2,CUS-00097,34286.09,bank_transfer,Rivers,Obio-Akpor,b6d43539671f700f,2025-02-24 21:43:18,21,0,False
c5da7aca-2571-4bb7-9577-de50e90b7cb8,CUS-00426,43564.05,pos,Abuja FCT,Kuje,a6c9458cb98726fc,2025-02-24 21:44:27,21,0,False
b785c015-0e1e-48e4-9f19-0ec62ece1012,CUS-00207,58799.6,pos,Delta,Uvwie,4fe56fe2feb81f6a,2025-02-24 21:51:13,21,0,False
e3cdb335-e370-4532-8b7c-088cbb7f866d,CUS-01449,328.05,pos,Anambra,Nnewi North,1136ae79af32c0d4,2025-02-25 00:43:34,0,1,False
700a7dfe-8a99-45f6-a31d-ae4690d1e96e,CUS-00478,78129.91,pos,Bayelsa,Bayelsa-Central,a01da1f680707d34,2025-02-25 00:50:53,0,1,False
f5ca2af6-6ce8-44f7-b145-51fb6ca1ffb5,CUS-01116,705.04,mobile_money,Lagos,Surulere,808e5a351d941f60,2025-02-25 01:09:14,1,1,False
a93eb067-af7c-43c9-878f-0c8bb68163f8,CUS-01265,282.19,pos,Lagos,Mushin,3aa6fe9b92916bd6,2025-02-25 01:38:11,1,1,False
f5d3e95e-b561-4020-b7d3-0d7326653cc8,CUS-01375,362711.31,bank_transfer,Zamfara,Zamfara-Central,0bc8442031e8871c,2025-02-25 01:44:00,1,1,True
b879aace-ef45-403e-b1ec-6d77e126308d,CUS-01078,74865.92,pos,Lagos,Mushin,f93b47fd7d069f48,2025-02-25 01:48:22,1,1,False
b076638f-4fe6-4e68-8b4d-1b8c5fb2acd9,CUS-01691,53053.2,bank_transfer,Abuja FCT,Municipal,cc9d0719ab0013e9,2025-02-25 02:05:48,2,1,False
b19adecf-702a-41be-83ea-eb36c29acbb8,CUS-01662,744341.44,pos,Adamawa,Adamawa-Central,5fb1527086435d69,2025-02-25 04:23:43,4,1,False
689570e2-877f-43a1-8a1d-dcd582b46dd0,CUS-01303,4019.31,pos,Oyo,Ibadan North,da79e85123761826,2025-02-25 05:32:32,5,1,False
e81ab25d-ff19-4290-bed7-1821c14a4e05,CUS-01780,71387.6,ussd,Abuja FCT,Gwagwalada,a824e5361e0d9d92,2025-02-25 06:00:00,6,1,True
41e4dccb-7ffb-47a6-b814-8d84daf5bdb6,CUS-00407,343.26,pos,Lagos,Oshodi-Isolo,9215cf956d43adbc,2025-02-25 06:04:43,6,1,False
a5ce984a-4203-4563-9030-21892ff53bfe,CUS-00778,134.83,bank_transfer,Ondo,Ondo-Central,734366b03ca116fb,2025-02-25 06:11:00,6,1,True
084d61e1-3be2-4d6f-8585-a40551d11cd6,CUS-01780,2193.4,ussd,Bayelsa,Bayelsa-Central,a824e5361e0d9d92,2025-02-25 06:16:00,6,1,True
98f35693-c91a-4b42-bacd-6814eb5e6529,CUS-00778,863.73,pos,Ondo,Ondo-Central,734366b03ca116fb,2025-02-25 06:33:00,6,1,True
f8115b62-27fb-4849-a000-980c1f731ead,CUS-00778,58050.78,ussd,Ondo,Ondo-Central,734366b03ca116fb,2025-02-25 07:00:00,7,1,True
62b1e365-5f70-4ce4-ba24-696111f8255e,CUS-00040,2732.08,bank_transfer,Lagos,Ikorodu,e73bde132eb863ee,2025-02-25 07:20:00,7,1,True
0acbf776-fb1e-4f50-98a9-5013a06a20b5,CUS-00040,380.84,bank_transfer,Lagos,Lagos Mainland,e73bde132eb863ee,2025-02-25 08:02:00,8,1,True
57947ddd-4364-44da-a38a-64580a88e9e6,CUS-00778,493619.23,bank_transfer,Ondo,Ondo-Central,734366b03ca116fb,2025-02-25 08:10:00,8,1,True
3d2717bd-3cc3-4ec1-acc8-6b638919d849,CUS-00040,949190.27,pos,Lagos,Agege,e73bde132eb863ee,2025-02-25 08:22:00,8,1,True
b70aca26-0d08-4f34-925d-4b9cfefd7b68,CUS-00568,402116.9,mobile_money,Kogi,Kogi-Central,dcc0efb50bd6ca59,2025-02-25 08:33:13,8,1,False
6cd10b3b-954b-4a9a-948c-a6a367d9dd36,CUS-00453,12459.25,pos,Kogi,Kogi-Central,540bb66ff44d3712,2025-02-25 08:43:17,8,1,False
e2c14d21-1e41-4193-8a6b-6af24cb6374e,CUS-01151,2945.34,bank_transfer,Bauchi,Bauchi-Central,12846136115c5e9c,2025-02-25 09:03:19,9,1,False
38521365-ae58-44bc-b4cc-0034b668ead7,CUS-01166,1427.2,mobile_money,Bauchi,Bauchi-Central,dcb3d11d5a7e30d1,2025-02-25 09:05:00,9,1,True
7db7c968-a615-4c52-9db5-5249147a914a,CUS-00588,538856.04,mobile_money,Lagos,Eti-Osa,c51cc5de2aafecc0,2025-02-25 09:13:16,9,1,False
cc816ca6-fa04-439d-8158-f87c22829b66,CUS-01370,1636.27,pos,Bayelsa,Bayelsa-Central,488f12e25e074319,2025-02-25 09:19:25,9,1,False
4335daee-bb50-4bb8-ba40-8beb6e64ee2a,CUS-01166,16106.39,bank_transfer,Bauchi,Bauchi-Central,dcb3d11d5a7e30d1,2025-02-25 09:22:00,9,1,True
5e042766-7379-452d-92d9-fe8f524f0335,CUS-01377,79.34,pos,Abuja FCT,Gwagwalada,0df666d41c1ea0b3,2025-02-25 09:24:27,9,1,False
3c4d5a28-4e83-43d1-94b7-252e14c4fb59,CUS-00666,790.91,pos,Lagos,Ikorodu,f78ca29f187b0030,2025-02-25 09:26:44,9,1,False
837a86c0-ff68-457e-9f09-6f4c918b33b5,CUS-01066,3909.48,pos,Lagos,Ikorodu,49a6701b8f3838cc,2025-02-25 09:34:42,9,1,False
6ae71fbe-9f9e-4c80-8212-1ac056f224d4,CUS-01011,4430.73,pos,Ogun,Ogun-Central,cce9d1e841c327a7,2025-02-25 09:36:12,9,1,False
442bb777-0fb3-444c-809f-c8d7ec403565,CUS-01906,304.8,pos,Cross River,Cross River-Central,9558c6a751953314,2025-02-25 09:46:23,9,1,False
4912f264-5fa3-438b-80e4-d4ce302aabe1,CUS-00348,140.65,bank_transfer,Rivers,Port-Harcourt,a772237ddffddff3,2025-02-25 09:57:53,9,1,False
368972aa-ed36-49f9-9aa4-d5bfe8aa16ac,CUS-01625,397486.9,bank_transfer,Anambra,Awka South,a283745fd007033f,2025-02-25 10:01:00,10,1,True
92c54208-c988-4a03-b676-4c94a8eb4b0f,CUS-01099,51106.22,bank_transfer,Kano,Dala,2b981b38772e1c60,2025-02-25 10:04:32,10,1,False
a390a71d-8dbb-46a6-98eb-470f9e9c3569,CUS-01437,1233.38,bank_transfer,Edo,Ikpoba-Okha,686cf0e43bad9564,2025-02-25 10:09:04,10,1,False
66373403-b038-4a05-aa04-182bacbf8382,CUS-01306,50161.04,pos,Ondo,Ondo-Central,5f47559a51fd6588,2025-02-25 10:14:57,10,1,False
2dfbf4f3-ca09-4e61-9588-e87e0651922a,CUS-00713,117.9,pos,Rivers,Oyigbo,93be4c8e97ea3203,2025-02-25 10:33:59,10,1,False
6d91e6b3-2500-438a-a9f0-2a10ab8bcade,CUS-00774,324.01,bank_transfer,Imo,Imo-Central,0cb0597db7a27c83,2025-02-25 10:39:14,10,1,False
49797c3c-fa96-410c-8d3b-12621cbbbeaa,CUS-01249,435.51,bank_transfer,Enugu,Nsukka,0c1ae52223dc0d81,2025-02-25 10:44:22,10,1,False
1394378f-ab17-4203-8a8c-5c3459fb2dc2,CUS-01061,87956.19,pos,Ekiti,Ekiti-Central,483102c8c509fdd4,2025-02-25 10:44:52,10,1,False
f64ca38a-87d5-47c9-aed8-ba9a6d696dc2,CUS-01872,109.72,bank_transfer,Abuja FCT,Gwagwalada,a750e8e541116805,2025-02-25 10:45:47,10,1,False
c004cf4a-4757-4e7f-8720-e3797d3fbcce,CUS-00268,4965.71,pos,Rivers,Obio-Akpor,39eb4d2056be0d8b,2025-02-25 10:48:29,10,1,False
6807e845-a4d0-4d46-b486-7ef8a59ec127,CUS-01126,56890.19,mobile_money,Lagos,Oshodi-Isolo,4dbdfcbd94e9e972,2025-02-25 10:50:28,10,1,False
ae9d3317-53e3-440b-a5c5-1a4abe07389e,CUS-00419,383.22,mobile_money,Osun,Osun-Central,4eebee10696d2ff4,2025-02-25 10:55:48,10,1,False
065415d4-4385-400f-b0af-69df69eccc3c,CUS-00778,1755.27,bank_transfer,Ondo,Ondo-Central,734366b03ca116fb,2025-02-25 11:03:00,11,1,True
cbb17c65-d6bf-483e-b940-4ded4aa8b314,CUS-01166,226.69,mobile_money,Bauchi,Bauchi-Central,dcb3d11d5a7e30d1,2025-02-25 11:07:00,11,1,True
4e6a0fba-68d6-4209-9b42-d5a1d75966ec,CUS-01097,142.17,pos,Lagos,Surulere,8547f78879fe432c,2025-02-25 11:12:18,11,1,False
1aa3ca30-5b65-435b-9c13-27f8005921e5,CUS-01898,20789.14,bank_transfer,Kano,Dala,73da0890ffb3c362,2025-02-25 11:17:46,11,1,False
ba400f3b-8b18-4869-b5b9-df171d57a7c1,CUS-01324,231.66,mobile_money,Ebonyi,Ebonyi-Central,9a86a95dc16a8c44,2025-02-25 11:17:49,11,1,False
5b6da178-9fa4-4e9d-8a91-f3a144bbdd96,CUS-00778,90478.5,pos,Ondo,Ondo-Central,734366b03ca116fb,2025-02-25 11:23:00,11,1,True
b236b8b0-c1b4-4f02-a1bc-ec31b03cc3d3,CUS-01166,977.1,pos,Bauchi,Bauchi-Central,dcb3d11d5a7e30d1,2025-02-25 11:23:00,11,1,True
708bffa3-25ce-401f-ba67-f07fa65a541a,CUS-00573,4029.52,bank_transfer,Enugu,Enugu North,20cc363a9d220ed3,2025-02-25 11:27:21,11,1,False
502ef32b-b5cf-40f3-9578-56d01e0ed06b,CUS-00782,819.5,card,Lagos,Ikorodu,f792e29885654616,2025-02-25 11:33:51,11,1,False
a853af78-a025-4bf9-97bd-424071c77605,CUS-01417,4450.79,mobile_money,Lagos,Ikorodu,b56e5ca0db4f72a5,2025-02-25 11:35:36,11,1,False
b261629f-9150-4ed6-bbf7-e4f6ba4ae41b,CUS-00040,4321.56,ussd,Lagos,Agege,e73bde132eb863ee,2025-02-25 11:36:00,11,1,True
341b4712-edd7-47b8-8870-81ab4fc7ded4,CUS-00778,194.42,ussd,Ondo,Ondo-Central,734366b03ca116fb,2025-02-25 11:39:00,11,1,True
d7b294ea-c400-491e-bf41-66037dcf5828,CUS-00778,35680.63,pos,Ondo,Ondo-Central,734366b03ca116fb,2025-02-25 11:41:00,11,1,True
2ba7f00e-a025-4a04-b9b3-5534df5e5c15,CUS-01166,80.84,bank_transfer,Bauchi,Bauchi-Central,dcb3d11d5a7e30d1,2025-02-25 11:55:00,11,1,True
9d076d10-c86e-4e01-8c95-3b84ee141b24,CUS-00040,346.22,pos,Lagos,Mushin,e73bde132eb863ee,2025-02-25 11:56:00,11,1,True
8007210e-b7db-4be5-9267-4a19e2245fa3,CUS-01213,32394.78,mobile_money,Imo,Imo-Central,762447a64e707775,2025-02-25 12:02:24,12,1,False
1c38a403-d512-4998-b8a2-aa2c08ebc9fa,CUS-00116,1192.82,bank_transfer,Benue,Benue-Central,d7e0fd6901e8b851,2025-02-25 12:16:15,12,1,False
82e44b1d-5340-44bd-adac-23135d6a5278,CUS-01166,130.23,pos,Bauchi,Bauchi-Central,dcb3d11d5a7e30d1,2025-02-25 12:19:00,12,1,True
a5f53a4c-df30-4833-a0df-7ade58fdcc03,CUS-00861,3187.6,pos,Abuja FCT,Bwari,88c623371bdc41ff,2025-02-25 12:19:30,12,1,False
b3f2ffc9-0fe8-431c-9a0d-c42f9d6d7d18,CUS-01959,385.74,pos,Imo,Imo-Central,775c01ed3ecbae4c,2025-02-25 12:22:12,12,1,False
b33abb8b-75ec-44af-a91b-46dc7810220e,CUS-01583,1173.63,ussd,Abuja FCT,Gwagwalada,91b7d62f8a3e011f,2025-02-25 12:26:12,12,1,False
0f69a58c-e28a-481d-b063-b79e08bb5a9f,CUS-01541,18283.73,mobile_money,Lagos,Surulere,1891cd5abfb020bb,2025-02-25 12:30:18,12,1,False
f81181c1-5499-494d-ab3c-045368644890,CUS-00917,306.69,mobile_money,Katsina,Katsina-Central,d31247c5f3e24d3c,2025-02-25 12:30:26,12,1,False
918b53b2-abce-4b61-b1cc-864bda4acaa5,CUS-01748,3878.21,bank_transfer,Kwara,Kwara-Central,e247f88c921fa712,2025-02-25 12:31:01,12,1,False
8390e1bf-4c2f-4a08-80b1-312a1dd86282,CUS-01061,265.69,pos,Ekiti,Ekiti-Central,483102c8c509fdd4,2025-02-25 12:32:47,12,1,False
007abce0-d9a7-433c-b6d9-38684ded12a0,CUS-00778,3213.18,pos,Ondo,Ondo-Central,734366b03ca116fb,2025-02-25 12:37:00,12,1,True
7e9bd688-f4fb-408d-93d5-a90204d96701,CUS-01319,6144.75,mobile_money,Lagos,Alimosho,9dd92bdbfbe0cdc4,2025-02-25 12:37:57,12,1,False
1d8bc055-fbad-4265-bc6f-d9a930413a19,CUS-01166,169.67,ussd,Bauchi,Bauchi-Central,dcb3d11d5a7e30d1,2025-02-25 12:40:00,12,1,True
bcb25876-b2db-4354-8633-8ecdaaf92ad2,CUS-01253,1403.45,pos,Lagos,Lagos Mainland,c8054b1af1495193,2025-02-25 12:40:35,12,1,False
4583cd60-021a-4246-bc3a-bb3e36820826,CUS-01481,195781.55,bank_transfer,Lagos,Surulere,fb1a5782a9cd5080,2025-02-25 12:41:12,12,1,False
a98ea694-74ed-466b-9e76-231c4a72f133,CUS-00316,4875.88,bank_transfer,Rivers,Obio-Akpor,f45621f2c00f78c7,2025-02-25 12:41:32,12,1,False
68390820-44cf-4f84-b9bc-1f02bc112028,CUS-00959,20186.29,mobile_money,Osun,Osun-Central,4636c0b345f47cd9,2025-02-25 12:48:35,12,1,False
4c7f7ff3-1113-482b-b649-58f717164445,CUS-01967,125.7,pos,Rivers,Port-Harcourt,965675831981c69d,2025-02-25 12:51:06,12,1,False
4c11e08c-1001-44b9-9c2b-f43b12c37dbf,CUS-00434,202.06,card,Lagos,Alimosho,eccd3d6c819f827c,2025-02-25 12:51:44,12,1,False
31af6396-cb57-487b-b438-3241a2ece5c7,CUS-01500,64494.33,pos,Abuja FCT,Gwagwalada,b9a3547038ddbc74,2025-02-25 12:57:21,12,1,False
bfac641c-f4e6-4f81-ad58-d712f343b877,CUS-00040,443.65,pos,Lagos,Agege,e73bde132eb863ee,2025-02-25 13:02:00,13,1,True
ae93d48f-1f04-4af4-a1a2-356dbdc6cb0e,CUS-00892,23607.13,mobile_money,Plateau,Plateau-Central,c675c3ac25c15d49,2025-02-25 13:14:54,13,1,False
1252b356-986b-455e-866a-d628eeb084b3,CUS-00888,1551.67,mobile_money,Lagos,Ikeja,1a56ed5070bdfdef,2025-02-25 13:17:30,13,1,False
b719166a-9fca-48af-925d-385b602f3c03,CUS-00040,1765.38,bank_transfer,Lagos,Surulere,e73bde132eb863ee,2025-02-25 13:27:00,13,1,True
4011936f-c6d7-4f46-b266-d3b682e5c2ef,CUS-01383,62622.86,pos,Kano,Nassarawa,72e2369e3382312a,2025-02-25 13:30:56,13,1,False
670332d0-6e99-477a-934a-2b9c43055ff8,CUS-00778,51818.16,mobile_money,Ondo,Ondo-Central,734366b03ca116fb,2025-02-25 13:33:00,13,1,True
0ac5a422-2788-4499-9e91-213bc1ee890f,CUS-00175,11398.84,mobile_money,Lagos,Surulere,8a3e8a30301fd5f1,2025-02-25 13:36:43,13,1,False
981ae739-6666-4a11-94f5-1094d2bf4f68,CUS-00778,92122.58,bank_transfer,Ondo,Ondo-Central,734366b03ca116fb,2025-02-25 14:07:00,14,1,True
7f1e592f-05c4-4919-a879-f27c1069bab0,CUS-01166,86527.01,mobile_money,Bauchi,Bauchi-Central,dcb3d11d5a7e30d1,2025-02-25 14:21:00,14,1,True
8ef2721d-b528-49a7-8d23-bb778f72b73e,CUS-01118,66882.68,pos,Kano,Fagge,9906c287df3d4b3d,2025-02-25 14:25:53,14,1,False
fbf886fa-930c-40bc-baee-a22f74719255,CUS-00733,1039.35,card,Abuja FCT,Gwagwalada,47a5dfc0b178c136,2025-02-25 14:37:37,14,1,False
8843b17b-e3b8-489a-aa21-ee53efb1f374,CUS-00800,4271.13,mobile_money,Edo,Oredo,2cd1fa6472cd8768,2025-02-25 14:48:54,14,1,False
0a8b4ef7-31d5-4f44-854e-5a34eb304cfc,CUS-00040,2450.86,mobile_money,Lagos,Lagos Mainland,e73bde132eb863ee,2025-02-25 14:57:00,14,1,True
13692e4b-bbbf-4bd9-b09e-c1e0de9c251f,CUS-00778,872348.47,pos,Ondo,Ondo-Central,734366b03ca116fb,2025-02-25 14:58:00,14,1,True
737f8737-954a-42cb-b928-5d68932bdeb6,CUS-01798,181526.82,ussd,Lagos,Mushin,da09249edbf8957c,2025-02-25 15:00:50,15,1,False
476bbd5c-3ad1-4369-8c6f-411c14ce77b3,CUS-00040,2484.91,bank_transfer,Lagos,Ikorodu,e73bde132eb863ee,2025-02-25 15:09:00,15,1,True
941142b6-31fe-4338-8cdd-f30ff6f77dec,CUS-00040,341.2,pos,Lagos,Agege,e73bde132eb863ee,2025-02-25 15:11:00,15,1,True
ba86da79-e59e-4693-ade5-c914150e08ce,CUS-01987,2248.35,bank_transfer,Abuja FCT,Municipal,a98ca351ffbd4c11,2025-02-25 15:11:40,15,1,False
0880fc0d-aba3-4888-9e5c-b4ede45d9be1,CUS-00169,2095.35,pos,Kaduna,Zaria,44949f1632f8346a,2025-02-25 15:11:54,15,1,False
b77cec9c-b2ab-45cf-9e23-796955eb9774,CUS-00040,6703.34,pos,Lagos,Ikorodu,e73bde132eb863ee,2025-02-25 15:23:00,15,1,True
010e7880-bea2-4557-8da9-2f0e109aa95f,CUS-00682,1939.28,pos,Lagos,Surulere,302433bbc3220e8a,2025-02-25 15:24:58,15,1,False
b761e496-9904-4ffb-964b-92623bc091c4,CUS-01561,320.07,mobile_money,Lagos,Eti-Osa,e4806e2d6e74cc83,2025-02-25 15:26:08,15,1,False
cccc2611-a898-4098-b517-956907bd5625,CUS-01424,4064.02,mobile_money,Ogun,Ogun-Central,7052b17000d2fcfa,2025-02-25 15:34:12,15,1,False
b33fd9f4-b2d8-4e25-9ed4-a85ea52bc692,CUS-00040,3687.66,pos,Lagos,Surulere,e73bde132eb863ee,2025-02-25 15:36:00,15,1,True
dcd7764f-2ea6-4f57-bdf2-eeb9a495d902,CUS-00898,3346.25,bank_transfer,Lagos,Surulere,836f5054e1ab3d9e,2025-02-25 15:42:23,15,1,False
4fe8d935-364e-47d1-b949-36daf70d18be,CUS-00712,654384.59,pos,Abuja FCT,Bwari,0560c126f7848a94,2025-02-25 15:48:31,15,1,False
68572b7b-a5ed-454d-984e-acedd739be14,CUS-00040,599653.49,pos,Lagos,Mushin,e73bde132eb863ee,2025-02-25 15:49:00,15,1,True
d1af7610-ec1a-4265-8a04-7fa63f246a6f,CUS-00771,515975.54,bank_transfer,Borno,Borno-Central,d59a3a8ad97e5503,2025-02-25 16:29:00,16,1,True
b93aee64-e3a5-4522-a24b-7fb8604cf825,CUS-00375,339.29,pos,Kano,Dala,83cdeb9a127a29d9,2025-02-25 16:32:04,16,1,False
6886f066-05e2-4136-a11f-533dee7d5536,CUS-01075,4754.11,ussd,Rivers,Oyigbo,6acbe7b85ae03a41,2025-02-25 16:36:33,16,1,False
006a0cc4-f995-4dfe-9cdd-a37c4774ccce,CUS-00073,80430.6,pos,Benue,Benue-Central,0e306f57f0b24260,2025-02-25 16:41:05,16,1,False
dd2d73fc-a6bf-47c5-86d5-0da0eb414ba5,CUS-00040,49078.98,bank_transfer,Lagos,Mushin,e73bde132eb863ee,2025-02-25 16:43:00,16,1,True
f2ec827e-61a0-440b-a97f-ebf81b7b690e,CUS-01048,95672.66,bank_transfer,Zamfara,Zamfara-Central,5ead41bb0faa4328,2025-02-25 16:50:21,16,1,False
49a1c8f7-9c2f-4a73-a5be-04931bbd5991,CUS-01453,399.2,pos,Oyo,Ibadan South-West,fee6248a5b22adcf,2025-02-25 16:52:53,16,1,False
bf9672a0-6e9b-4ba9-8178-30040206e170,CUS-01617,732514.92,mobile_money,Delta,Oshimili South,649e38bb07b7b488,2025-02-25 16:58:03,16,1,False
a2c32eaf-c062-4da0-8977-4d8337eff60e,CUS-01146,606117.57,ussd,Imo,Imo-Central,76f5ffdd3a544aea,2025-02-25 17:02:44,17,1,False
9d45b53b-16f2-4b5d-a622-2360c7b3e907,CUS-01917,74936.06,bank_transfer,Kaduna,Zaria,2b0ecdd673e9f7e2,2025-02-25 17:09:56,17,1,False
3cd34c6b-cc2d-44c9-8c09-55c85dcd5263,CUS-00751,30735.11,mobile_money,Gombe,Gombe-Central,e8ab3e2376d24773,2025-02-25 17:10:05,17,1,False
bd23b1e6-a64e-489b-baff-c521b8364685,CUS-00778,456.57,mobile_money,Ondo,Ondo-Central,734366b03ca116fb,2025-02-25 17:11:00,17,1,True
8fd5a30d-2a1d-4e82-b847-a6aa8f040c44,CUS-00124,480.98,card,Lagos,Ikeja,e28d9b0a17e761c8,2025-02-25 17:16:38,17,1,False
9a64851a-b7ec-4849-bded-aecdc9374346,CUS-01033,45407.43,pos,Lagos,Surulere,3fe6d62b7438da14,2025-02-25 17:19:12,17,1,False
3988c547-7b83-47b9-bba1-8abbd1280184,CUS-01715,84.51,pos,Ogun,Ogun-Central,542b8868a3076c1b,2025-02-25 17:23:34,17,1,False
c1626670-da13-4193-99cd-72535d248dc9,CUS-01098,360.39,pos,Abia,Abia-Central,311eb4d69dc7f861,2025-02-25 17:24:32,17,1,False
22decf39-fd37-430e-9b86-e77adde6bce4,CUS-00300,31433.08,pos,Lagos,Agege,4fcd148b58c99584,2025-02-25 17:24:35,17,1,False
ce295a17-b94d-4f63-81d0-b4c843289112,CUS-01166,23062.73,pos,Bauchi,Bauchi-Central,dcb3d11d5a7e30d1,2025-02-25 17:28:00,17,1,True
96bad7a7-57e0-4a15-b29e-7be55a82d134,CUS-00242,484.25,bank_transfer,Taraba,Taraba-Central,3124ecd59d09a780,2025-02-25 17:31:19,17,1,False
de370942-b1ed-4141-9b0c-de36c96d7272,CUS-00288,20782.48,bank_transfer,Kano,Kumbotso,2303bb40e0492b07,2025-02-25 17:43:52,17,1,False
fed6ad1c-84c1-46a8-bd77-709d0839cd64,CUS-01795,78343.95,bank_transfer,Enugu,Enugu North,8bb741d421fd10f3,2025-02-25 18:00:00,18,1,True
1c8362a7-4366-48df-8313-b68857058d3f,CUS-01795,3356.28,mobile_money,Zamfara,Zamfara-Central,8bb741d421fd10f3,2025-02-25 18:13:00,18,1,True
200a68d0-3eea-4243-ba93-7b34ce55e7c1,CUS-01166,696.74,mobile_money,Bauchi,Bauchi-Central,dcb3d11d5a7e30d1,2025-02-25 18:15:00,18,1,True
e75fa0af-b048-4849-b93e-0f0fde344485,CUS-00165,478.13,card,Bauchi,Bauchi-Central,da9388b31798113b,2025-02-25 18:15:03,18,1,False
354cf521-65cd-484e-a5e9-4ab8a95b8862,CUS-00006,412.51,bank_transfer,Lagos,Oshodi-Isolo,8e398bc1cbdc78d0,2025-02-25 18:16:18,18,1,False
d7f33d93-524f-40bd-ba48-9547c6fc998e,CUS-01632,40831.55,bank_transfer,Delta,Warri South,d46257dd5672aef5,2025-02-25 18:25:59,18,1,False
72364942-32b8-4d80-acef-51494a9ae3bc,CUS-01381,818.28,bank_transfer,Rivers,Oyigbo,f4b4ef6860ca96ae,2025-02-25 18:29:54,18,1,False
038eebd7-be47-46c0-a07f-37bbcad3dd9e,CUS-00345,2276.04,mobile_money,Kaduna,Zaria,808e7a5c5a97600f,2025-02-25 18:35:47,18,1,False
108b202d-4cbd-4e5f-af22-35ca9c59074b,CUS-01298,66217.64,pos,Enugu,Enugu North,8316a52fadfdb58f,2025-02-25 18:48:00,18,1,False
cdfb2ad8-d99d-4471-9b7b-76cab939cea6,CUS-00778,3356.16,mobile_money,Ondo,Ondo-Central,734366b03ca116fb,2025-02-25 19:08:00,19,1,True
4e853305-5077-4701-95d5-8a2fa48a2f79,CUS-01946,2693.72,mobile_money,Rivers,Eleme,8f33926c4fee8d7b,2025-02-25 19:36:05,19,1,False
d7663f6e-2e7d-407a-b056-109ed0b6a5f3,CUS-00895,86507.53,ussd,Lagos,Ikorodu,f7e2a24175197bc0,2025-02-25 19:38:39,19,1,False
34c185a9-6581-42b1-942c-fec31c3904af,CUS-01198,58029.66,pos,Osun,Osun-Central,01873dcabd0cc646,2025-02-25 20:00:46,20,1,False
2af6a6f9-75da-473d-8519-ffec0eae1a66,CUS-01922,50814.11,pos,Enugu,Enugu East,60e84694f42e0092,2025-02-25 20:07:52,20,1,False
4be00efe-3ad5-4428-a618-cda8d2f992ca,CUS-01536,923925.69,pos,Lagos,Alimosho,72eadab8e3304187,2025-02-25 20:15:53,20,1,False
02aa4b8f-b134-473d-b8db-3115ef0c93f0,CUS-01071,14649.35,bank_transfer,Lagos,Kosofe,2c2aba826c5a47ac,2025-02-25 20:17:32,20,1,False
bbd91230-2db6-40a7-8628-eb304879af9f,CUS-00636,269597.7,card,Oyo,Ibadan South-West,0e03d5f724baf012,2025-02-25 20:18:53,20,1,False
6b2c5fdb-dca6-4a89-899f-4d8c3ff5162b,CUS-00932,12088.26,pos,Ekiti,Ekiti-Central,374aee3835989866,2025-02-25 20:21:33,20,1,False
e64061d2-c13c-4db5-a7b9-9eb4b9ab5701,CUS-01305,19000.78,pos,Zamfara,Zamfara-Central,dfc9ae6662f00748,2025-02-25 20:22:16,20,1,False
fc9f8e55-239a-4b00-855a-079fa3619bd0,CUS-00641,77009.52,pos,Kano,Fagge,c1fd4d3150507d26,2025-02-25 20:28:38,20,1,False
ebf76198-0e30-4f4f-841d-dd48a18f901d,CUS-01512,50976.65,card,Cross River,Cross River-Central,a41949725c54d7c9,2025-02-25 20:40:09,20,1,False
30914e3d-2e65-4c13-b139-7c14e8654821,CUS-00320,4279.7,ussd,Oyo,Ibadan North,6a2a65b7ec515355,2025-02-25 20:43:38,20,1,False
0c54b7e8-dfab-4704-969a-21985cad2584,CUS-01994,66478.26,bank_transfer,Osun,Osun-Central,24889af499de1e57,2025-02-25 21:03:27,21,1,False
e6cd481e-a2b5-4254-8c37-f40793e5e7f4,CUS-01069,492.58,mobile_money,Kano,Nassarawa,b069407252ab93ec,2025-02-25 21:18:07,21,1,False
a25d6e3a-bd93-417c-8a52-b124106d7209,CUS-01822,130.79,mobile_money,Kaduna,Kaduna North,f65aa8becffa4ce7,2025-02-25 21:18:16,21,1,False
f3314fee-ae01-4899-a265-98a18177720b,CUS-01823,530.58,pos,Abia,Abia-Central,7549cb46f8c38da9,2025-02-25 21:19:46,21,1,False
c3190993-1a9d-4ea7-a7a4-4eaf77effb45,CUS-01643,1592.62,mobile_money,Enugu,Enugu East,58497d8fc184faec,2025-02-25 21:26:38,21,1,False
8af301c2-613e-4f00-8410-1e74890e85b9,CUS-00823,88.74,pos,Rivers,Oyigbo,b3add7a8eb98092a,2025-02-25 21:29:24,21,1,False
d89f5b80-c5c2-40e5-bca8-032cb7dcd914,CUS-00002,1468.51,ussd,Ondo,Ondo-Central,f91bdce8d9b190e6,2025-02-25 21:31:55,21,1,False
a30d2d45-5da1-49a0-98e7-2ed0a8e78ce2,CUS-00403,56813.24,pos,Plateau,Plateau-Central,4cc2a310dd5e1b80,2025-02-25 21:38:44,21,1,False
529edf82-34e0-4138-9ac0-3622f5a54afc,CUS-00778,38625.55,bank_transfer,Ondo,Ondo-Central,734366b03ca116fb,2025-02-25 21:41:05,21,1,False
3c529410-2cfa-4687-bfcd-893b0e35d67c,CUS-01185,56175.88,bank_transfer,Gombe,Gombe-Central,a6b4370cecc956b7,2025-02-25 21:47:51,21,1,False
ffbd41dc-560f-4955-8069-27fa5e01786b,CUS-01253,71257.54,pos,Lagos,Ikorodu,c8054b1af1495193,2025-02-25 21:51:27,21,1,False
c0cc68a9-5115-4176-bea9-092bc396aafb,CUS-01933,374.14,pos,Kaduna,Kaduna South,5d04ebb0603b769c,2025-02-25 21:53:32,21,1,False
63963172-54a4-4d09-b2be-173e95e25189,CUS-01981,278.54,mobile_money,Benue,Benue-Central,2e3ca59fe7d431e5,2025-02-25 21:57:43,21,1,False
0aed74b1-f0c1-4b0d-98f8-901955789081,CUS-01358,89976.59,mobile_money,Kano,Tarauni,c30937aaf9c93ce0,2025-02-25 21:58:11,21,1,False
22cc67d7-123f-470d-bd7b-616e24da9538,CUS-00040,2777.44,pos,Lagos,Agege,e73bde132eb863ee,2025-02-25 22:05:00,22,1,True
6e0af3cc-d880-414a-9a1e-9ec927f123b0,CUS-00778,62074.7,card,Ondo,Ondo-Central,734366b03ca116fb,2025-02-25 22:09:00,22,1,True
0f502b7d-bdfb-4c53-93a0-a75f59b83f07,CUS-00221,5392.08,bank_transfer,Oyo,Ogbomoso,0b20f20794d35aec,2025-02-25 22:23:17,22,1,False
9ab6b800-9592-4e00-a4b5-0d9fc8a905ed,CUS-00191,4909.43,ussd,Nassarawa,Nassarawa-Central,056cff2c5ac13239,2025-02-25 22:44:33,22,1,False
4f68b436-5a96-4b99-8a25-4dc680f3e78b,CUS-01166,19170.28,ussd,Bauchi,Bauchi-Central,dcb3d11d5a7e30d1,2025-02-25 22:52:00,22,1,True
2990e109-b782-4520-98e2-9ab8bc030852,CUS-00666,120.89,pos,Lagos,Kosofe,f78ca29f187b0030,2025-02-26 00:53:41,0,2,False
7d9019e5-d603-4997-9f4e-83aa8fdb6bae,CUS-01532,3066.94,pos,Ondo,Ondo-Central,ef2c51163b7b1b11,2025-02-26 04:21:00,4,2,False
5cbdff5a-05f3-4008-ac9a-931d57099867,CUS-01017,29876.26,bank_transfer,Oyo,Ibadan South-West,f8aac67eec4ac97e,2025-02-26 05:17:48,5,2,False
076ad55c-ea3c-4825-bf95-0b1d44534c61,CUS-01289,153.46,bank_transfer,Lagos,Oshodi-Isolo,071f24dd723ca26b,2025-02-26 06:03:00,6,2,True
a2302843-fe23-4c42-a6a1-a73f37eb9929,CUS-01289,485.19,bank_transfer,Lagos,Surulere,071f24dd723ca26b,2025-02-26 06:41:00,6,2,True
1a4a16f8-6fb5-4ffd-a473-1f86fc4355cb,CUS-01517,162.1,pos,Nassarawa,Nassarawa-Central,beeded9bdc46ff19,2025-02-26 07:15:16,7,2,False
0c82d167-455c-4cf6-8db8-ad08bf98da38,CUS-00893,195.14,mobile_money,Rivers,Oyigbo,e86cf8938c710ffe,2025-02-26 07:25:41,7,2,False
dda9c4f4-950e-48e8-a69b-c33d0297e946,CUS-00487,227.94,ussd,Kano,Tarauni,421f45f1a22d16d0,2025-02-26 07:28:47,7,2,False
06fae837-997f-4b00-b771-b8bc472b8a84,CUS-01668,53393.9,pos,Lagos,Eti-Osa,b9c57314348e2c32,2025-02-26 07:44:59,7,2,False
6e472e78-eef4-4111-8e5e-78f51c530e80,CUS-01248,16260.34,ussd,Adamawa,Adamawa-Central,c5a6a2858112bc45,2025-02-26 08:12:17,8,2,False
d9b8b2de-3d8e-435b-866b-7c8ab1fa03a9,CUS-01648,54810.37,bank_transfer,Abia,Abia-Central,fed032d7d6ce8d9b,2025-02-26 08:13:07,8,2,False
8f11fe7b-3da8-46dc-8056-5dc3293c0618,CUS-00955,3810.35,mobile_money,Rivers,Port-Harcourt,4cbfd8122c26b3ff,2025-02-26 08:30:38,8,2,False
22f113b1-1100-4abf-a5be-ddbadddedc3a,CUS-01775,325.1,ussd,Kano,Dala,d9a299ad346ab25c,2025-02-26 08:33:50,8,2,False
69ba4b57-a3ea-41ec-87f9-cfa62d322cc6,CUS-01289,657.05,pos,Lagos,Lagos Mainland,071f24dd723ca26b,2025-02-26 08:57:00,8,2,True
6406af93-9633-44f1-9d9c-2d2cd195e105,CUS-01184,2629.82,mobile_money,Kano,Gwale,1240f0ee08331360,2025-02-26 09:00:00,9,2,True
37814f25-0317-4373-abe2-1156f8a3a8bb,CUS-00033,2380.92,bank_transfer,Katsina,Katsina-Central,aa5d722eb3b158d1,2025-02-26 09:04:24,9,2,False
639234f9-ad07-41ce-a13b-0ec6d3dcedbf,CUS-00055,67278.64,pos,Adamawa,Adamawa-Central,59d4333d73c25113,2025-02-26 09:07:19,9,2,False
399a0b05-8a26-4cd8-803b-9309e6c18479,CUS-00695,2902.11,bank_transfer,Kaduna,Kaduna South,81e192968c626dfd,2025-02-26 09:17:29,9,2,False
a8552074-4dd9-4174-ac7b-8789679b079e,CUS-01184,92788.32,ussd,Delta,Warri South,1240f0ee08331360,2025-02-26 09:20:00,9,2,True
3d32bbdf-dffc-4dac-ac6e-81ceb35610a5,CUS-00277,3070.94,bank_transfer,Delta,Oshimili South,05fd2ce1901ce713,2025-02-26 09:30:54,9,2,False
deee0c73-c28f-4446-a912-a084cb14f97c,CUS-00990,83172.99,pos,Imo,Imo-Central,867cc7228b2daf96,2025-02-26 09:33:25,9,2,False
7b04f700-1c29-4e09-9df8-d70315100fdf,CUS-00140,101.9,mobile_money,Akwa Ibom,Akwa Ibom-Central,26931b3f53dc8f43,2025-02-26 09:34:44,9,2,False
3337c506-54eb-4f6a-88eb-c1f89b0c1ce2,CUS-01473,2608.0,mobile_money,Rivers,Port-Harcourt,6df05e876f192478,2025-02-26 09:40:47,9,2,False
ac8c7652-aa62-4e2e-9869-1757075bcf38,CUS-01643,3295.86,ussd,Enugu,Nsukka,58497d8fc184faec,2025-02-26 09:46:11,9,2,False
3bc1cdb5-7d06-4765-8e19-145d735465ff,CUS-01909,200.86,pos,Lagos,Mushin,7b480d3a742ac838,2025-02-26 09:58:25,9,2,False
4e3fd578-3a1b-438e-82ca-3b94eaca4681,CUS-00758,84507.48,mobile_money,Nassarawa,Nassarawa-Central,939287cb470a4cbe,2025-02-26 09:58:59,9,2,False
58460ef3-5dae-4d7e-8d5d-3285727e6721,CUS-01412,213.09,pos,Kano,Dala,f6ccae4908f13600,2025-02-26 10:03:26,10,2,False
15432522-9910-445f-b2bc-a892bd4957b7,CUS-00195,53940.87,bank_transfer,Kano,Fagge,34442a744fa9c028,2025-02-26 10:16:29,10,2,False
5b1ae99d-842d-48ed-b5b4-541166b21e0c,CUS-01213,451265.41,mobile_money,Imo,Imo-Central,762447a64e707775,2025-02-26 10:17:59,10,2,False
cf78ce9b-e68f-445b-96ea-bf3497bb97d1,CUS-00887,856.59,bank_transfer,Lagos,Ikorodu,74a921feddc38382,2025-02-26 10:18:42,10,2,False
40ad4b2d-88cf-496a-b508-95199a85d361,CUS-01717,370.1,pos,Edo,Oredo,22ed1abc7ef41eb3,2025-02-26 10:25:03,10,2,False
b91833ab-82f4-43de-805b-6069289d39b2,CUS-00013,319.4,pos,Lagos,Alimosho,c3b8b5c1699a40c1,2025-02-26 10:25:57,10,2,False
a0590917-db4f-4213-977b-30c71a60587d,CUS-01551,866.47,pos,Kaduna,Kaduna South,edf0c9922b691d14,2025-02-26 10:29:34,10,2,False
61b91562-43ba-4679-8f85-b94dafb77c61,CUS-01166,76361.68,ussd,Bauchi,Bauchi-Central,dcb3d11d5a7e30d1,2025-02-26 10:33:38,10,2,False
0e737eb9-f6b0-48cf-9608-b8c343a7d80e,CUS-01054,677951.93,mobile_money,Ogun,Ogun-Central,dbecb9c21b3aca89,2025-02-26 10:39:09,10,2,False
5a04295b-4034-41d8-a936-2aa0546309e2,CUS-01353,116.91,bank_transfer,Ondo,Ondo-Central,50b981c8ef346316,2025-02-26 10:39:39,10,2,False
2b23db76-3bca-48e8-91c5-49a3f4c176a3,CUS-01204,3919.77,mobile_money,Abuja FCT,Kuje,7fc10fe4ca5124d6,2025-02-26 10:40:03,10,2,False
65981fdf-4c06-41cf-ac83-edc4d15324ec,CUS-01289,21741.14,pos,Lagos,Ikorodu,071f24dd723ca26b,2025-02-26 10:47:00,10,2,True
bc1907b5-2584-484e-a6b0-43e970958307,CUS-00969,348.53,bank_transfer,Abuja FCT,Kuje,16437dc8de01cc12,2025-02-26 10:48:36,10,2,False
de08227e-f8ad-41dc-9b9d-245d027ef092,CUS-00169,792789.03,pos,Kaduna,Zaria,44949f1632f8346a,2025-02-26 10:51:50,10,2,False
2ef1aa60-1ca1-4fb7-9066-00f4be78f0cd,CUS-01160,1030.71,ussd,Kaduna,Zaria,ff647bdc0d9b8867,2025-02-26 11:00:00,11,2,True
2c848516-92a7-46be-9bd0-996d1bde2d64,CUS-00843,1974.24,card,Cross River,Cross River-Central,a483f396675a2c69,2025-02-26 11:12:07,11,2,False
6902a95c-20a4-4222-ada6-839db3a7979c,CUS-00067,41727.25,pos,Benue,Benue-Central,2ce9fcf68f9d3141,2025-02-26 11:16:49,11,2,False
0d95cafb-f034-43dd-8b94-6e751e1cb85e,CUS-01289,3870.71,pos,Lagos,Kosofe,071f24dd723ca26b,2025-02-26 11:18:00,11,2,True
3678a242-97f7-4a4c-89a8-fd68586750e2,CUS-01226,550.36,pos,Rivers,Oyigbo,def91623b5e943da,2025-02-26 11:18:57,11,2,False
22e26061-ea44-4083-8343-fc01a7f35add,CUS-01160,1966.42,mobile_money,Cross River,Cross River-Central,ff647bdc0d9b8867,2025-02-26 11:19:00,11,2,True
da6ec0d2-aea6-41e3-b195-fb4870e3f7cb,CUS-00700,2329.17,bank_transfer,Oyo,Oyo East,4aef78b85c3be624,2025-02-26 11:29:49,11,2,False
e344a87f-a5c7-40e4-982d-4cfb4fcc5d93,CUS-01262,4276.89,bank_transfer,Kano,Nassarawa,1ab742983a1d648b,2025-02-26 11:30:11,11,2,False
0fbf41a1-7ca1-48b1-ad39-cd06f98358be,CUS-01993,4513.53,pos,Lagos,Surulere,dd874e83d9f452d4,2025-02-26 11:46:26,11,2,False
3dec6ea9-3a9d-4caa-840e-e4ac93ac700c,CUS-00999,2981.12,ussd,Abuja FCT,Municipal,8dbc71eab1346379,2025-02-26 11:48:22,11,2,False
77cb79e7-78ec-4d2e-a7f2-75bd59ccaf53,CUS-00085,34692.63,bank_transfer,Kano,Gwale,bbe1ca633613948f,2025-02-26 11:55:34,11,2,False
b9dec774-2689-400e-b1f3-0f95fc1f363b,CUS-01365,61698.68,bank_transfer,Lagos,Lagos Mainland,75e449b0c77e704e,2025-02-26 11:57:19,11,2,False
0b0a86a5-39f5-4146-9b83-944fb3565a25,CUS-00384,57859.36,pos,Osun,Osun-Central,89758c2aa439d576,2025-02-26 11:58:19,11,2,False
a2538f9e-4d85-4d4f-8fc7-3d6d320655ab,CUS-01429,2598.76,bank_transfer,Zamfara,Zamfara-Central,0844d2ec77bed896,2025-02-26 12:13:19,12,2,False
3831825c-571b-4d00-a753-a1bcfad18715,CUS-00721,98234.49,mobile_money,Lagos,Lagos Mainland,d0dc71258440f880,2025-02-26 12:21:46,12,2,False
9bbfec4e-c3be-4814-b7ba-b90a1ab36c2e,CUS-01289,2290.82,ussd,Lagos,Ikorodu,071f24dd723ca26b,2025-02-26 12:41:00,12,2,True
d5df7545-313b-4d7a-a888-5180e78a4505,CUS-01482,44421.09,bank_transfer,Oyo,Ogbomoso,304c1b645c7fc091,2025-02-26 12:51:41,12,2,False
bb334082-a8bd-47cf-be68-90f1b98f2c22,CUS-01753,114.62,mobile_money,Lagos,Ikeja,6711f7f87a08894a,2025-02-26 12:53:18,12,2,False
3282fe05-f796-45fe-b9ba-6cb93ee33161,CUS-01423,628638.71,mobile_money,Lagos,Surulere,9b4a9315bbdb7cca,2025-02-26 12:58:56,12,2,False
3fe13b69-2919-4c61-9c78-b7554e74a9e9,CUS-00413,62285.41,pos,Oyo,Ibadan North,5f8b7caf2b8b3341,2025-02-26 13:06:47,13,2,False
d1af9951-41e8-4a2e-b7b0-b5d792e4c645,CUS-00718,58187.86,mobile_money,Lagos,Oshodi-Isolo,c61f22f1a32fbbb4,2025-02-26 13:07:55,13,2,False
9ddfeb8a-a42a-48e1-a887-4b7add21f24d,CUS-01903,28815.5,pos,Lagos,Ikeja,c66db09d52261777,2025-02-26 13:10:15,13,2,False
9659caad-f8c7-4c77-89f9-877f8bced93f,CUS-01152,512821.2,mobile_money,Edo,Egor,72ad6ac72ade3ab7,2025-02-26 13:15:49,13,2,False
8e221db7-c92b-4808-842c-1b382b573dff,CUS-01289,62058.33,bank_transfer,Lagos,Alimosho,071f24dd723ca26b,2025-02-26 13:19:00,13,2,True
9d70628f-ed3e-4069-a6e4-21408a4ae5ff,CUS-01495,39621.44,pos,Anambra,Onitsha North,336384e20cab2a52,2025-02-26 13:28:47,13,2,False
0cea3d87-7945-47d1-9dfa-f2e3f01d9de3,CUS-00828,94638.73,pos,Osun,Osun-Central,9a1f4e8803f68e25,2025-02-26 13:28:53,13,2,False
84529230-8ee5-4c53-9133-ea8882e69a1b,CUS-00999,497.07,ussd,Abuja FCT,Municipal,8dbc71eab1346379,2025-02-26 13:34:02,13,2,False
f0c7210c-dad9-4985-96cb-5728b89bee43,CUS-01898,52328.13,bank_transfer,Kano,Kumbotso,73da0890ffb3c362,2025-02-26 13:34:24,13,2,False
b6765245-abdd-4563-b6fc-5b667c465ab5,CUS-00055,1656.36,bank_transfer,Adamawa,Adamawa-Central,59d4333d73c25113,2025-02-26 14:16:31,14,2,False
1ac9cf9d-4b1f-4f1f-b996-82638da3495e,CUS-00720,13836.34,ussd,Gombe,Gombe-Central,54d663ff2bd1e6ff,2025-02-26 14:20:48,14,2,False
e0b20c8e-080f-45e3-9a38-c0015b245d81,CUS-01195,4840.03,bank_transfer,Zamfara,Zamfara-Central,6491ebee069e0ad3,2025-02-26 14:23:30,14,2,False
d92afa57-cba4-4a3d-ac1d-749a0436b6c3,CUS-01289,58372.4,bank_transfer,Lagos,Alimosho,071f24dd723ca26b,2025-02-26 14:25:00,14,2,True
76a60437-bf7f-4561-813b-8fad21d4633f,CUS-00379,75082.17,mobile_money,Kano,Fagge,97ab9ee55a7e362b,2025-02-26 14:25:53,14,2,False
6ea4f431-dba7-4a99-90d2-f93ef0cb707e,CUS-01506,144.73,card,Oyo,Ogbomoso,efe1b8482f5357dc,2025-02-26 14:26:57,14,2,False
54cc2138-08c6-4a89-bcae-c15fce7e0fe4,CUS-00473,556809.8,pos,Niger,Niger-Central,941680179217c16f,2025-02-26 14:34:00,14,2,False
d0e140a9-8d32-4b63-929b-aa551ae23043,CUS-00478,13334.79,mobile_money,Bayelsa,Bayelsa-Central,a01da1f680707d34,2025-02-26 14:36:16,14,2,False
4e6a5983-ce7e-4304-a9da-f832f4347f6e,CUS-01729,573165.68,bank_transfer,Kaduna,Zaria,14cfd0e04dac2451,2025-02-26 14:39:09,14,2,False
e4abba27-e790-4d2e-afb4-a5dad449b8c0,CUS-01616,81081.27,bank_transfer,Ogun,Ogun-Central,be333283103f5129,2025-02-26 14:43:08,14,2,False
6d434575-dcd6-4928-a8e9-b3a1bd7f62f2,CUS-00804,833400.95,bank_transfer,Rivers,Port-Harcourt,77e85fd09a04681d,2025-02-26 14:51:17,14,2,False
a9885434-8d72-4cf5-b095-0a0d2bdb73a7,CUS-01007,12700.47,pos,Borno,Borno-Central,571abb9ccdcae687,2025-02-26 14:51:50,14,2,False
3a56c6ca-4c1d-4865-b817-522f47323bdc,CUS-01066,447.8,pos,Lagos,Oshodi-Isolo,49a6701b8f3838cc,2025-02-26 15:01:07,15,2,False
a15ff5a5-e3f1-4799-b538-1129a9abf6a8,CUS-00040,2011.33,ussd,Lagos,Kosofe,e73bde132eb863ee,2025-02-26 15:02:47,15,2,False
0b096194-cd44-4fb1-a3b1-eed86119a530,CUS-01151,24894.68,pos,Bauchi,Bauchi-Central,12846136115c5e9c,2025-02-26 15:03:10,15,2,False
8241fa03-c4ec-4831-a736-b347a34c8281,CUS-01598,39927.51,bank_transfer,Lagos,Ikorodu,4fb23adca810bdd7,2025-02-26 15:08:21,15,2,False
71af1141-e00a-4e18-b268-cdcbbf088dfb,CUS-00208,4439.02,pos,Lagos,Oshodi-Isolo,08eee00617f1ad2c,2025-02-26 15:20:47,15,2,False
53695ddd-2d9b-4658-8713-0e739e5e3151,CUS-00168,303241.95,ussd,Lagos,Eti-Osa,ffd3c25c7bec8d15,2025-02-26 15:30:51,15,2,False
2d7c2d5f-8831-4043-8099-c1d02637c1d4,CUS-01727,340.87,pos,Ogun,Ogun-Central,7011c30208d82b3b,2025-02-26 15:31:09,15,2,False
846067ef-60fe-4df3-9a99-f41d64cdf054,CUS-00809,184.89,mobile_money,Lagos,Kosofe,db69bf71f5a9ddc6,2025-02-26 15:55:38,15,2,False
174da5ba-299f-4a41-b86a-ee2187d49b86,CUS-00502,954715.08,bank_transfer,Kano,Dala,80efa17caf89343a,2025-02-26 16:01:09,16,2,False
984fa3f9-7640-4d9f-bb8d-8f9bb21e1ef5,CUS-01289,88.91,pos,Lagos,Ikeja,071f24dd723ca26b,2025-02-26 16:03:00,16,2,True
b7de1e1d-281d-422d-a869-0e9830756d25,CUS-01289,319.39,pos,Lagos,Oshodi-Isolo,071f24dd723ca26b,2025-02-26 16:13:00,16,2,True
97f95d4f-148b-48d3-92ed-2d07d3ceef4d,CUS-01563,1843.03,bank_transfer,Kano,Fagge,dd45ddf89763dce5,2025-02-26 16:32:50,16,2,False
9d46095b-a412-4056-9c5a-c43ff3b63a86,CUS-01716,65006.23,pos,Lagos,Kosofe,876514bdb0606ae7,2025-02-26 16:32:58,16,2,False
835c4b34-6b31-4a18-8136-33cfb4a7c6c1,CUS-00446,1951.83,pos,Ogun,Ogun-Central,a54ec969ae4fe771,2025-02-26 16:44:35,16,2,False
cfad1199-6b96-4e24-a58c-5423fef0a0f8,CUS-00063,348.24,bank_transfer,Kano,Tarauni,a36558e5a3b91b6e,2025-02-26 16:49:36,16,2,False
1071f737-8b97-4b31-8608-e871ad5126de,CUS-01417,20220.95,bank_transfer,Lagos,Alimosho,b56e5ca0db4f72a5,2025-02-26 16:50:54,16,2,False
9a49ceff-2cca-4bde-8d9a-291380ee35fa,CUS-00574,48175.89,bank_transfer,Sokoto,Sokoto-Central,14aafd8c2d7338af,2025-02-26 17:01:00,17,2,False
314df509-9706-4163-81c3-d1fecfd3df86,CUS-00550,476.15,pos,Abuja FCT,Kuje,2a98951d2a24f072,2025-02-26 17:02:00,17,2,True
ea4a43f1-9dc8-4401-a4fa-d6eb1df6a459,CUS-00550,122.0,mobile_money,Abuja FCT,Gwagwalada,2a98951d2a24f072,2025-02-26 17:02:00,17,2,True
794f8b0b-1aa2-4e5f-88e7-11001271e77e,CUS-01903,407.64,pos,Lagos,Eti-Osa,c66db09d52261777,2025-02-26 17:06:00,17,2,True
d980d2d8-57da-44c2-9cd0-e2ff23328b4c,CUS-01011,17466.37,pos,Ogun,Ogun-Central,cce9d1e841c327a7,2025-02-26 17:06:26,17,2,False
a2046b60-b2fb-4851-86f5-1368d567c33a,CUS-00550,200.25,pos,Abuja FCT,Municipal,2a98951d2a24f072,2025-02-26 17:09:00,17,2,True
10a57a92-ad38-44a3-81e2-19d2b522ac25,CUS-01903,489.02,mobile_money,Lagos,Kosofe,c66db09d52261777,2025-02-26 17:09:00,17,2,True
cd9e2837-893b-4c1d-bf51-6770994d5699,CUS-00550,412.41,ussd,Abuja FCT,Kuje,2a98951d2a24f072,2025-02-26 17:09:00,17,2,True
00525ce2-21ca-479b-9cfa-14368490551b,CUS-01903,338.21,ussd,Lagos,Kosofe,c66db09d52261777,2025-02-26 17:11:00,17,2,True
1b47a16a-4311-4125-8443-8204e9fa82f0,CUS-00550,458.5,mobile_money,Abuja FCT,Municipal,2a98951d2a24f072,2025-02-26 17:11:00,17,2,True
28e21675-a2d9-4dc5-adcc-931b26acecaa,CUS-01441,2908.48,pos,Lagos,Oshodi-Isolo,d64b70861a0a4512,2025-02-26 17:12:33,17,2,False
7714351b-0514-480b-a26b-19b7e4a6846e,CUS-01360,397.29,mobile_money,Taraba,Taraba-Central,b6f6e9047c2792c1,2025-02-26 17:16:28,17,2,False
7e58c5e9-77e8-4995-9204-e799742ad5a2,CUS-00889,35923.44,mobile_money,Lagos,Ikorodu,840f3e716557215a,2025-02-26 17:21:09,17,2,False
1340905b-245c-4f0f-840b-9b9d650958c8,CUS-01903,131.64,pos,Lagos,Ikorodu,c66db09d52261777,2025-02-26 17:27:00,17,2,True
3dec0315-967c-45c5-91ef-7f4984403ebc,CUS-01903,228.12,ussd,Lagos,Ikeja,c66db09d52261777,2025-02-26 17:31:00,17,2,True
d2fb8021-3200-4929-85e8-d14dc0140e59,CUS-01903,238.05,pos,Lagos,Oshodi-Isolo,c66db09d52261777,2025-02-26 17:32:00,17,2,True
a47eeda2-dc50-4305-869e-43c2d7e6d570,CUS-01554,3814.54,pos,Lagos,Lagos Mainland,10db96157a1db4c7,2025-02-26 17:36:47,17,2,False
2c028100-83ed-4d16-a6e7-274f6d3bab42,CUS-00550,454.32,pos,Abuja FCT,Kuje,2a98951d2a24f072,2025-02-26 17:43:00,17,2,True
f0181499-3114-453b-9287-df10fe207fe2,CUS-01366,34646.14,pos,Ondo,Ondo-Central,bb1761bfcb6e4105,2025-02-26 17:44:15,17,2,False
7aff2069-0697-41ce-a3f8-eaa9efeced28,CUS-01903,172.96,mobile_money,Lagos,Ikorodu,c66db09d52261777,2025-02-26 17:46:00,17,2,True
5de0908a-a6ca-4ad9-8aef-0fa59b5f9160,CUS-01819,556.11,bank_transfer,Rivers,Oyigbo,1efef02c81cb87a7,2025-02-26 17:49:45,17,2,False
dfb425f2-e909-4586-bce7-c18e8d5967f1,CUS-01903,141.1,ussd,Lagos,Kosofe,c66db09d52261777,2025-02-26 17:53:00,17,2,True
5288820c-f677-4c6b-8a22-918d32125c55,CUS-01264,259.16,mobile_money,Lagos,Kosofe,6f3f0a8fa5427bf4,2025-02-26 18:00:38,18,2,False
ac79530d-0aee-4acf-82c3-18f8aebf4105,CUS-00817,29920.54,pos,Rivers,Eleme,5e56d5b3a956bd3c,2025-02-26 18:03:28,18,2,False
a48619a7-3e05-4aca-879e-2d3656608682,CUS-00717,1228.56,card,Akwa Ibom,Akwa Ibom-Central,173efbe7791a0ec5,2025-02-26 18:17:10,18,2,False
dc855399-78f4-4f10-83c8-4f80c3ca03ac,CUS-00241,237.31,mobile_money,Katsina,Katsina-Central,719378d0a548c057,2025-02-26 18:18:26,18,2,False
c18e6633-b7cc-4414-bf58-92c944ec4ed4,CUS-01058,52408.94,pos,Abuja FCT,Municipal,823adada4ab70de2,2025-02-26 18:20:48,18,2,False
d60d62ad-37a2-48b7-9d97-81ec8168b2a4,CUS-00832,3864.19,pos,Lagos,Agege,a50745698a3d08e4,2025-02-26 18:21:40,18,2,False
f3364f6a-eca2-4772-9b18-8f2bdd890765,CUS-01492,857.0,ussd,Lagos,Kosofe,318dab97928f4a79,2025-02-26 18:24:37,18,2,False
60c6aa1d-c3e6-475f-819f-e5f7357b8eaa,CUS-00139,268.54,ussd,Bayelsa,Bayelsa-Central,1b85d0b8604dea2e,2025-02-26 18:29:53,18,2,False
b466f7bc-c836-4462-8045-0973f37a6a69,CUS-00491,1540.09,pos,Enugu,Nsukka,e00eb35a370ee76b,2025-02-26 18:35:30,18,2,False
c3c03639-d8ba-4f85-a5ef-c8a44001520b,CUS-00929,976882.32,pos,Kano,Fagge,395eff550cc0a560,2025-02-26 18:39:43,18,2,False
da35738b-e5c3-4703-b075-5e107620c7a2,CUS-00843,371.03,card,Cross River,Cross River-Central,a483f396675a2c69,2025-02-26 18:55:36,18,2,False
da46d80e-f64f-4162-806a-8b4c27a2178e,CUS-00207,1504.56,ussd,Delta,Oshimili South,4fe56fe2feb81f6a,2025-02-26 18:57:08,18,2,False
59591c49-e871-4a29-8e45-726cd6c1109b,CUS-01152,2412.5,mobile_money,Edo,Ikpoba-Okha,72ad6ac72ade3ab7,2025-02-26 19:04:21,19,2,False
7139d9f1-2109-42f1-a69f-6ab53c40f80b,CUS-01048,740545.47,pos,Zamfara,Zamfara-Central,5ead41bb0faa4328,2025-02-26 19:04:37,19,2,False
01f890a2-f5b5-4571-8feb-6121def5a99c,CUS-01462,582.38,bank_transfer,Lagos,Oshodi-Isolo,0d73f85c4e1721ca,2025-02-26 19:06:37,19,2,False
8f0d99e5-8e67-483e-9f46-9b2cd1f2a6a8,CUS-01329,885769.02,mobile_money,Abuja FCT,Bwari,739c4ee882c5ab3b,2025-02-26 19:14:10,19,2,False
36477c89-188d-4f71-9232-5e5c01edb03f,CUS-01821,4299.54,pos,Lagos,Kosofe,e7ac53555b39c0fc,2025-02-26 19:18:53,19,2,False
a7a8e656-0c0e-42dc-abad-bda93e33be15,CUS-01289,88396.06,bank_transfer,Lagos,Surulere,071f24dd723ca26b,2025-02-26 19:20:00,19,2,True
62dffcc1-a2cb-49b8-a2a1-5bbc6099994b,CUS-01831,9430.11,mobile_money,Kaduna,Zaria,a929ced3de8349d3,2025-02-26 19:35:03,19,2,False
6f5e0463-7bf4-4f6c-8ae9-0a292e110579,CUS-00155,15516.08,ussd,Lagos,Agege,aa41351d7606065f,2025-02-26 19:38:21,19,2,False
99c78206-005b-4ccf-ab0b-d0a878b413d0,CUS-01187,18512.25,pos,Lagos,Ikeja,b3f9592ad1d5de57,2025-02-26 19:40:32,19,2,False
0ada9c2f-54eb-4a34-bbfb-4bc94d04b950,CUS-01696,2239.02,card,Lagos,Agege,9ece3fabe54aa3ce,2025-02-26 19:47:40,19,2,False
d4b2cfb9-ebf0-4db5-acbe-903113227935,CUS-01289,152.57,bank_transfer,Lagos,Oshodi-Isolo,071f24dd723ca26b,2025-02-26 20:09:00,20,2,True
599a4b7f-0672-425e-95f6-edccc842bf7f,CUS-01870,442.08,pos,Plateau,Plateau-Central,6959ad905098cedc,2025-02-26 20:09:03,20,2,False
7f692ab3-46ec-45d3-a0a9-7115a077b475,CUS-01693,60598.16,pos,Lagos,Ikorodu,453f90468efd2c59,2025-02-26 20:20:14,20,2,False
c8c48ef1-3ad4-4df8-9846-4413d2321d77,CUS-01451,63788.99,mobile_money,Enugu,Enugu North,98ecba8511085cb7,2025-02-26 20:24:03,20,2,False
7e03067a-43fd-4b5b-a4d3-4630f49c3525,CUS-00404,2141.86,mobile_money,Kano,Fagge,83cdd4fae91f11b3,2025-02-26 20:24:38,20,2,False
217bae0d-a559-4b6c-bd80-bae33f996132,CUS-01097,2060.71,pos,Lagos,Ikeja,8547f78879fe432c,2025-02-26 20:28:38,20,2,False
0fa661b1-53a9-4d12-b68c-45319bc4b55d,CUS-01844,276.85,pos,Jigawa,Jigawa-Central,1c72f4beb92ebf41,2025-02-26 20:36:56,20,2,False
d5df7694-093a-4a33-8c6b-58a8073f774e,CUS-01638,569424.34,bank_transfer,Ogun,Ogun-Central,3d7239c088de3872,2025-02-26 20:49:00,20,2,True
c49f0110-3f90-4ad4-81a9-4c69b1c27b7d,CUS-01289,85962.04,mobile_money,Lagos,Ikeja,071f24dd723ca26b,2025-02-26 21:06:00,21,2,True
7f595ba1-2e63-4ec2-8e68-7c88bf61c931,CUS-00073,574.42,pos,Benue,Benue-Central,0e306f57f0b24260,2025-02-26 21:14:15,21,2,False
fc26925d-86a0-4d49-944d-df7b0be499b2,CUS-01289,32287.21,mobile_money,Lagos,Agege,071f24dd723ca26b,2025-02-26 21:25:00,21,2,True
252839a9-12ea-472e-944b-b43aea88f0cc,CUS-00716,9728.7,bank_transfer,Plateau,Plateau-Central,5f81a29fff091a69,2025-02-26 21:27:52,21,2,False
671909c8-aeb5-4fa5-a0fc-96a7b10f8ebb,CUS-00392,162249.04,bank_transfer,Rivers,Eleme,eb3e81dfca0a3bbc,2025-02-26 21:30:57,21,2,False
4d3fc26a-3e10-43aa-b3b6-f3f93aca858f,CUS-00049,2499.77,mobile_money,Lagos,Oshodi-Isolo,45d1a59f5d7f63e7,2025-02-26 21:36:34,21,2,False
a99587cb-517c-495c-8517-c1411f9938a2,CUS-00736,397.27,card,Rivers,Oyigbo,a1e444919f8015bd,2025-02-26 21:42:11,21,2,False
d501763e-7557-466c-a81b-96b93f4fc977,CUS-00703,85846.19,pos,Lagos,Kosofe,4720b0e4b3263da4,2025-02-26 21:44:37,21,2,False
7686375c-c929-4b55-bb41-61b06b8736f3,CUS-01873,666.86,mobile_money,Bauchi,Bauchi-Central,fcad9d34dfe38881,2025-02-26 21:54:33,21,2,False
ea23dc25-01c9-4431-91bd-db299c9f7410,CUS-01289,382134.73,pos,Lagos,Lagos Mainland,071f24dd723ca26b,2025-02-26 22:42:00,22,2,True
2dfea8b3-e3cb-4cba-97f7-2d072e7bf821,CUS-00192,92324.59,mobile_money,Nassarawa,Nassarawa-Central,3be92bc242be1da2,2025-02-27 00:01:42,0,3,False
46a0da4a-74ea-497d-b68b-2c17bf1bbed6,CUS-01915,38750.39,pos,Ondo,Ondo-Central,5df0e6f4ac72dfe8,2025-02-27 00:57:40,0,3,False
9e71d345-2845-4d5a-bd00-480f5af07d18,CUS-00722,3800.31,mobile_money,Lagos,Surulere,c446e12fd8320bf5,2025-02-27 01:06:44,1,3,False
6389683e-210b-477a-8c59-c07a3550030a,CUS-01602,545.41,pos,Lagos,Ikorodu,6ffc16d93e1af1d8,2025-02-27 02:10:24,2,3,False
4473f4e6-d032-4658-813b-48d0f9e4252c,CUS-00406,998884.41,pos,Rivers,Port-Harcourt,9cf20e3e6a349dd5,2025-02-27 02:45:18,2,3,False
d397eb30-df3d-4f69-a6e1-28a14c2ab434,CUS-00082,3894.6,card,Kano,Gwale,1b3d2d4d9e9c6adc,2025-02-27 03:05:59,3,3,False
3274c810-07ef-4c0a-9228-7edb9f400c7f,CUS-00079,11517.63,mobile_money,Lagos,Surulere,547904e86a6fecb8,2025-02-27 03:08:55,3,3,False
dcbb499f-ee5c-4aff-953b-dfc8ad2df95a,CUS-00615,250.02,bank_transfer,Adamawa,Adamawa-Central,70794346772b0ba7,2025-02-27 03:44:14,3,3,False
532bb7e5-ea71-410c-91b8-b795e66df7b3,CUS-01087,342.9,pos,Lagos,Ikeja,24a0342350f1093d,2025-02-27 04:19:29,4,3,False
1a78edf2-2518-489f-a7d1-b2370ddc7e0e,CUS-00964,2651.74,pos,Kano,Tarauni,e33948824013bc1f,2025-02-27 04:43:58,4,3,False
fdecf82a-b4cf-4160-ac3a-edbdae2cf1a9,CUS-01199,649548.12,bank_transfer,Lagos,Mushin,87823df2b69fc0a4,2025-02-27 05:00:00,5,3,True
b93aa510-3895-49d7-82e6-9bf5f0143f02,CUS-01311,3890.08,mobile_money,Nassarawa,Nassarawa-Central,2e680b3b3a6c5fd1,2025-02-27 05:00:04,5,3,False
95bf58b4-b1ab-4048-943f-c8039cd7712a,CUS-01977,676114.96,mobile_money,Rivers,Eleme,02673b590c313531,2025-02-27 05:26:41,5,3,False
f5658e50-c588-4c9a-a847-633469ef875a,CUS-01807,109.63,mobile_money,Lagos,Ikeja,39b75e6bcf7ef405,2025-02-27 06:04:00,6,3,True
8e3088bc-0ff2-4699-89ba-ff4ecf49c83d,CUS-01807,398.2,pos,Lagos,Mushin,39b75e6bcf7ef405,2025-02-27 06:05:00,6,3,True
43499436-2486-49ad-ae4e-e84f2f8ef432,CUS-01807,461.23,mobile_money,Lagos,Agege,39b75e6bcf7ef405,2025-02-27 06:10:00,6,3,True
d5d592a4-8a7a-4401-8ea8-76242f138c3f,CUS-00985,385.65,pos,Abuja FCT,Bwari,1d6ac9ff027e6d97,2025-02-27 06:13:00,6,3,True
f2e38004-afc9-4612-80e7-bee0ed72be09,CUS-01807,124.7,pos,Lagos,Mushin,39b75e6bcf7ef405,2025-02-27 06:27:00,6,3,True
3757e3cf-a5a5-4844-b419-2bf71278e7a1,CUS-01807,425.54,pos,Lagos,Ikorodu,39b75e6bcf7ef405,2025-02-27 06:27:00,6,3,True
ea3a8eaf-75e1-417e-9b17-122f9ad17409,CUS-00985,3108.87,pos,Abuja FCT,Municipal,1d6ac9ff027e6d97,2025-02-27 06:29:00,6,3,True
c15af4e0-6d50-43a1-84b5-d7badfa4db3a,CUS-01807,129.2,ussd,Lagos,Ikorodu,39b75e6bcf7ef405,2025-02-27 06:51:00,6,3,True
b7fcf71e-f2ba-4f74-abab-46cb5d59d011,CUS-01807,89.07,ussd,Lagos,Alimosho,39b75e6bcf7ef405,2025-02-27 06:53:00,6,3,True
ff30de80-1914-446c-bced-e96fb32f8d97,CUS-01807,55.45,ussd,Lagos,Kosofe,39b75e6bcf7ef405,2025-02-27 06:54:00,6,3,True
051c9113-5f82-4056-8e60-eb331c79e4cf,CUS-00985,3024.85,pos,Abuja FCT,Bwari,1d6ac9ff027e6d97,2025-02-27 07:07:00,7,3,True
2337e5c2-4235-4ca6-948d-09cb10375140,CUS-00985,587.84,pos,Abuja FCT,Gwagwalada,1d6ac9ff027e6d97,2025-02-27 07:21:00,7,3,True
72c1386f-69ec-445c-bae1-b71c72077758,CUS-00749,3046.5,bank_transfer,Enugu,Nsukka,fa2e8b2d3d307798,2025-02-27 07:45:50,7,3,False
aa563621-e88c-4baf-833b-68820f63d1fa,CUS-01295,267.35,bank_transfer,Lagos,Ikeja,ed59bae45fd6a782,2025-02-27 08:18:35,8,3,False
e0bc30fb-0b69-4ea5-b880-6abf602d45ba,CUS-00438,23054.21,pos,Edo,Oredo,13939ba62a5e19d3,2025-02-27 09:02:00,9,3,True
ad3e46ad-2a55-464c-a60c-032e3f77436e,CUS-00985,192560.39,mobile_money,Abuja FCT,Kuje,1d6ac9ff027e6d97,2025-02-27 09:04:00,9,3,True
f3ee1681-4e2f-465c-aa7d-f9ae8e976cb5,CUS-01897,1429.39,pos,Lagos,Surulere,e94888cd3a69e633,2025-02-27 09:07:00,9,3,True
fbaf9087-f973-4a0e-90eb-2ec81b5b5527,CUS-00650,947526.98,pos,Lagos,Mushin,a7107ef719a58b4f,2025-02-27 09:08:24,9,3,False
78a49969-548c-4df3-b0ca-01bf1fc40a36,CUS-01356,464.09,mobile_money,Nassarawa,Nassarawa-Central,853907668826b986,2025-02-27 09:19:55,9,3,False
8a701b22-34ec-498d-8140-368c165fb19e,CUS-00797,829.74,bank_transfer,Oyo,Ibadan South-West,59420c39724467cb,2025-02-27 09:24:28,9,3,False
477546ad-49a3-40c0-ac38-98577f29baa1,CUS-01205,347.85,mobile_money,Abia,Abia-Central,3b417cdc62736e04,2025-02-27 09:29:27,9,3,False
a5d1ff0c-0318-457e-8ffa-abbe4653cb41,CUS-00985,394.29,bank_transfer,Abuja FCT,Kuje,1d6ac9ff027e6d97,2025-02-27 09:37:00,9,3,True
92b6d4eb-4f91-4227-82fb-1c517d99048b,CUS-01239,958.86,bank_transfer,Lagos,Oshodi-Isolo,cbf3ba8a5623bd89,2025-02-27 09:51:49,9,3,False
61ee44a1-f251-4a8f-b594-df07d2d0cc67,CUS-00215,71245.62,ussd,Lagos,Surulere,3ce10d63fd005851,2025-02-27 09:53:08,9,3,False
5c54236f-149b-40a3-8619-c6c2c07917e4,CUS-00790,4823.39,pos,Lagos,Surulere,b15e711fa28274c0,2025-02-27 09:56:02,9,3,False
d962fbb8-d397-47f4-b612-b2ce3a2f081e,CUS-01326,4137.22,mobile_money,Lagos,Oshodi-Isolo,d91f349461d4c224,2025-02-27 09:58:09,9,3,False
50146947-be49-46a6-9d43-2c0bf2e96690,CUS-01374,52499.31,mobile_money,Lagos,Ikeja,4e33cb22b6638e9d,2025-02-27 09:58:56,9,3,False
9e23fc9a-9c71-4d30-a4e2-6076c130fb43,CUS-00387,2471.07,bank_transfer,Lagos,Surulere,3af5f47915d1455e,2025-02-27 10:02:20,10,3,False
d85d6d71-398e-405c-a052-8b1965a39692,CUS-00078,388049.82,card,Kano,Fagge,e87b8337b2108fa0,2025-02-27 10:03:46,10,3,False
7dfc92ef-8667-4d14-947f-780d0f0e54ba,CUS-00985,2079.62,mobile_money,Abuja FCT,Kuje,1d6ac9ff027e6d97,2025-02-27 10:04:00,10,3,True
dcedf59a-9f0c-4240-b501-2e111336014e,CUS-01150,572839.84,bank_transfer,Edo,Oredo,6a45da23b71f0b13,2025-02-27 10:24:06,10,3,False
f14b9fc2-18bd-4079-b277-742b0101a76a,CUS-01275,3280.76,mobile_money,Lagos,Ikorodu,9b96ba82f57290ea,2025-02-27 10:24:22,10,3,False
c46c2012-90ad-4329-93a0-2d03a6ce3d8d,CUS-00358,3712.88,pos,Gombe,Gombe-Central,a8241fb952fbd723,2025-02-27 10:26:18,10,3,False
84a08fd6-4aee-4369-a0ef-a9a054eee03f,CUS-00169,95254.35,pos,Kaduna,Kaduna North,44949f1632f8346a,2025-02-27 10:32:27,10,3,False
9d519315-5890-40c5-a666-765cb04fd7e5,CUS-01179,8510.5,mobile_money,Oyo,Ibadan North,d58684393c60ad84,2025-02-27 10:32:57,10,3,False
5b144685-73cb-4681-b336-a27dd8f2005f,CUS-01656,4233.29,mobile_money,Oyo,Ogbomoso,860e2d70efd1fbab,2025-02-27 10:41:10,10,3,False
60df3ae2-43a4-4dce-896d-181f41b8db96,CUS-01897,490752.39,pos,Lagos,Mushin,e94888cd3a69e633,2025-02-27 10:43:00,10,3,True
3a7cd366-c9c8-4575-8d7f-567e509fcf33,CUS-00438,4299.94,mobile_money,Edo,Egor,13939ba62a5e19d3,2025-02-27 11:01:00,11,3,True
406be5ab-88fa-4e46-96eb-c08b4ad2e021,CUS-00635,35958.87,mobile_money,Abuja FCT,Bwari,d3e87928d9822db9,2025-02-27 11:04:27,11,3,False
eceddc0e-715b-4b9f-bd93-c35529fcbb04,CUS-01897,1816.97,pos,Lagos,Surulere,e94888cd3a69e633,2025-02-27 11:11:00,11,3,True
f466de4f-71c1-49e2-ada0-6c96046f5a3c,CUS-00985,320.28,bank_transfer,Abuja FCT,Kuje,1d6ac9ff027e6d97,2025-02-27 11:13:00,11,3,True
1ff2cfa2-85e7-4dda-9ca7-71e8cf4adeb3,CUS-00382,57248.9,ussd,Enugu,Enugu East,6a5ee0585b3d56be,2025-02-27 11:18:00,11,3,False
9b8b4a45-e86d-47c6-a65d-321091300694,CUS-01897,37365.78,bank_transfer,Lagos,Surulere,e94888cd3a69e633,2025-02-27 11:19:00,11,3,True
fab6172e-92fd-474e-9b21-a2db8ca98bbb,CUS-00985,1994.63,ussd,Abuja FCT,Kuje,1d6ac9ff027e6d97,2025-02-27 11:28:00,11,3,True
8c9481b9-24cc-4d1a-a2df-8e2739855132,CUS-01457,4206.41,mobile_money,Anambra,Awka South,cd5bda4f0269770a,2025-02-27 11:35:08,11,3,False
7d75b282-96d2-496a-a696-c0f1fe7e41fc,CUS-01016,93132.65,mobile_money,Lagos,Oshodi-Isolo,b37267bda873e2af,2025-02-27 11:37:02,11,3,False
0f11b046-bd00-40a8-add7-44e97d69596e,CUS-01356,177.63,mobile_money,Nassarawa,Nassarawa-Central,853907668826b986,2025-02-27 11:39:11,11,3,False
eacd8cfc-63f7-4bc1-a306-a1e1bc80fde5,CUS-00434,870.54,card,Lagos,Ikorodu,eccd3d6c819f827c,2025-02-27 11:41:12,11,3,False
1ada9a22-7b5c-4618-929b-82d9c52d6d08,CUS-00855,488.94,bank_transfer,Lagos,Oshodi-Isolo,c708ef9fa6a48519,2025-02-27 11:41:17,11,3,False
704c6624-8586-4e5e-902a-3383ecb2d5e2,CUS-01670,11943.27,pos,Rivers,Obio-Akpor,c21817c50f2234d3,2025-02-27 11:41:47,11,3,False
14784317-52ed-41d6-bd25-d4ea5a6ef056,CUS-01677,477178.98,pos,Rivers,Port-Harcourt,283f6dc9c1ece240,2025-02-27 11:58:04,11,3,False
a157bbf0-0c4d-43dc-90b5-60deb0185a2b,CUS-01239,412.52,bank_transfer,Lagos,Lagos Mainland,cbf3ba8a5623bd89,2025-02-27 12:01:34,12,3,False
ebc6255e-d171-4cde-a26f-0bffe84a3e16,CUS-01562,101.37,pos,Abia,Abia-Central,30c69cd206591d60,2025-02-27 12:12:15,12,3,False
461e391f-0168-4ad4-a0f2-3e5ceeb27e1e,CUS-00438,1883.38,bank_transfer,Edo,Ikpoba-Okha,13939ba62a5e19d3,2025-02-27 12:16:00,12,3,True
6bbb1896-c5ec-4c8a-a76e-7bfb93cc8d47,CUS-01658,80881.17,bank_transfer,Rivers,Eleme,19dace16c10f4388,2025-02-27 12:21:39,12,3,False
17eaa6cc-5142-4296-846a-e77c8938f2af,CUS-01571,1422.32,bank_transfer,Lagos,Ikeja,33e0329d255f3ff7,2025-02-27 12:23:00,12,3,False
cd835c94-a5d8-445c-8510-b30a6ecb70c3,CUS-00924,4471.76,pos,Rivers,Obio-Akpor,d494faa3deaae833,2025-02-27 12:30:46,12,3,False
54396aed-c545-4add-8008-41ca98821ed4,CUS-00479,2869.33,mobile_money,Abuja FCT,Bwari,e402b8e4523a2ea0,2025-02-27 12:36:01,12,3,False
2bf8b338-7fe5-40ab-8760-955308da86ce,CUS-00383,24473.0,mobile_money,Kebbi,Kebbi-Central,c919c6af242bd317,2025-02-27 12:38:26,12,3,False
612ee1d1-a2c3-4958-9856-90830efd5267,CUS-01790,3508.39,ussd,Lagos,Oshodi-Isolo,451e302ca37d6129,2025-02-27 12:39:50,12,3,False
c116faf0-9ac5-49ac-ad31-4150e30e68db,CUS-01616,3355.72,bank_transfer,Ogun,Ogun-Central,be333283103f5129,2025-02-27 12:41:09,12,3,False
b0d99c90-ec6d-4259-9fc2-e467efc7b7e8,CUS-00243,270.06,card,Rivers,Eleme,5ea01e4f6f06691c,2025-02-27 12:51:50,12,3,False
b242d19a-6b41-42cd-9589-1d53c01cb94b,CUS-00577,1462.27,bank_transfer,Yobe,Yobe-Central,df62100e4e6a9cf9,2025-02-27 12:58:46,12,3,False
15eb4f6a-00db-4fae-bfe0-0ea0381c00d4,CUS-00156,4284.53,bank_transfer,Rivers,Eleme,b8b18f701d0ba5b3,2025-02-27 13:00:00,13,3,True
20827281-7350-43bd-84c7-0541b43e20f1,CUS-00014,2529.74,bank_transfer,Lagos,Mushin,22f6bea733e5c873,2025-02-27 13:01:46,13,3,False
1771a8a8-78e0-49f2-91a9-14e55aa33b60,CUS-00663,436.85,mobile_money,Lagos,Surulere,9acddf1e43e97ade,2025-02-27 13:05:20,13,3,False
1d00eeb6-f702-4d2e-9d33-7382b4777bb6,CUS-00029,49629.3,mobile_money,Lagos,Ikorodu,a05457497b410a44,2025-02-27 13:05:50,13,3,False
ef2456af-01de-406f-ac43-5bc69ddc14e3,CUS-00156,72347.83,ussd,Kano,Dala,b8b18f701d0ba5b3,2025-02-27 13:17:00,13,3,True
02ba921c-bfbb-4d10-940c-f322ecb17c6d,CUS-00847,59217.86,pos,Ogun,Ogun-Central,7f2d38a046a3ed43,2025-02-27 13:20:06,13,3,False
bd0004ea-8c6e-4e72-bfde-a71a12bf344f,CUS-01728,81872.2,pos,Benue,Benue-Central,dfb22605a0322a4b,2025-02-27 13:32:56,13,3,False
da214bb6-e152-4421-ac06-6bf3a669f8a7,CUS-01366,32105.73,pos,Ondo,Ondo-Central,bb1761bfcb6e4105,2025-02-27 13:37:22,13,3,False
e1c4a653-d774-408f-a4d5-fb188532004c,CUS-01730,28484.54,pos,Kano,Dala,ccdd451e2764643f,2025-02-27 13:37:41,13,3,False
ba94fd84-c45a-4c23-91a1-e13faba026b7,CUS-01740,321102.8,ussd,Plateau,Plateau-Central,396e7932f52475ca,2025-02-27 13:45:38,13,3,False
a0043539-b6b6-4320-aa25-ad460bb36d26,CUS-00985,13023.84,pos,Abuja FCT,Gwagwalada,1d6ac9ff027e6d97,2025-02-27 13:48:00,13,3,True
feaaf0a6-0f47-4b0e-8574-ed6d8f073ef4,CUS-01551,69297.03,pos,Kaduna,Kaduna North,edf0c9922b691d14,2025-02-27 13:51:12,13,3,False
373b6cfc-2fbb-4b95-b67f-911b8cc86eb3,CUS-00956,4211.76,mobile_money,Abuja FCT,Kuje,bb3872e548a09f75,2025-02-27 13:55:36,13,3,False
ee1f6279-c12c-43ff-b8dd-d8ceedc802e8,CUS-00632,204.47,pos,Abuja FCT,Gwagwalada,76bdcde9144067f5,2025-02-27 14:06:01,14,3,False
6cc41a5c-b68c-42db-881c-b614c40ef643,CUS-01078,11919.11,bank_transfer,Lagos,Mushin,f93b47fd7d069f48,2025-02-27 14:17:02,14,3,False
c247e5f9-313b-45f4-8da5-85d29d50b971,CUS-01017,602668.05,bank_transfer,Oyo,Ogbomoso,f8aac67eec4ac97e,2025-02-27 14:17:45,14,3,False
a4cb3d28-2425-40ec-abe3-801b3f7d128a,CUS-00393,1948.74,pos,Abia,Abia-Central,6d5850dcdc1d378b,2025-02-27 14:33:48,14,3,False
abfa8346-974f-4be2-acaf-761fc32fbe26,CUS-00438,480.87,mobile_money,Edo,Oredo,13939ba62a5e19d3,2025-02-27 14:34:00,14,3,True
8ca9cb13-bae9-4692-98f7-d089034166db,CUS-00123,4855.76,bank_transfer,Lagos,Agege,fd87e702baf7d83d,2025-02-27 14:44:39,14,3,False
6a34f973-d491-4084-b1c7-bc75ec13bc7b,CUS-01641,73080.7,ussd,Borno,Borno-Central,ee4fa5ff1103071b,2025-02-27 14:45:19,14,3,False
85b2943e-cef9-4c47-94f9-1ff7e7043420,CUS-01965,35383.93,mobile_money,Kaduna,Kaduna South,9156bf2ac5339cda,2025-02-27 14:49:09,14,3,False
a0bc7e33-5602-4880-b43b-033d5beff27f,CUS-00326,2218.45,mobile_money,Oyo,Ogbomoso,44cc9b88041101da,2025-02-27 14:53:49,14,3,False
8dfbff94-40b4-4046-a6c6-150e0235c0ea,CUS-00985,1076.82,pos,Abuja FCT,Municipal,1d6ac9ff027e6d97,2025-02-27 15:06:00,15,3,True
aa7dd42f-5dce-4eae-aa09-50a4a1bc8b66,CUS-01991,81332.88,mobile_money,Lagos,Surulere,abb9607a0f5b6000,2025-02-27 15:08:12,15,3,False
a2e4bd6d-9591-46b8-95e2-c070d4720167,CUS-00985,233.36,bank_transfer,Abuja FCT,Municipal,1d6ac9ff027e6d97,2025-02-27 15:11:00,15,3,True
88faade3-1d98-4e82-b563-2d97658945a0,CUS-01774,93399.55,mobile_money,Imo,Imo-Central,4416a81ac3c26ad7,2025-02-27 15:15:06,15,3,False
c932d13a-9ace-4e8f-927b-86dffe9c07c0,CUS-00329,85.93,pos,Lagos,Lagos Mainland,7b2bc2bfdc63f934,2025-02-27 15:16:55,15,3,False
fe299176-cec8-46ad-b3d4-1d15e8b09417,CUS-00954,1372.77,ussd,Rivers,Obio-Akpor,209b114ecb6f0b0f,2025-02-27 15:21:39,15,3,False
5b8e895c-7a4c-4709-a01b-0cfe0a0161d8,CUS-00815,1903.63,bank_transfer,Abuja FCT,Gwagwalada,d2f4401bf27e1f0b,2025-02-27 15:30:15,15,3,False
e5a1d939-75da-4788-89a6-9be21ce96cff,CUS-01209,276.44,pos,Ogun,Ogun-Central,0bbfc21575dc4370,2025-02-27 15:31:59,15,3,False
bead9d7f-bf7b-4b37-8e3c-7be7537d482a,CUS-01731,198.97,card,Enugu,Enugu East,82c0069192df81b9,2025-02-27 15:37:59,15,3,False
fecbcc91-aca9-40a1-a87e-0f1184a6dd95,CUS-01770,49766.35,bank_transfer,Abuja FCT,Gwagwalada,c27f86555385f66b,2025-02-27 15:38:57,15,3,False
d77f66e9-0f7a-4567-a874-687a7f8c1408,CUS-00790,391.44,mobile_money,Lagos,Kosofe,b15e711fa28274c0,2025-02-27 15:40:16,15,3,False
ef0652dc-68ed-46de-981d-ebee489b0731,CUS-01430,57659.62,bank_transfer,Abuja FCT,Municipal,df054fd147e69344,2025-02-27 15:46:16,15,3,False
1708e7a4-a341-46ab-a217-9dc02de0bebb,CUS-01807,28858.56,pos,Lagos,Ikeja,39b75e6bcf7ef405,2025-02-27 15:48:22,15,3,False
b0d32a02-3b67-4863-84f1-d7ac7b3ef771,CUS-00452,1175.53,bank_transfer,Rivers,Obio-Akpor,42de18a74e13aeb6,2025-02-27 15:53:39,15,3,False
80fdccce-106e-45ca-9276-88c128cdc606,CUS-01698,328.08,mobile_money,Akwa Ibom,Akwa Ibom-Central,5f5c035e8c2b2a0e,2025-02-27 16:04:00,16,3,True
160f1d24-8dfc-4456-ae16-edeb0944ca48,CUS-01610,4240.82,pos,Kebbi,Kebbi-Central,22e1b0a33749909a,2025-02-27 16:05:14,16,3,False
3bec3e07-220b-4719-9e67-2806ebd69e55,CUS-01897,41265.21,bank_transfer,Lagos,Mushin,e94888cd3a69e633,2025-02-27 16:07:00,16,3,True
9ca5ee3b-b6bd-40c6-9962-cfa24c5d6d75,CUS-01674,9963.86,bank_transfer,Imo,Imo-Central,7cf45476250f1cf9,2025-02-27 16:10:07,16,3,False
6dec8f78-b2e3-48ae-bade-6c018902e3e7,CUS-01617,97391.95,mobile_money,Delta,Uvwie,649e38bb07b7b488,2025-02-27 16:11:28,16,3,False
5a489637-a5d2-46b8-b352-a35137e323ce,CUS-01698,229.15,mobile_money,Akwa Ibom,Akwa Ibom-Central,5f5c035e8c2b2a0e,2025-02-27 16:17:00,16,3,True
ad5392f9-a1c6-45ac-9c6c-e3f8b38df004,CUS-01698,240.71,pos,Akwa Ibom,Akwa Ibom-Central,5f5c035e8c2b2a0e,2025-02-27 16:22:00,16,3,True
02bd940e-49ce-4a67-a541-f5fc423db475,CUS-00710,88.55,mobile_money,Kwara,Kwara-Central,4e59f88826819d26,2025-02-27 16:22:11,16,3,False
d47ccfe3-24da-4099-b2c1-f1707b29f1f0,CUS-01146,10519.18,ussd,Imo,Imo-Central,76f5ffdd3a544aea,2025-02-27 16:24:17,16,3,False
a2a803c0-3220-42ac-b656-bb3eba342cc1,CUS-00438,721731.53,pos,Edo,Oredo,13939ba62a5e19d3,2025-02-27 16:28:00,16,3,True
863e8c30-a533-434a-9940-5c3e34c40335,CUS-01207,1460.7,mobile_money,Abuja FCT,Municipal,93ede341308bf1fb,2025-02-27 16:34:33,16,3,False
a7f435da-284d-4eb1-843e-1f82cd1c4dee,CUS-01791,389.92,pos,Osun,Osun-Central,4635e6db3605a1bf,2025-02-27 16:35:32,16,3,False
deed5b8b-17b2-495e-a613-16b7be47ee19,CUS-01698,242.15,ussd,Akwa Ibom,Akwa Ibom-Central,5f5c035e8c2b2a0e,2025-02-27 16:37:00,16,3,True
693c4a79-290c-490c-958e-06a471041503,CUS-01698,56.91,ussd,Akwa Ibom,Akwa Ibom-Central,5f5c035e8c2b2a0e,2025-02-27 16:38:00,16,3,True
98d6418f-e8c5-4f8f-9b38-048b243cc0fc,CUS-01797,2642.18,pos,Lagos,Kosofe,e2fc293fbae9deba,2025-02-27 16:45:10,16,3,False
0f3cc6f0-1a50-419f-9b56-3e8d74341123,CUS-00913,77370.92,pos,Rivers,Obio-Akpor,80a5f367f2b19e45,2025-02-27 16:51:26,16,3,False
43be5608-6946-4f38-886d-e26263a3b4e3,CUS-00038,91305.11,pos,Anambra,Nnewi North,f0966acb33fd9b19,2025-02-27 16:51:29,16,3,False
62e82be8-fd1d-4a14-8739-ccaf2ef9ec1d,CUS-00021,51774.93,bank_transfer,Lagos,Surulere,2afb46bcbe3e328f,2025-02-27 16:57:29,16,3,False
837e59e0-a63d-428a-9831-b70cd737d687,CUS-01138,1818.48,ussd,Abuja FCT,Bwari,927ad78e9082ea6e,2025-02-27 17:01:33,17,3,False
f9ba2357-062c-427d-b4fe-7a63702464c3,CUS-01381,3897.23,bank_transfer,Rivers,Port-Harcourt,f4b4ef6860ca96ae,2025-02-27 17:12:53,17,3,False
1066bf36-0e47-41ff-a198-1b4c6c12b85e,CUS-00739,3343.15,pos,Rivers,Oyigbo,deb40db8640bcb51,2025-02-27 17:15:31,17,3,False
fd493d9c-cdb1-4c17-b132-ababf7c3f535,CUS-01788,332.71,pos,Lagos,Mushin,28c66b1dab0a3687,2025-02-27 17:17:48,17,3,False
6f5a6cad-c7a7-46c1-83ee-072d3fa2968a,CUS-00985,3348.2,bank_transfer,Abuja FCT,Gwagwalada,1d6ac9ff027e6d97,2025-02-27 17:21:00,17,3,True
1982940c-8e8d-431a-a974-5cf3af3e3c84,CUS-00194,3497.04,pos,Kano,Nassarawa,772c1cdc30b567ac,2025-02-27 17:27:38,17,3,False
5b38a21e-8936-41f1-9101-ac219c238ce0,CUS-01349,40325.24,pos,Lagos,Ikeja,761ac665f034ac3a,2025-02-27 17:27:50,17,3,False
6d65506c-487c-488d-81e0-6405a40980c9,CUS-01799,42391.32,bank_transfer,Lagos,Kosofe,73145fde27a32e2e,2025-02-27 17:37:22,17,3,False
c25ca962-a277-42cf-90c4-fe1e131ff4ab,CUS-01938,1903.88,pos,Abuja FCT,Bwari,cd875704aee05fcf,2025-02-27 17:38:21,17,3,False
113ff2d3-87b4-46ed-b9d3-1f18fc99e3fb,CUS-01444,254.91,bank_transfer,Zamfara,Zamfara-Central,8a832c116325ac82,2025-02-27 17:43:07,17,3,False
fb5757b7-e524-46c2-98df-88c986482609,CUS-00889,565.64,mobile_money,Lagos,Kosofe,840f3e716557215a,2025-02-27 17:43:20,17,3,False
4c5ce6b2-a0be-426d-8b16-7c1ee9422ac7,CUS-00712,83.53,pos,Abuja FCT,Bwari,0560c126f7848a94,2025-02-27 17:46:17,17,3,False
c7c372a0-b9d8-4032-8e32-3e13e999a950,CUS-01313,3552.21,pos,Plateau,Plateau-Central,2f311974757a1b11,2025-02-27 17:53:24,17,3,False
32f7deeb-240a-4f04-a806-2461ba7bbbe6,CUS-01644,380.82,mobile_money,Lagos,Kosofe,4eb0e2d037f0c5a2,2025-02-27 17:55:14,17,3,False
f29543b5-d8a3-4e33-b470-c4e24770a0bd,CUS-00822,94951.06,bank_transfer,Kano,Dala,5f1b5a194feb6b53,2025-02-27 17:57:14,17,3,False
31e7496c-1ae2-401e-acd5-f5304d83d4fa,CUS-01568,2378.72,pos,Enugu,Enugu East,82e3ecb4f65f677b,2025-02-27 18:00:20,18,3,False
c84a4284-6cdf-4a22-860d-afefea17f3be,CUS-01032,302.88,mobile_money,Lagos,Surulere,3465e7c29e8ade80,2025-02-27 18:05:55,18,3,False
39fd873e-f272-4273-a079-4a14a5f7a57d,CUS-01610,27054.14,bank_transfer,Kebbi,Kebbi-Central,22e1b0a33749909a,2025-02-27 18:10:37,18,3,False
e91e77eb-c01e-478b-92fb-a349298e53a7,CUS-01484,520.95,bank_transfer,Kano,Gwale,0e62fcf1fb9ddfdc,2025-02-27 18:11:35,18,3,False
26667f5b-10be-4813-a478-5dc732d218fb,CUS-01820,340.67,ussd,Lagos,Mushin,cf971cc6ddb2bb35,2025-02-27 18:13:00,18,3,True
4cb6134b-8fbd-4733-ae5c-af333eb1025d,CUS-00976,562916.95,mobile_money,Kaduna,Kaduna North,a5f4eb10f25d6dd2,2025-02-27 18:22:23,18,3,False
cf18d134-9a8d-48f7-ac72-6d73f8806430,CUS-00436,901766.25,pos,Lagos,Alimosho,68fb798e5b124399,2025-02-27 18:23:11,18,3,False
a82e175e-106b-4e3c-8024-f6e71530cb94,CUS-00978,2262.77,mobile_money,Abuja FCT,Municipal,b1eac8f3eae27cb3,2025-02-27 18:27:50,18,3,False
e6cb3ff0-ce2c-43c0-bf41-81cacfaeb87d,CUS-00591,1405.21,mobile_money,Enugu,Nsukka,b0b6b7ab4a04ad56,2025-02-27 18:29:09,18,3,False
3151cfbe-7acf-4808-8128-cc0a61996b86,CUS-01817,248.94,mobile_money,Kwara,Kwara-Central,303a9e8e2b3d6b5a,2025-02-27 18:30:14,18,3,False
d995a5f0-3ace-453c-a857-4ffbc1bdeece,CUS-00101,216.68,bank_transfer,Enugu,Nsukka,0a2033d5ef1404b7,2025-02-27 18:33:51,18,3,False
78bbb248-faf5-4dc8-9bd5-5d51e5cbefd5,CUS-01820,119.59,pos,Lagos,Eti-Osa,cf971cc6ddb2bb35,2025-02-27 18:35:00,18,3,True
4d6c5fcb-89c0-42f3-bf81-9b344f7a4237,CUS-01820,83.12,mobile_money,Lagos,Surulere,cf971cc6ddb2bb35,2025-02-27 18:36:00,18,3,True
04bf1ba5-d3b3-4443-9b7f-3918222a5741,CUS-01820,126.43,ussd,Lagos,Ikeja,cf971cc6ddb2bb35,2025-02-27 18:37:00,18,3,True
3224738c-80ad-481f-9860-73e10ac1508a,CUS-01335,250.37,card,Delta,Warri South,a0018e030f7510b3,2025-02-27 18:37:03,18,3,False
187fab30-03ac-41fa-ae36-6a5e59f45620,CUS-00481,509.06,ussd,Edo,Oredo,62896152bd82ae30,2025-02-27 18:42:59,18,3,False
a6d14cbf-de4e-4824-8798-8cb7c9da012d,CUS-01820,188.68,ussd,Lagos,Oshodi-Isolo,cf971cc6ddb2bb35,2025-02-27 18:43:00,18,3,True
61fad574-995f-4813-8cb6-920097963099,CUS-01820,327.67,mobile_money,Lagos,Ikorodu,cf971cc6ddb2bb35,2025-02-27 18:44:00,18,3,True
eafe9905-e41f-40ce-b787-f49ba3619d09,CUS-00202,90.35,bank_transfer,Lagos,Surulere,fea8af2286c17aee,2025-02-27 18:54:06,18,3,False
b9bc8ed2-97d6-4c09-b2c0-0b842e5a19a4,CUS-01072,44165.89,pos,Lagos,Eti-Osa,5e8f9450d294cb82,2025-02-27 18:55:19,18,3,False
bd82cdf8-5ad3-47f9-b0dd-12592f2662ae,CUS-00732,35850.1,pos,Delta,Oshimili South,d2fa86ca5f1299e7,2025-02-27 18:55:41,18,3,False
449c99de-f650-4184-ae11-33a0da306124,CUS-01721,718292.48,mobile_money,Lagos,Ikorodu,2c0eac63a6a92e4e,2025-02-27 19:09:11,19,3,False
c846e64c-1492-4ad0-9494-7a1c496d7297,CUS-00771,4227.57,pos,Borno,Borno-Central,d59a3a8ad97e5503,2025-02-27 19:16:53,19,3,False
cf4fe944-d5de-47e1-890a-319580bdf34f,CUS-00692,383882.23,pos,Abuja FCT,Bwari,a23dd42d3a699c35,2025-02-27 19:17:31,19,3,False
3cd76a22-e72a-4094-9855-34a24465200e,CUS-01897,4297.64,mobile_money,Lagos,Eti-Osa,e94888cd3a69e633,2025-02-27 19:32:00,19,3,True
2780d9ee-7ce3-4efd-bc63-4ab682a56694,CUS-01652,252.39,mobile_money,Kano,Gwale,3191c2c1227ba3cb,2025-02-27 19:33:11,19,3,False
ed14c101-0b02-4f2f-91a6-cfeb22986d7d,CUS-01139,3334.72,pos,Kaduna,Kaduna South,13916b9e716e5198,2025-02-27 19:36:53,19,3,False
1d0f2b9e-c972-4ca1-a2e6-008c2117a262,CUS-00523,1578.12,pos,Borno,Borno-Central,433b01211956f054,2025-02-27 19:38:14,19,3,False
8e20f7de-2f66-4c19-9822-9d95b6eaa1dd,CUS-01994,35613.07,bank_transfer,Osun,Osun-Central,24889af499de1e57,2025-02-27 19:48:25,19,3,False
d6724607-0285-4bf3-ab99-bf978a7f3717,CUS-00191,21172.45,ussd,Nassarawa,Nassarawa-Central,056cff2c5ac13239,2025-02-27 19:49:25,19,3,False
19ff6d79-6cfd-4012-aab9-d0ae1c0a1be9,CUS-01380,92183.9,pos,Lagos,Ikorodu,43e0a205888c9d8d,2025-02-27 19:52:15,19,3,False
3c32ddbb-2d2b-47d4-97e0-f9e778371aba,CUS-01036,281.89,bank_transfer,Kano,Gwale,2600188299f78a75,2025-02-27 20:01:10,20,3,False
743ee065-e3f7-4ca5-a6a0-06533f3db9d5,CUS-00825,317.24,mobile_money,Adamawa,Adamawa-Central,3dfac513d348b765,2025-02-27 20:11:07,20,3,False
c2ed0286-383d-4544-89a9-b36483b1c133,CUS-01522,2614.63,pos,Kano,Kumbotso,943007d4f4e03d9f,2025-02-27 20:11:40,20,3,False
556d9e1e-fcdd-4757-be03-d7b10a3a1068,CUS-00896,87649.96,bank_transfer,Kano,Kumbotso,05624b725ce601e5,2025-02-27 20:13:33,20,3,False
17d9872d-bfd0-47bd-b189-b19ad9cf09f7,CUS-01914,4411.43,card,Abuja FCT,Kuje,7ee2d4129cfcde8d,2025-02-27 20:17:30,20,3,False
7708dd91-0471-4193-9008-042beaa276a8,CUS-01577,26785.52,bank_transfer,Delta,Warri South,9fb196909d1c3443,2025-02-27 20:20:07,20,3,False
6ec3b09b-cc0c-4778-86bc-0559b1e17b02,CUS-01709,52557.41,card,Delta,Warri South,4b07fffe81db38c5,2025-02-27 20:24:38,20,3,False
365a5bd2-363a-4a0c-ba3f-20269f87dec1,CUS-00204,63338.62,mobile_money,Kaduna,Kaduna North,dacf1ca0cd2282a4,2025-02-27 20:33:46,20,3,False
7094f931-5221-423a-8d2b-e8d9f824ad33,CUS-01630,72404.6,mobile_money,Kwara,Kwara-Central,e72c068b89d1c7b1,2025-02-27 20:34:18,20,3,False
436a6701-660c-4f4f-a0eb-c5c4a46c3402,CUS-00764,4497.37,pos,Lagos,Lagos Mainland,505092f3fbd319a1,2025-02-27 20:34:45,20,3,False
ae2cbe56-f119-48b2-978d-7178e832782f,CUS-01422,526.8,mobile_money,Lagos,Lagos Mainland,c7464d1708c5983c,2025-02-27 20:43:08,20,3,False
9798bcfa-0610-44ae-96be-354daadfac84,CUS-01897,40108.13,pos,Lagos,Alimosho,e94888cd3a69e633,2025-02-27 20:50:00,20,3,True
8ee56490-3615-4957-9059-5651197d1b9a,CUS-01897,39547.43,ussd,Lagos,Ikeja,e94888cd3a69e633,2025-02-27 20:56:00,20,3,True
7d8cc140-3f9a-4374-a82f-c04f9ae06e59,CUS-00438,2962.61,pos,Edo,Ikpoba-Okha,13939ba62a5e19d3,2025-02-27 21:04:00,21,3,True
3ac86b25-9111-40fd-8cc9-639f364e732f,CUS-00139,97251.83,ussd,Bayelsa,Bayelsa-Central,1b85d0b8604dea2e,2025-02-27 21:05:35,21,3,False
680afaeb-298a-46e5-873d-52e387282f17,CUS-00978,3712.87,mobile_money,Abuja FCT,Gwagwalada,b1eac8f3eae27cb3,2025-02-27 21:15:28,21,3,False
8e8c505f-e4c4-4e02-85a2-49017f182437,CUS-01564,60974.91,mobile_money,Plateau,Plateau-Central,de56d3da703b6adb,2025-02-27 21:16:26,21,3,False
5f80eb61-dc0b-4cda-b53b-c42a31655017,CUS-01305,3196.22,pos,Zamfara,Zamfara-Central,dfc9ae6662f00748,2025-02-27 21:25:17,21,3,False
45b28d74-f560-41d0-a8c6-11f49bacb933,CUS-01897,487.05,bank_transfer,Lagos,Lagos Mainland,e94888cd3a69e633,2025-02-27 21:31:00,21,3,True
b7995584-3516-44ab-aaa5-666708b49ce5,CUS-01799,41658.7,bank_transfer,Lagos,Oshodi-Isolo,73145fde27a32e2e,2025-02-27 21:31:11,21,3,False
42ca0275-37e0-4130-afe7-aa1d454f3818,CUS-01586,51980.85,bank_transfer,Edo,Oredo,ac26d5b5ca0ca689,2025-02-27 21:37:27,21,3,False
36d81a7b-0854-4ee0-a923-f7cf3061ec34,CUS-00672,4973.59,mobile_money,Lagos,Kosofe,13a031b3a7c8fb31,2025-02-27 21:41:14,21,3,False
c31d59f2-48cc-4e92-87ee-3070a9c133f3,CUS-01319,55932.3,mobile_money,Lagos,Mushin,9dd92bdbfbe0cdc4,2025-02-27 21:41:24,21,3,False
02c2ee81-2ec3-425f-9749-53f419b52486,CUS-01658,390.31,bank_transfer,Rivers,Eleme,19dace16c10f4388,2025-02-27 21:42:11,21,3,False
d36d80ff-f14d-4bf9-8cb5-d4012a0b6789,CUS-01071,234.74,bank_transfer,Lagos,Agege,2c2aba826c5a47ac,2025-02-27 21:51:28,21,3,False
1121e0c2-6833-436d-a445-08802fc8a885,CUS-01603,432028.99,pos,Kano,Kumbotso,73ddb92252538ec9,2025-02-27 21:52:26,21,3,False
ab92d473-19ff-4e3c-9301-ec9e3c092a0b,CUS-01897,35332.58,pos,Lagos,Kosofe,e94888cd3a69e633,2025-02-27 22:17:00,22,3,True
66e16090-e5ed-481a-b902-4de97d748764,CUS-00438,1885.44,mobile_money,Edo,Egor,13939ba62a5e19d3,2025-02-27 22:23:00,22,3,True
de3bb2eb-e663-47dd-9c2d-001f268cdcc4,CUS-00985,14707.76,card,Abuja FCT,Bwari,1d6ac9ff027e6d97,2025-02-27 22:23:00,22,3,True
bd6b91f5-df6c-4d30-b4a1-e63450b79a32,CUS-00438,85569.88,bank_transfer,Edo,Egor,13939ba62a5e19d3,2025-02-27 22:28:00,22,3,True
dcc400e2-79c8-4f58-92d0-5ffd46b2994a,CUS-00438,2373.26,pos,Edo,Oredo,13939ba62a5e19d3,2025-02-27 22:48:00,22,3,True
a9b7bcef-14fb-453b-bc8e-6e8ba9319e14,CUS-00438,2539.03,ussd,Edo,Egor,13939ba62a5e19d3,2025-02-27 22:58:00,22,3,True
56ade28a-0b17-435b-acb4-623d6fa91083,CUS-00946,577974.28,bank_transfer,Lagos,Eti-Osa,c6a0a0a65e14115d,2025-02-28 00:19:00,0,4,True
6bd1192f-fb47-4a65-a4a6-e71c15cda8e5,CUS-00173,92602.88,ussd,Lagos,Oshodi-Isolo,215dbe62d129810e,2025-02-28 00:39:59,0,4,False
a06aadc8-f2c4-4eb6-9f7a-90e47bebd0fd,CUS-00236,78035.85,ussd,Kano,Kumbotso,a5603aec39b63960,2025-02-28 00:48:39,0,4,False
0cb51bba-bd91-4da9-a784-5c6998803932,CUS-00219,1628.87,pos,Borno,Borno-Central,ab7212d149ded51a,2025-02-28 01:47:03,1,4,False
9b346274-df19-4f06-bf2f-9fb308f3210a,CUS-01482,394.61,pos,Oyo,Oyo East,304c1b645c7fc091,2025-02-28 02:08:04,2,4,False
f0c3ac66-c7dd-4596-ae19-e3981e61c467,CUS-01788,40740.51,pos,Lagos,Mushin,28c66b1dab0a3687,2025-02-28 02:10:16,2,4,False
43e74347-027f-411c-89e1-79e257f3aaed,CUS-01053,367431.19,bank_transfer,Imo,Imo-Central,239fe4560cf4f0a8,2025-02-28 02:29:00,2,4,True
822a3a36-af06-4234-8081-27e05685eaa6,CUS-00968,159057.62,ussd,Oyo,Oyo East,585ed5cc12bc5507,2025-02-28 03:51:55,3,4,False
7b6a7ca9-fe5c-4a2b-bb14-58e1102c8b8f,CUS-00218,34714.18,mobile_money,Delta,Oshimili South,24abeb697c977db0,2025-02-28 04:00:03,4,4,False
3ad10241-fb7c-441a-b5b2-8776f2a42b2d,CUS-00034,457850.85,bank_transfer,Akwa Ibom,Akwa Ibom-Central,16d056fcd36c662b,2025-02-28 04:01:37,4,4,False
a03a2b85-7bd3-4f76-a03e-a5aebdebc9ab,CUS-01966,4554.59,pos,Lagos,Lagos Mainland,72786112a0d6498a,2025-02-28 04:23:45,4,4,False
faad49bb-9f3f-417d-beb0-1d74dc74d443,CUS-01353,309.12,bank_transfer,Ondo,Ondo-Central,50b981c8ef346316,2025-02-28 06:37:34,6,4,False
3706922c-3201-4469-ab08-535712817dc1,CUS-01598,370.32,pos,Lagos,Mushin,4fb23adca810bdd7,2025-02-28 08:11:22,8,4,False
826d2d5f-6e8b-4a07-b36a-ad2616266903,CUS-00507,34473.46,bank_transfer,Plateau,Plateau-Central,f0f00c7123d03468,2025-02-28 09:15:48,9,4,False
f542fa06-98e8-42da-8c16-1160d88e8325,CUS-01757,12100.13,pos,Abuja FCT,Gwagwalada,2b81d97a0edf05ec,2025-02-28 09:17:16,9,4,False
974d03e4-2569-4d49-a140-504214ac8a7e,CUS-00129,3715.74,bank_transfer,Abuja FCT,Bwari,4a1eb4a9e1afdf10,2025-02-28 09:23:11,9,4,False
d1c7cc9a-f635-4816-8ba9-d1758e419b1a,CUS-00210,3245.88,mobile_money,Oyo,Ibadan South-West,e7a908e94677ed3e,2025-02-28 09:26:46,9,4,False
ad390bff-36d2-4fd1-a683-6b167f4d5df4,CUS-00258,540897.8,pos,Oyo,Ibadan South-West,0aef7632c74d2bb0,2025-02-28 09:27:58,9,4,False
780a45b3-a23a-4b70-bf95-0c5134d61b53,CUS-01930,3660.59,ussd,Oyo,Ogbomoso,df56dbbbb4f7abf5,2025-02-28 09:34:54,9,4,False
ad8a0d4a-43bc-4f3c-92cd-245bc590b828,CUS-01777,4004.37,bank_transfer,Rivers,Port-Harcourt,3b6b26cc8eb04698,2025-02-28 09:37:17,9,4,False
8e16e083-90b3-45be-a445-36b6ba7bfd00,CUS-01605,3102.03,pos,Abuja FCT,Bwari,e888ec392f115231,2025-02-28 09:37:55,9,4,False
65617f58-6779-4356-b5fb-43d64954c8a7,CUS-01823,82217.72,pos,Abia,Abia-Central,7549cb46f8c38da9,2025-02-28 09:38:25,9,4,False
eca7dcf6-9c0c-4851-a361-7618bc6c2fd6,CUS-01851,2131.29,pos,Benue,Benue-Central,d3e748409aa8c63f,2025-02-28 09:38:42,9,4,False
2bc2538b-ca36-4897-a14a-a279555c609d,CUS-01778,1997.44,mobile_money,Lagos,Kosofe,88867b61ceb71236,2025-02-28 09:40:31,9,4,False
11ac4d8c-aadb-4f57-a043-79e57748b928,CUS-00306,4875.03,pos,Abuja FCT,Bwari,880be9776e3ab6d8,2025-02-28 09:52:59,9,4,False
dce8afd0-fe90-4b03-ae20-b17c84e7babf,CUS-01644,4025.75,pos,Lagos,Alimosho,4eb0e2d037f0c5a2,2025-02-28 09:54:04,9,4,False
1600491f-8d5b-4579-abbe-e80e96c33c08,CUS-00432,2460.37,card,Enugu,Enugu East,d821956ebf7b9a1c,2025-02-28 10:29:43,10,4,False
02e01080-df2f-4e1e-8cc7-c3d80af529fe,CUS-00361,608509.92,bank_transfer,Delta,Oshimili South,63ca41fce393271f,2025-02-28 10:32:56,10,4,False
5a6e6de4-5750-47d1-82d2-7cfeeb3da0dc,CUS-01844,572.83,pos,Jigawa,Jigawa-Central,1c72f4beb92ebf41,2025-02-28 10:46:35,10,4,False
5b05a45e-f5a7-43b2-a4eb-17b419cd09a6,CUS-00594,67696.8,pos,Nassarawa,Nassarawa-Central,62169e9b81a796c6,2025-02-28 10:49:02,10,4,False
18eeeffb-b904-4b76-8624-729e4ce5a4aa,CUS-01564,69350.79,ussd,Plateau,Plateau-Central,de56d3da703b6adb,2025-02-28 10:49:57,10,4,False
b8e1b432-465e-4f2c-9c4d-ce37101e6cdd,CUS-00062,45856.87,mobile_money,Plateau,Plateau-Central,97c2d31f69cba6c7,2025-02-28 10:52:48,10,4,False
3d61e85d-ef5a-4013-bb40-12c39fbaa573,CUS-01246,4480.84,bank_transfer,Lagos,Kosofe,3fde53d02cb1d927,2025-02-28 11:05:10,11,4,False
81a77a89-3e52-4a12-8423-47be06dca40f,CUS-00969,718.84,bank_transfer,Abuja FCT,Kuje,16437dc8de01cc12,2025-02-28 11:14:31,11,4,False
fbdb6826-5f82-4851-ad03-95bee6e55b65,CUS-01168,834.11,pos,Lagos,Surulere,b9e8174213c89292,2025-02-28 11:22:09,11,4,False
f8ec8b46-1773-48cb-afdf-b2ef9d78d696,CUS-01106,88842.52,bank_transfer,Rivers,Obio-Akpor,fa541b676a9458f8,2025-02-28 11:26:03,11,4,False
7c1a38b2-2197-4a6a-b6f4-c371d5a384db,CUS-01414,50.71,mobile_money,Oyo,Ogbomoso,d4d3c0f8c47d790d,2025-02-28 11:43:46,11,4,False
835e57ea-44c4-4201-9b70-8df565621375,CUS-00797,93950.85,bank_transfer,Oyo,Ibadan North,59420c39724467cb,2025-02-28 11:51:13,11,4,False
ce8d3f16-44fb-460a-b30f-a85dc34a5932,CUS-01730,113.77,pos,Kano,Fagge,ccdd451e2764643f,2025-02-28 11:53:00,11,4,False
9ad6673b-ae2a-4d2e-987e-ca21c52826f3,CUS-01773,2732.65,mobile_money,Cross River,Cross River-Central,c0784cb07cd5f0e0,2025-02-28 11:59:47,11,4,False
6d51317d-0836-4b6a-88f0-abe7c60e85de,CUS-01145,3580.54,pos,Kaduna,Kaduna South,925027ad2e73f2c2,2025-02-28 12:00:00,12,4,True
7cd023c4-58db-488c-b6a7-030f96f5cb6f,CUS-00530,4920.73,pos,Benue,Benue-Central,c87ff27a0ddd5155,2025-02-28 12:05:01,12,4,False
49612026-b28b-4408-aa94-72dfdf323769,CUS-00177,216.45,bank_transfer,Rivers,Port-Harcourt,a4dcc499bf9a97dd,2025-02-28 12:10:11,12,4,False
fe85b819-6d9e-4204-8c0b-01f740305ed9,CUS-01463,638.89,bank_transfer,Delta,Uvwie,c8977aab38696c1b,2025-02-28 12:12:57,12,4,False
2bcd8fb8-0444-409f-84dd-b86d46c0254c,CUS-00397,389.89,pos,Rivers,Oyigbo,226e1605023f9821,2025-02-28 12:13:19,12,4,False
e929360b-873b-44c5-86e8-0edca9938afc,CUS-01441,88903.34,bank_transfer,Lagos,Ikeja,d64b70861a0a4512,2025-02-28 12:17:44,12,4,False
21b92c17-f21e-4060-a2ba-417351674787,CUS-01145,4550.99,bank_transfer,Cross River,Cross River-Central,925027ad2e73f2c2,2025-02-28 12:23:00,12,4,True
0c3b2ca2-fa05-4a8e-9e3e-5471fe9dfee5,CUS-00178,140.58,mobile_money,Gombe,Gombe-Central,ae961792de3c8d29,2025-02-28 12:38:16,12,4,False
74e9b801-af8f-4372-83d0-75eed2f9add3,CUS-01756,412546.06,pos,Cross River,Cross River-Central,4992e34bc44b3870,2025-02-28 12:52:59,12,4,False
e273e99b-2f17-4b38-b02c-b7941fa0fad4,CUS-00638,36433.47,card,Kano,Tarauni,10a3f70099baa52a,2025-02-28 12:56:00,12,4,False
581d7398-d986-46b3-aac0-8422a6367a15,CUS-01342,417.86,pos,Zamfara,Zamfara-Central,31b1f39dd3d30b05,2025-02-28 12:56:30,12,4,False
5c4a9135-15b8-45f3-a244-7241e7936b9b,CUS-00310,5190.81,mobile_money,Kano,Kumbotso,320091fe12a777cf,2025-02-28 13:00:00,13,4,True
79ee8119-fdf8-46cc-b79b-9b155c100e03,CUS-00617,2900.39,pos,Kano,Gwale,9be78ff896a57226,2025-02-28 13:01:03,13,4,False
f912c13f-82e0-4d9e-9fbb-a94c2ce60e50,CUS-00310,822.42,pos,Delta,Warri South,320091fe12a777cf,2025-02-28 13:14:00,13,4,True
afb5776f-8b2c-40b3-a312-a468ab86651d,CUS-00885,26836.03,ussd,Lagos,Ikeja,86545590e89568a7,2025-02-28 13:21:55,13,4,False
c47faf18-d754-43ca-b223-7d6b61f4685b,CUS-01974,120.63,pos,Kano,Gwale,3dbf38dcef5a1bfd,2025-02-28 13:26:01,13,4,False
cff6706c-19a5-4a5b-b624-804bd084b911,CUS-00004,54895.48,pos,Lagos,Ikeja,37995ca70dfdc7f4,2025-02-28 13:31:00,13,4,False
a8e3c46c-70a3-428f-84ce-e45a99d0999c,CUS-01718,587.33,bank_transfer,Ekiti,Ekiti-Central,7830e91dc369472d,2025-02-28 13:31:56,13,4,False
92ca1781-4a2d-49cc-968b-b715047c8e84,CUS-00452,4538.51,bank_transfer,Rivers,Port-Harcourt,42de18a74e13aeb6,2025-02-28 13:34:59,13,4,False
a41db36f-1ec5-4b6f-bc5f-e777065c9954,CUS-01675,5037.61,pos,Kano,Tarauni,a9e9dac83e68ea24,2025-02-28 13:39:56,13,4,False
81c7449a-1ee0-4ed5-9f60-90b3eb1d929e,CUS-00410,76737.04,mobile_money,Kano,Tarauni,9f4f4dd35dc18f7d,2025-02-28 13:42:10,13,4,False
0b7a5cae-68c4-4b36-8e2f-08b69979b709,CUS-00745,45336.68,mobile_money,Nassarawa,Nassarawa-Central,29e2cbcd28a19312,2025-02-28 13:48:29,13,4,False
27e9dd71-8b15-4cd9-8333-9aa823244448,CUS-00043,66.39,pos,Kogi,Kogi-Central,dde67db5f24e0bcc,2025-02-28 13:59:15,13,4,False
a9198591-fb34-4e6b-bef2-aa444723670a,CUS-00046,4849.93,pos,Kano,Nassarawa,18464df2f2c6b764,2025-02-28 14:04:29,14,4,False
0bbaaa07-2322-4d41-9714-36deabbca0a8,CUS-01036,34265.19,bank_transfer,Kano,Kumbotso,2600188299f78a75,2025-02-28 14:07:57,14,4,False
c0e05d38-1e18-4ecc-a844-88400d558bcc,CUS-01328,260.29,pos,Delta,Oshimili South,ec070dad4f209a16,2025-02-28 14:24:41,14,4,False
a8161891-5ca0-487c-96b9-bdb873abd340,CUS-00449,392.57,pos,Lagos,Oshodi-Isolo,cb29b45a0a9e6da2,2025-02-28 14:25:28,14,4,False
602c5de0-7169-4c36-8c73-1bf9265f0ea9,CUS-00125,15441.72,mobile_money,Rivers,Eleme,b21c8566ae744018,2025-02-28 14:27:53,14,4,False
b5ababea-8cfa-43f4-aa5f-07417e10224c,CUS-01132,117.55,card,Lagos,Ikorodu,cda0f4186c3affa8,2025-02-28 14:30:34,14,4,False
3c2da4b0-5061-4465-926b-abbdce1affa2,CUS-00287,84039.49,pos,Oyo,Ibadan North,afbcc0122e2768f4,2025-02-28 14:33:32,14,4,False
ce5da00d-40ba-46bf-ae6a-b74bddf2ec91,CUS-00471,1978.6,card,Bayelsa,Bayelsa-Central,7a9eeef4f46a3321,2025-02-28 14:34:45,14,4,False
54f94ad9-d064-4b69-8e3a-6243ea7e28b2,CUS-01158,3729.67,mobile_money,Zamfara,Zamfara-Central,5f375fa4790e96f4,2025-02-28 14:37:53,14,4,False
37a23e5c-a53c-4dcf-9fa5-fa5a756df4d7,CUS-01232,1780.67,pos,Lagos,Ikorodu,3bdc663f1724f3e8,2025-02-28 14:42:05,14,4,False
7802a818-897d-42ba-a959-7df1d9de44aa,CUS-01604,265.21,mobile_money,Lagos,Kosofe,f3a9328502c9a405,2025-02-28 14:42:23,14,4,False
191db650-0026-4371-a239-2c5363085be8,CUS-01123,26096.18,ussd,Benue,Benue-Central,fb699ebe9e952918,2025-02-28 14:45:05,14,4,False
09d2be38-354e-46ba-833b-47d2002f9600,CUS-01236,540.4,pos,Zamfara,Zamfara-Central,d68479e2a9eb270f,2025-02-28 14:53:42,14,4,False
2a22150b-687c-4f31-93d1-1ad8c6397f86,CUS-00289,215.93,pos,Kaduna,Kaduna South,b2cf27b1e6b53ab6,2025-02-28 15:13:45,15,4,False
4af6d10e-3022-4d47-a867-3162c99b6250,CUS-01915,305.27,pos,Ondo,Ondo-Central,5df0e6f4ac72dfe8,2025-02-28 15:24:38,15,4,False
d66a0182-7892-46e9-8855-84d0f69ef3df,CUS-01956,1918.47,ussd,Delta,Oshimili South,03426b6d08e1ad15,2025-02-28 15:34:38,15,4,False
61f78bf9-70c2-41ff-a287-5d6b40b52974,CUS-00830,176405.55,bank_transfer,Lagos,Mushin,641b7c08ec6c7f29,2025-02-28 15:35:31,15,4,False
18dc918e-32e1-4972-8951-61f64fc41008,CUS-01271,314.05,ussd,Sokoto,Sokoto-Central,7373474fe2ebb6c3,2025-02-28 15:39:00,15,4,False
e8c2cf8d-07aa-43d9-8f95-4c05a37e2441,CUS-00253,1811.59,pos,Kano,Gwale,9ff58e403109ef30,2025-02-28 15:54:08,15,4,False
1bf564b7-d826-4311-9be0-baf11710e903,CUS-00179,1978.55,bank_transfer,Lagos,Ikeja,53779734db1d17c1,2025-02-28 16:04:08,16,4,False
5a4b1e90-f42e-45fc-8eae-e0a63ed83133,CUS-01119,303.08,pos,Lagos,Surulere,1d9dacbb234e6142,2025-02-28 16:12:43,16,4,False
0f5e7a3f-d126-4088-b46b-e12b8c22f1e7,CUS-01752,3975.17,pos,Lagos,Surulere,1418241f25a9340c,2025-02-28 16:15:16,16,4,False
fae7e0fa-df75-43ac-aed7-821dc1fee86e,CUS-00077,75965.81,bank_transfer,Lagos,Eti-Osa,002e09c381b02971,2025-02-28 16:27:26,16,4,False
cc44c437-fa00-49f7-b14c-17939ba0182f,CUS-01301,2028.94,pos,Gombe,Gombe-Central,7ee759a20580155c,2025-02-28 16:32:32,16,4,False
13e1b1c5-99e0-492b-9826-e26dcb8efe73,CUS-01001,3281.63,mobile_money,Oyo,Ibadan South-West,537f88949a0d8fb6,2025-02-28 16:44:27,16,4,False
118e8dc1-aefa-434e-b336-88318e72cff6,CUS-01060,4999.55,pos,Kebbi,Kebbi-Central,b82de4bf598b7a40,2025-02-28 16:55:03,16,4,False
71b31ed6-cb70-4bee-8c45-11d2962b58e7,CUS-00851,174787.21,pos,Osun,Osun-Central,a241b39179d8b34d,2025-02-28 17:15:21,17,4,False
15019379-77b7-4599-9027-3200fea3d7e2,CUS-00207,4474.54,pos,Delta,Oshimili South,4fe56fe2feb81f6a,2025-02-28 17:20:06,17,4,False
1d6096e3-b7fc-45ea-82dc-64e58047420b,CUS-01096,3570.88,mobile_money,Lagos,Kosofe,41d538220b50c361,2025-02-28 17:34:21,17,4,False
89f1d6d0-80ce-4c17-aa50-450c390194f6,CUS-00667,56585.63,mobile_money,Lagos,Oshodi-Isolo,253d8a4c18d46c1e,2025-02-28 17:34:57,17,4,False
63b244c9-a3e9-47d4-8ecb-66ef89a0a226,CUS-00146,38382.32,bank_transfer,Kaduna,Kaduna South,ffbadfb973b5ec03,2025-02-28 17:42:20,17,4,False
93d4ec73-6289-47df-9579-2182a84b4e71,CUS-00767,3806.42,pos,Kebbi,Kebbi-Central,b60a92927087472a,2025-02-28 17:45:17,17,4,False
c600ae5a-f640-446f-9381-7fc0226c8cd1,CUS-00125,4705.13,mobile_money,Rivers,Eleme,b21c8566ae744018,2025-02-28 17:50:02,17,4,False
ba83baa2-fc9d-4950-8724-580fc7647674,CUS-01701,246.11,mobile_money,Rivers,Obio-Akpor,0339e824793d49a0,2025-02-28 18:02:21,18,4,False
e0903981-b3ed-4e11-8d7d-bccac9ab5769,CUS-00060,2831.83,pos,Rivers,Obio-Akpor,0f57eb1b8e271781,2025-02-28 18:02:33,18,4,False
71b25ddb-ac68-4590-93bc-0e45f618764d,CUS-00146,12061.24,bank_transfer,Kaduna,Zaria,ffbadfb973b5ec03,2025-02-28 18:05:46,18,4,False
61936bad-f6cb-4f4f-803a-d44e496ba8e3,CUS-00992,458.52,pos,Kano,Dala,9efb5fcc24e336a3,2025-02-28 18:21:32,18,4,False
473b4262-4ca1-44f0-9856-940918c97f3e,CUS-01313,2045.29,pos,Plateau,Plateau-Central,2f311974757a1b11,2025-02-28 18:23:08,18,4,False
8240cd87-5cef-420f-8dab-cd10625dd504,CUS-00857,37388.67,pos,Abuja FCT,Municipal,5dc9fa146e46a351,2025-02-28 18:31:00,18,4,False
fe389d53-e6e5-4323-a8ae-2588db27ae28,CUS-01249,967.82,bank_transfer,Enugu,Enugu North,0c1ae52223dc0d81,2025-02-28 18:35:21,18,4,False
82275ab6-8dea-4f8b-8e1b-4138e2fa641a,CUS-00736,324.35,card,Rivers,Oyigbo,a1e444919f8015bd,2025-02-28 18:46:45,18,4,False
e1d9ebf4-6aeb-4897-be6a-2163db4d1332,CUS-00744,1562.82,bank_transfer,Lagos,Lagos Mainland,3cefb1dc104151c1,2025-02-28 18:55:33,18,4,False
019ba70c-6de3-4aef-a3cd-24a62f22e6b1,CUS-01560,2519.89,pos,Kano,Dala,65fa79b574411b2d,2025-02-28 18:57:20,18,4,False
37b89cf4-712d-43a9-84ee-e85acd0e1312,CUS-00489,294.51,pos,Niger,Niger-Central,6fd9e9e2be5896c6,2025-02-28 19:16:04,19,4,False
03ffdc4f-81d3-4f18-860c-64b680bb4911,CUS-00582,47488.97,mobile_money,Abuja FCT,Kuje,5097ab10195e97a2,2025-02-28 19:19:49,19,4,False
223745c9-c611-4c7a-b8a4-1d70784da38b,CUS-00377,436139.8,mobile_money,Lagos,Ikeja,404fae11bb5912f0,2025-02-28 19:46:22,19,4,False
2f67163b-f5d3-4d75-a5cb-99a1ab3a191f,CUS-00263,65920.24,bank_transfer,Abuja FCT,Bwari,265b06bdfd90b3d9,2025-02-28 19:48:50,19,4,False
95280455-7f57-4ff7-b4f0-0b9e46d19851,CUS-00645,77.16,mobile_money,Niger,Niger-Central,3f8102ecf21bc1db,2025-02-28 19:53:41,19,4,False
d6126834-8abe-40ff-9080-7171bf8c3eff,CUS-01636,36391.15,pos,Rivers,Oyigbo,66bd3121a09da021,2025-02-28 19:54:54,19,4,False
65a14310-0464-4ea3-9664-fcdd509dcc23,CUS-00698,385.54,mobile_money,Lagos,Oshodi-Isolo,5f2762a71ad1b9a9,2025-02-28 19:55:43,19,4,False
30960004-594d-4e81-b9f8-b9c54d118de3,CUS-00902,2558.06,pos,Lagos,Ikorodu,74f8fb4b85130ba0,2025-02-28 19:57:31,19,4,False
a487718d-de1f-49b2-8012-271bc814a513,CUS-00270,31574.49,pos,Benue,Benue-Central,30d3830e3a8a63b9,2025-02-28 20:11:25,20,4,False
b8d72bc0-1f0b-4e77-ab3f-bd559ea2960e,CUS-00566,9067.06,pos,Rivers,Eleme,f389f15b8678ae5c,2025-02-28 20:18:55,20,4,False
1c910c26-c8cc-4832-a796-0a90645359ec,CUS-00877,8499.4,pos,Delta,Oshimili South,dbdece7179f3f47e,2025-02-28 20:27:27,20,4,False
415074ca-510e-4d74-b1b6-451d5d16183a,CUS-01799,2287.75,mobile_money,Lagos,Eti-Osa,73145fde27a32e2e,2025-02-28 20:31:23,20,4,False
59f0e166-80c6-4f72-b286-8783b55f9797,CUS-01381,2602.67,ussd,Rivers,Oyigbo,f4b4ef6860ca96ae,2025-02-28 20:38:44,20,4,False
d1a7655d-b23a-4f40-8ddb-b926ce2018e0,CUS-01978,85.52,mobile_money,Kebbi,Kebbi-Central,c9c94165fe4b9e65,2025-02-28 20:41:43,20,4,False
22640d00-2b8f-4f00-bc4e-d0dca362a6f0,CUS-00646,927.7,card,Kaduna,Kaduna South,2b7015d78d5d685e,2025-02-28 20:50:34,20,4,False
94b65530-b672-4292-9087-78c22837814b,CUS-00227,2836.82,bank_transfer,Rivers,Eleme,5520f23bfce438f4,2025-02-28 20:51:22,20,4,False
4d5714b3-7051-4ced-84ab-260ef38b4871,CUS-00557,861791.66,pos,Lagos,Alimosho,07fc4697d947a08e,2025-02-28 20:54:05,20,4,False
38699953-2285-43b0-b668-e264f003a270,CUS-00284,25545.89,ussd,Oyo,Ogbomoso,2521b7e3eb4f932c,2025-02-28 20:59:03,20,4,False
84ba2f40-8033-45b1-b690-53f55fdacc7a,CUS-00294,4075.08,pos,Lagos,Kosofe,b4d76a0aefaa7938,2025-02-28 21:02:44,21,4,False
6e4f4e57-cdaa-425a-994f-6b7eaf302ab2,CUS-01401,39762.35,pos,Lagos,Mushin,819745d3500a43cf,2025-02-28 21:03:39,21,4,False
03baf299-39db-455e-9a61-853fd78b5e6b,CUS-00418,4631.88,pos,Anambra,Awka South,0ace4848c68c0524,2025-02-28 21:10:22,21,4,False
bd7dddc3-9d58-4484-ae8c-33f81b9ad3cd,CUS-00555,4880.68,card,Rivers,Eleme,2bb9648d451718fc,2025-02-28 21:12:07,21,4,False
9b48f6bf-aca2-400b-a868-a27c90e8bb7e,CUS-00469,87632.24,bank_transfer,Akwa Ibom,Akwa Ibom-Central,b5251479bf661af6,2025-02-28 21:12:29,21,4,False
44e2ef2c-cd09-4040-bb5d-b9d1f8d7d20c,CUS-00530,40781.76,mobile_money,Benue,Benue-Central,c87ff27a0ddd5155,2025-02-28 21:50:34,21,4,False
31d281ac-58ee-424f-a7a1-ccea3302c19e,CUS-01876,412.46,pos,Kaduna,Kaduna South,f535c1276725ba9c,2025-02-28 21:50:34,21,4,False
003be4e2-39d6-430d-ac02-4c57d950b493,CUS-01175,1428.42,pos,Oyo,Ibadan North,576106d204850a52,2025-02-28 22:04:45,22,4,False
5786b934-be78-47d4-8bf2-7c8dbade79df,CUS-01317,169.74,pos,Ondo,Ondo-Central,4177b2602ac8ffb6,2025-03-01 00:02:00,0,5,True
854becdf-39ea-4a8a-ad53-91e187e4391f,CUS-01317,221.09,ussd,Ondo,Ondo-Central,4177b2602ac8ffb6,2025-03-01 00:15:00,0,5,True
6793993d-6d5c-44be-8984-7023e6115e5c,CUS-01317,92.36,ussd,Ondo,Ondo-Central,4177b2602ac8ffb6,2025-03-01 00:15:00,0,5,True
be3c12e9-818c-4028-8353-52c73c6940ad,CUS-01317,269.48,ussd,Ondo,Ondo-Central,4177b2602ac8ffb6,2025-03-01 00:26:00,0,5,True
26a45393-830e-4430-bbbb-c97d7677d5b5,CUS-01317,377.31,pos,Ondo,Ondo-Central,4177b2602ac8ffb6,2025-03-01 00:28:00,0,5,True
612d040c-ed5d-4d05-82c0-becd4544b36b,CUS-01317,334.95,pos,Ondo,Ondo-Central,4177b2602ac8ffb6,2025-03-01 00:29:00,0,5,True
5bb0a175-30a2-482c-9543-34f3f9f502a9,CUS-00309,303.92,pos,Kano,Nassarawa,8db672274e891d06,2025-03-01 00:30:54,0,5,False
0e6a09f5-af79-40a8-abec-8578f24b15a8,CUS-01317,255.97,mobile_money,Ondo,Ondo-Central,4177b2602ac8ffb6,2025-03-01 00:47:00,0,5,True
3999cd0a-c11f-4715-8a80-274fcb55d4cd,CUS-01317,152.67,ussd,Ondo,Ondo-Central,4177b2602ac8ffb6,2025-03-01 00:50:00,0,5,True
2eac3ef6-538d-4ded-94ae-dc2f85316a08,CUS-00276,219156.15,bank_transfer,Imo,Imo-Central,9487056a11d10a77,2025-03-01 01:09:00,1,5,True
17810914-48d2-4500-ad7e-ba2fd52e8c11,CUS-00578,897498.36,bank_transfer,Abuja FCT,Bwari,11bf76c9882864cd,2025-03-01 01:22:00,1,5,True
08cc436c-1a94-4668-802e-68a9d7c79b51,CUS-00951,4185.97,mobile_money,Delta,Warri South,4973e4e26b1c17dd,2025-03-01 02:00:13,2,5,False
cc4d47ab-b93f-4078-8560-a68d488fa816,CUS-00283,4833.9,pos,Lagos,Oshodi-Isolo,dfae8283545faf33,2025-03-01 02:23:09,2,5,False
c36d9c24-c315-47f7-8514-80784fbdabea,CUS-00563,38158.89,pos,Lagos,Agege,25a706977d61cb16,2025-03-01 02:23:51,2,5,False
850fee8f-e5e6-4daf-96ab-fd6c63a9e9b7,CUS-01979,3514.86,bank_transfer,Borno,Borno-Central,9d5dd236bdaf1bc7,2025-03-01 02:42:56,2,5,False
8f5ed822-bf5f-4a7a-8f8e-7bec4de11eb0,CUS-01639,671638.95,bank_transfer,Yobe,Yobe-Central,ae90b6ac4ac47787,2025-03-01 02:51:00,2,5,True
1a271731-6225-466d-ae26-81770deaeee8,CUS-00109,647789.99,bank_transfer,Lagos,Ikeja,1fe85427128d6d69,2025-03-01 03:30:00,3,5,True
d8134b63-d286-4a49-badb-aecae52de058,CUS-01960,312.73,pos,Lagos,Surulere,4940f9f60c439d5c,2025-03-01 05:02:00,5,5,True
89159915-b4a1-4647-95c2-dc0697e25fcf,CUS-01960,290.84,pos,Lagos,Lagos Mainland,4940f9f60c439d5c,2025-03-01 05:03:00,5,5,True
7e6fab53-e76d-4383-8646-23e7466471b4,CUS-01960,433.64,mobile_money,Lagos,Mushin,4940f9f60c439d5c,2025-03-01 05:12:00,5,5,True
d40c3bcb-470f-4394-b35f-ce6d9a7c2bf1,CUS-01960,373.23,mobile_money,Lagos,Eti-Osa,4940f9f60c439d5c,2025-03-01 05:13:00,5,5,True
25728fbb-4e57-4add-913b-f20dd2cdee17,CUS-01960,148.98,ussd,Lagos,Alimosho,4940f9f60c439d5c,2025-03-01 05:14:00,5,5,True
d7805fec-70fa-4bd8-ad08-ead10184f2fa,CUS-01960,391.02,mobile_money,Lagos,Surulere,4940f9f60c439d5c,2025-03-01 05:14:00,5,5,True
e4d5205c-5126-422b-ac20-4bb407a3e5db,CUS-01960,422.56,ussd,Lagos,Ikeja,4940f9f60c439d5c,2025-03-01 05:44:00,5,5,True
b0cf92d5-08b1-48a0-bfe0-9ebda7bfabd9,CUS-01361,226.19,bank_transfer,Lagos,Kosofe,e0a5181f4315f4ad,2025-03-01 06:16:49,6,5,False
443399c5-c21e-462a-bdc3-a0494d61e98c,CUS-00711,847277.53,bank_transfer,Kaduna,Kaduna North,66205d88b166ccba,2025-03-01 06:24:12,6,5,False
16f0d17d-21ad-4f7e-826c-a22edd6b306c,CUS-00477,52039.92,ussd,Oyo,Ibadan South-West,4a04eeeb911cfe41,2025-03-01 06:42:00,6,5,True
ce42a843-5477-412d-b505-6ce933feed40,CUS-00133,4223.93,bank_transfer,Kano,Gwale,48bed95f602bfd50,2025-03-01 07:01:50,7,5,False
70db9b9d-483d-4fc9-9423-e83f74e11672,CUS-01361,27067.86,pos,Lagos,Agege,e0a5181f4315f4ad,2025-03-01 07:57:54,7,5,False
ac1638fe-16eb-4354-bb99-7af21950ac02,CUS-01576,673706.39,pos,Lagos,Lagos Mainland,7bae466cfc2d3e32,2025-03-01 07:59:49,7,5,False
7aa43a16-c1ad-4f2e-ad5a-66ab56d94c70,CUS-01851,25281.75,pos,Benue,Benue-Central,d3e748409aa8c63f,2025-03-01 08:26:13,8,5,False
ecaa0db6-4466-4278-8093-f2da461f7512,CUS-01616,152.42,bank_transfer,Ogun,Ogun-Central,be333283103f5129,2025-03-01 08:50:46,8,5,False
94607e73-4b4b-4a67-8069-41471546bbc1,CUS-00477,684.26,pos,Oyo,Ibadan North,4a04eeeb911cfe41,2025-03-01 08:51:00,8,5,True
1c23741f-c44c-468a-8600-5e7fbd62067a,CUS-01386,35491.15,pos,Abia,Abia-Central,a0b3c4931fa33023,2025-03-01 09:01:21,9,5,False
6e03289c-e957-48e6-90ea-0da84a2e0d17,CUS-00848,2916.09,bank_transfer,Abuja FCT,Kuje,b8495cc2e07bf6b9,2025-03-01 09:02:50,9,5,False
a8dea81b-11b1-49ca-b7ab-5efddfbfceaa,CUS-00560,115292.31,mobile_money,Edo,Ikpoba-Okha,dcd32d1480d8b5f4,2025-03-01 09:08:28,9,5,False
337b8691-e0ed-4bb4-a306-4653f67bbe96,CUS-01660,369.11,bank_transfer,Kaduna,Zaria,47d98a681f2232b5,2025-03-01 09:20:20,9,5,False
bf962b86-8eeb-461f-ba65-82b1ce97a564,CUS-01502,14172.23,card,Lagos,Mushin,7d35363b4da45b4d,2025-03-01 09:21:34,9,5,False
70939a25-5854-42a3-bf13-ccb511b3c6ae,CUS-01934,34528.1,pos,Anambra,Onitsha North,a9e4a4115fd7213b,2025-03-01 09:22:14,9,5,False
03d4ea80-b7f8-4e4f-b152-5fb66e7cecf3,CUS-01503,4411.87,pos,Kano,Kumbotso,f209ce9a3a87000b,2025-03-01 09:23:03,9,5,False
0021b91d-880e-4562-83b7-24af4ff58c23,CUS-01361,2595.28,pos,Lagos,Oshodi-Isolo,e0a5181f4315f4ad,2025-03-01 09:24:40,9,5,False
da427318-4b16-425b-abd2-9df742205574,CUS-01664,1073.49,bank_transfer,Ogun,Ogun-Central,69024d426ea4f554,2025-03-01 09:32:46,9,5,False
fb64dc3f-94e4-481f-9692-04504d248fbc,CUS-01229,797630.47,bank_transfer,Rivers,Port-Harcourt,8c91df8008502cf9,2025-03-01 09:33:00,9,5,True
3fbd73db-20a0-445c-91d9-875a54648422,CUS-00305,72432.46,bank_transfer,Ebonyi,Ebonyi-Central,9e787051cfcebf91,2025-03-01 09:39:01,9,5,False
a93c1ab4-6efd-4555-bfe9-db2f25ecc87f,CUS-00148,2693.17,ussd,Lagos,Agege,60928649e7eb9481,2025-03-01 09:46:00,9,5,True
5a3277d8-7ea1-40b8-a58d-b17f947c802e,CUS-01949,245.19,pos,Rivers,Eleme,768770528d41dc82,2025-03-01 09:51:38,9,5,False
147ac664-97c4-479e-aae9-4b8b0f3455af,CUS-00983,4813.72,mobile_money,Lagos,Surulere,df0d0800377121f5,2025-03-01 09:54:26,9,5,False
0910944a-db21-42e9-b93c-640891e66bea,CUS-01308,210.55,pos,Kano,Dala,c99975fc77f75453,2025-03-01 10:05:13,10,5,False
ac353c9d-d9ac-40ea-b9cc-7eda7e1b675f,CUS-00350,98517.43,bank_transfer,Abuja FCT,Kuje,b27e4fcd31057a4f,2025-03-01 10:07:58,10,5,False
a0c793e7-33e8-453b-84bd-cdc27c6537a5,CUS-01942,1585.49,pos,Abia,Abia-Central,6b9c7c279a6f20f1,2025-03-01 10:17:58,10,5,False
e1134bd5-de2d-407c-955c-1f0ee61fcee8,CUS-00866,62410.22,bank_transfer,Lagos,Mushin,e2829db4416371b8,2025-03-01 10:19:20,10,5,False
c8c93935-3475-498a-a1f0-0dc99c3d1df4,CUS-00477,2829.31,bank_transfer,Oyo,Oyo East,4a04eeeb911cfe41,2025-03-01 10:25:00,10,5,True
c71de81f-4cc8-4ed4-ae37-21dc1a686154,CUS-00670,3687.73,pos,Lagos,Ikorodu,1cc74c0482d19f3a,2025-03-01 10:28:30,10,5,False
2f2f16ab-499b-4d0b-85a9-ff036c593c3b,CUS-01590,3246.11,mobile_money,Anambra,Awka South,13407ce4863fe750,2025-03-01 10:33:41,10,5,False
47f53ef8-bc46-41ea-94cf-0fad626dca2a,CUS-00148,23662.24,mobile_money,Lagos,Ikeja,60928649e7eb9481,2025-03-01 10:35:00,10,5,True
af01e735-f1a0-4fc5-861a-a5b45386a35e,CUS-00011,9097.14,pos,Bayelsa,Bayelsa-Central,b9f6cefb5c85d533,2025-03-01 10:51:28,10,5,False
226bafa1-ab30-4dca-b09f-3872cd8aff3b,CUS-01374,14601.59,mobile_money,Lagos,Mushin,4e33cb22b6638e9d,2025-03-01 10:56:15,10,5,False
ef43d05d-063a-489e-ad05-437f2ee9946a,CUS-01437,59455.63,bank_transfer,Edo,Egor,686cf0e43bad9564,2025-03-01 10:58:35,10,5,False
c57425c2-26aa-4b58-bbdc-456b003a39ef,CUS-01937,46650.74,pos,Plateau,Plateau-Central,a96cc0e9e7bb5bfa,2025-03-01 11:02:37,11,5,False
f9171c24-5788-477b-a503-7e103f9eff83,CUS-01579,2830.27,bank_transfer,Oyo,Oyo East,98d39056461813d3,2025-03-01 11:04:18,11,5,False
f5437890-4a64-49db-83ea-84a5bb6178ea,CUS-01632,315201.54,bank_transfer,Delta,Uvwie,d46257dd5672aef5,2025-03-01 11:17:37,11,5,False
393975d1-fc1f-4e49-8583-276576ec180b,CUS-00078,14515.09,card,Kano,Kumbotso,e87b8337b2108fa0,2025-03-01 11:25:56,11,5,False
ceeb0e0f-7dec-447f-9a56-3ae8bbc1eb2a,CUS-01855,45887.3,pos,Lagos,Eti-Osa,5f2890bf6a138d02,2025-03-01 11:39:12,11,5,False
3c26ca20-63fc-48db-87b0-f5ba02d3c195,CUS-00148,146.88,pos,Lagos,Lagos Mainland,60928649e7eb9481,2025-03-01 12:00:00,12,5,True
083d854b-d646-41cc-a199-db9ae5963e72,CUS-00609,91109.16,pos,Anambra,Nnewi North,d1e653e0daf0e6cc,2025-03-01 12:06:52,12,5,False
de559869-0f26-4681-b420-a35a29380fb3,CUS-01510,86515.05,pos,Benue,Benue-Central,69cb295a76c3f3e8,2025-03-01 12:08:25,12,5,False
dccc05c5-d44c-44e7-a32c-beda1f092d98,CUS-01363,1313.11,pos,Enugu,Nsukka,6e6997728cb47e26,2025-03-01 12:09:42,12,5,False
223db987-880e-4e3f-8695-647359e38db5,CUS-01330,92209.73,bank_transfer,Oyo,Oyo East,74e07eb1c05cc1ee,2025-03-01 12:12:33,12,5,False
8e984473-64f7-4a58-83a8-1e1221b1569e,CUS-00846,87639.37,mobile_money,Lagos,Kosofe,c8efc5cd1998980e,2025-03-01 12:31:21,12,5,False
ce32f2e5-a3f2-4923-9d7c-89716700fba0,CUS-00016,2198.96,mobile_money,Kano,Tarauni,8af9389512b674d0,2025-03-01 12:32:42,12,5,False
a3c80b23-4897-4bce-be36-feffa3119628,CUS-00367,69333.06,bank_transfer,Kogi,Kogi-Central,cde5edbdb69eca2a,2025-03-01 12:44:46,12,5,False
96219e8a-d34e-4c9c-a330-fc42323e5f3a,CUS-00510,60036.03,pos,Kaduna,Kaduna South,f280c054339f0674,2025-03-01 12:46:27,12,5,False
ff1b4f38-344f-46f2-9e47-8344a187ff7b,CUS-01227,81399.78,pos,Kano,Fagge,1be01da98bccedd1,2025-03-01 12:49:41,12,5,False
8c64b82b-50f1-412f-aa82-28f874879242,CUS-01172,186.82,pos,Enugu,Enugu East,8fab45462ee28d2f,2025-03-01 13:04:30,13,5,False
7f3c8bbb-145c-41cf-a00d-2509b214287a,CUS-01342,204.15,mobile_money,Zamfara,Zamfara-Central,31b1f39dd3d30b05,2025-03-01 13:05:00,13,5,True
42f84e2e-ed86-4ef9-8687-3006ed47e6b6,CUS-01415,21037.42,bank_transfer,Gombe,Gombe-Central,fd345b5c9c2bc51a,2025-03-01 13:05:30,13,5,False
1856badf-1c17-4f02-b02c-02a47a01530b,CUS-01342,380.3,pos,Zamfara,Zamfara-Central,31b1f39dd3d30b05,2025-03-01 13:13:00,13,5,True
b25e6d82-0a0a-42a2-a3a8-da6d864cc52f,CUS-01342,448.22,mobile_money,Zamfara,Zamfara-Central,31b1f39dd3d30b05,2025-03-01 13:21:00,13,5,True
3f2c5b90-6427-4a2e-9ddf-588beeadbc90,CUS-01342,246.42,mobile_money,Zamfara,Zamfara-Central,31b1f39dd3d30b05,2025-03-01 13:30:00,13,5,True
d08ad70b-bffe-443f-bc25-9f9c287555ff,CUS-01342,118.04,pos,Zamfara,Zamfara-Central,31b1f39dd3d30b05,2025-03-01 13:31:00,13,5,True
732919d7-0461-4c19-803c-c4a5da04342d,CUS-01342,254.17,pos,Zamfara,Zamfara-Central,31b1f39dd3d30b05,2025-03-01 13:33:00,13,5,True
35d77992-1dbf-4a8a-8859-bb2787d741c1,CUS-00845,3502.97,bank_transfer,Rivers,Port-Harcourt,a273ddb69945855e,2025-03-01 13:34:46,13,5,False
3c9a3a5e-5875-46ba-a4af-99cba13a1107,CUS-00477,1573.38,bank_transfer,Oyo,Ibadan South-West,4a04eeeb911cfe41,2025-03-01 13:38:00,13,5,True
72abe39b-ecb0-494b-b95b-eaca2a1861de,CUS-00477,317.77,ussd,Oyo,Oyo East,4a04eeeb911cfe41,2025-03-01 13:40:00,13,5,True
38c2bc5d-0f25-4df6-b325-26cd0f8260d5,CUS-01342,428.7,mobile_money,Zamfara,Zamfara-Central,31b1f39dd3d30b05,2025-03-01 13:41:00,13,5,True
74b74a56-b2d1-47a7-8211-622fa06750a8,CUS-01249,20609.51,bank_transfer,Enugu,Enugu East,0c1ae52223dc0d81,2025-03-01 13:41:41,13,5,False
2b59c46c-5cdf-4223-964e-807448fd5484,CUS-01342,491.91,ussd,Zamfara,Zamfara-Central,31b1f39dd3d30b05,2025-03-01 13:45:00,13,5,True
4771eb56-0a79-4d8e-90c1-0363448dab14,CUS-01446,81641.8,mobile_money,Anambra,Awka South,c023430f2ccbb3be,2025-03-01 13:49:47,13,5,False
34140132-ae8e-4a2a-983a-64136a6beac7,CUS-00201,937118.99,pos,Lagos,Ikeja,39439305fe5c2f64,2025-03-01 13:51:49,13,5,False
fb2cffc6-4396-4bb5-a59e-618244c2443a,CUS-01888,139.26,bank_transfer,Ondo,Ondo-Central,1ae6b13f71f999a3,2025-03-01 14:03:41,14,5,False
3f3914ed-2213-4245-894c-cd61829da7e9,CUS-00148,248.16,bank_transfer,Lagos,Agege,60928649e7eb9481,2025-03-01 14:14:00,14,5,True
4a23b781-e1da-47dc-a3c2-24454d3bf6c7,CUS-01232,72650.47,pos,Lagos,Eti-Osa,3bdc663f1724f3e8,2025-03-01 14:35:22,14,5,False
835f0240-e2e1-48fc-9887-62e8a4664955,CUS-01352,8645.76,ussd,Rivers,Obio-Akpor,92635ba9f4c8df47,2025-03-01 14:37:00,14,5,False
e70cf7df-83c9-4e9e-8bd9-0f2c16a19f76,CUS-00459,88469.05,bank_transfer,Lagos,Ikeja,ed4e3fe47d06a4a2,2025-03-01 14:48:01,14,5,False
47fc7edc-37f8-4dd9-8239-477286adc252,CUS-00075,318.68,ussd,Ondo,Ondo-Central,a51136303b3a0a60,2025-03-01 14:51:45,14,5,False
a2ce1bcb-4f39-4991-9c23-8275d3a464be,CUS-01442,61692.96,bank_transfer,Anambra,Awka South,5a18b54435835ed9,2025-03-01 14:54:34,14,5,False
2594efb8-fed1-4e14-9d19-e45e35d8903b,CUS-00202,3684.76,bank_transfer,Lagos,Mushin,fea8af2286c17aee,2025-03-01 15:03:47,15,5,False
3d86c8fd-7320-4c00-b785-083231e02463,CUS-00148,384.57,card,Lagos,Ikeja,60928649e7eb9481,2025-03-01 15:09:00,15,5,True
84e9b4e6-4590-4f23-8de4-4b0d33952432,CUS-01445,72369.42,pos,Lagos,Oshodi-Isolo,dd998a910227d567,2025-03-01 15:12:50,15,5,False
a16a0f8d-e438-4bd8-a3b1-e307e28f656b,CUS-01900,3006.27,bank_transfer,Oyo,Ogbomoso,8be9efcf44f18c7e,2025-03-01 15:26:30,15,5,False
444f1c3d-8247-4d30-bb54-f254bd203bdd,CUS-01273,676688.56,bank_transfer,Lagos,Agege,4a8421a02c35e770,2025-03-01 15:34:32,15,5,False
53a706fc-059c-437a-944d-a9ec753dd3a0,CUS-00449,4692.61,pos,Lagos,Surulere,cb29b45a0a9e6da2,2025-03-01 15:38:48,15,5,False
9fb12ed5-437c-4769-9dc1-756978417d52,CUS-00118,330.95,pos,Niger,Niger-Central,482982ea000a9ae6,2025-03-01 15:41:15,15,5,False
5a189fa1-ddd3-4112-90b9-1083ea104621,CUS-00351,498.08,ussd,Sokoto,Sokoto-Central,c0d571df565621d0,2025-03-01 15:43:54,15,5,False
db8d8c32-ad14-40b0-ba46-3f9a72d427f9,CUS-00477,527568.61,ussd,Oyo,Ogbomoso,4a04eeeb911cfe41,2025-03-01 15:44:00,15,5,True
20f3e40f-0573-4764-8292-d418965fced7,CUS-01347,73102.96,pos,Rivers,Port-Harcourt,ec76fa108fd59db4,2025-03-01 15:56:09,15,5,False
8a160958-146e-4f0b-a6dc-6108088454a9,CUS-00396,484596.84,pos,Sokoto,Sokoto-Central,df4c1aa46b682abc,2025-03-01 16:03:28,16,5,False
b451aad2-1edf-4946-b4b9-43acc7ba39e9,CUS-01651,353.24,pos,Kano,Kumbotso,396043149ea8b2e6,2025-03-01 16:04:27,16,5,False
25f15745-dcf3-4841-acba-0f4d4300d715,CUS-01798,442078.93,pos,Lagos,Alimosho,da09249edbf8957c,2025-03-01 16:04:59,16,5,False
42f0c103-be66-4c9f-b7f9-699acee1870e,CUS-01583,398.41,ussd,Abuja FCT,Kuje,91b7d62f8a3e011f,2025-03-01 16:16:40,16,5,False
c341126f-bc5f-48c7-8d6c-08d17380afd5,CUS-01600,60201.85,pos,Lagos,Alimosho,1bdb95d9acf8fbb3,2025-03-01 16:20:25,16,5,False
905ec2e7-a714-4a55-a9c5-da2bc48099c9,CUS-00169,83843.84,pos,Kaduna,Kaduna North,44949f1632f8346a,2025-03-01 16:21:16,16,5,False
5d2d87da-7e16-4893-ba00-50b2be304046,CUS-00881,3019.38,ussd,Anambra,Nnewi North,446856508dde79b0,2025-03-01 16:23:12,16,5,False
bd6a88fd-48f2-4f87-9844-790e6fd1e3a6,CUS-00148,609552.16,bank_transfer,Lagos,Ikorodu,60928649e7eb9481,2025-03-01 16:24:00,16,5,True
530f272e-0976-4383-8584-bd72d89cfbbc,CUS-00148,4525.92,ussd,Lagos,Lagos Mainland,60928649e7eb9481,2025-03-01 16:27:00,16,5,True
e85cbbd2-304a-4141-91a8-c03ee6d35f8b,CUS-01790,3436.83,pos,Lagos,Ikeja,451e302ca37d6129,2025-03-01 16:27:12,16,5,False
69b41cef-d76d-4229-99d7-c1af6338ceae,CUS-00192,4426.09,mobile_money,Nassarawa,Nassarawa-Central,3be92bc242be1da2,2025-03-01 16:29:01,16,5,False
d88165fc-cfa5-4f79-9b05-407c4cbd90dd,CUS-01008,4499.97,mobile_money,Lagos,Eti-Osa,51cb3537699b145a,2025-03-01 16:35:22,16,5,False
425d0f46-e2ce-40a0-a25b-4ad9a9ea6cd5,CUS-01960,3757.16,bank_transfer,Lagos,Agege,4940f9f60c439d5c,2025-03-01 16:45:47,16,5,False
b36faa8f-b48c-4acc-9ec9-c7d07e65f993,CUS-00148,4221.73,pos,Lagos,Lagos Mainland,60928649e7eb9481,2025-03-01 16:52:00,16,5,True
e4030841-8f95-4333-99a4-6a6e4df1d0c6,CUS-01485,327423.92,bank_transfer,Rivers,Port-Harcourt,25b0414821785e33,2025-03-01 16:53:52,16,5,False
b323facb-d5ad-43a5-9b3f-8b435bfd30ac,CUS-01791,785.44,pos,Osun,Osun-Central,4635e6db3605a1bf,2025-03-01 17:00:58,17,5,False
337018f9-ed69-4b92-8f95-033bf75f064b,CUS-00002,3947.36,ussd,Ondo,Ondo-Central,f91bdce8d9b190e6,2025-03-01 17:02:53,17,5,False
846b3217-8b69-47c1-90a4-e102aba08eae,CUS-00477,3692.62,pos,Oyo,Ogbomoso,4a04eeeb911cfe41,2025-03-01 17:05:00,17,5,True
24d961b0-109b-4f6d-9a3c-07a91f72eec6,CUS-00467,95492.68,pos,Zamfara,Zamfara-Central,bbda5494e485c011,2025-03-01 17:05:37,17,5,False
b7c5c2e5-f907-42c5-aee2-cf8dec218ff2,CUS-01186,885812.4,pos,Anambra,Nnewi North,6289ff269db8f2ac,2025-03-01 17:10:21,17,5,False
d377c79c-0699-4c20-9007-50535ad6ac0e,CUS-01283,98.55,ussd,Lagos,Ikeja,c5bbd7ccda625b32,2025-03-01 17:15:34,17,5,False
443ec98e-c4f2-4c8c-af75-a30fa6e0b3a2,CUS-00725,915256.26,pos,Bauchi,Bauchi-Central,9102998f6f03a951,2025-03-01 17:16:34,17,5,False
6114a276-f398-4b81-a4ab-8a79c341ca66,CUS-01724,263.88,pos,Anambra,Onitsha North,255cc9f84c700375,2025-03-01 17:22:44,17,5,False
d0160e2a-f8a1-49bd-9154-99afa66c02ff,CUS-00787,445.18,pos,Rivers,Oyigbo,f8a43fab67f661de,2025-03-01 17:28:40,17,5,False
2a699536-5412-40ce-a1fc-c94cb3e3b45d,CUS-00500,620031.01,mobile_money,Edo,Ikpoba-Okha,76bd9da559324cf2,2025-03-01 17:29:26,17,5,False
252b0ce5-a7ca-44ba-b256-1cb45bb4ee53,CUS-00176,883311.72,bank_transfer,Anambra,Onitsha North,99959f39f4739903,2025-03-01 17:45:00,17,5,True
799bdfdd-15df-46a0-b2e1-0943fe109d44,CUS-01401,13648.77,pos,Lagos,Alimosho,819745d3500a43cf,2025-03-01 17:45:19,17,5,False
6774e6d3-29fd-427f-9718-52486f7c3564,CUS-00477,81.49,pos,Oyo,Oyo East,4a04eeeb911cfe41,2025-03-01 17:46:00,17,5,True
9486c4c8-d193-4c78-a477-9d72e39d5cb4,CUS-01334,377412.86,ussd,Ebonyi,Ebonyi-Central,e0982791e49f6f96,2025-03-01 17:47:02,17,5,False
f54185f3-33ef-4763-88f7-820a5703cca2,CUS-00148,447.79,bank_transfer,Lagos,Alimosho,60928649e7eb9481,2025-03-01 17:50:00,17,5,True
57012a99-d866-4a35-bf53-fed82886fefc,CUS-00029,3589.84,pos,Lagos,Ikorodu,a05457497b410a44,2025-03-01 17:53:57,17,5,False
fa47a67f-89b0-4245-818b-bd68eb977183,CUS-01691,173.0,bank_transfer,Abuja FCT,Bwari,cc9d0719ab0013e9,2025-03-01 17:56:10,17,5,False
1325e1e6-7cee-4026-8c30-88a889fc22eb,CUS-01007,28665.4,pos,Borno,Borno-Central,571abb9ccdcae687,2025-03-01 18:01:59,18,5,False
6da42d12-a2af-4652-b344-7bfbaca0f948,CUS-00232,96.11,ussd,Oyo,Oyo East,ea03ae9c877f8c0b,2025-03-01 18:03:15,18,5,False
93d95ae1-2514-4402-b113-087ba031deac,CUS-01644,448.65,mobile_money,Lagos,Alimosho,4eb0e2d037f0c5a2,2025-03-01 18:03:22,18,5,False
7ceb1845-2756-46ef-86f7-ca1c682280aa,CUS-00923,382.66,pos,Imo,Imo-Central,ebacbea70d530fdc,2025-03-01 18:07:51,18,5,False
697fedba-33db-49c4-8a74-cf9f4c3fb188,CUS-01269,4433.39,mobile_money,Kano,Fagge,d063004795dfbee2,2025-03-01 18:08:19,18,5,False
318081fe-d505-4ce6-a1f5-e55fb4045950,CUS-00376,18905.44,pos,Borno,Borno-Central,30d2cce2a11ef3e3,2025-03-01 18:24:30,18,5,False
640d3343-be1b-4fe6-870c-4869bd31edbb,CUS-01877,299.32,ussd,Abuja FCT,Bwari,fcd99e89f421daa0,2025-03-01 18:27:00,18,5,False
bd6c0453-5c75-4899-aab6-aabab73b4f25,CUS-00138,2658.62,pos,Rivers,Obio-Akpor,f79e2765a2b6dbad,2025-03-01 18:35:12,18,5,False
1c828a4f-f8bc-4747-842d-a66fdffc127c,CUS-01479,23237.79,bank_transfer,Rivers,Obio-Akpor,ca1f578fbe8c3972,2025-03-01 18:43:56,18,5,False
64546136-9a63-4845-9502-a015062eb92e,CUS-00893,3973.46,mobile_money,Rivers,Eleme,e86cf8938c710ffe,2025-03-01 18:47:53,18,5,False
03826d47-0f8f-4cd8-b20a-f8f5face9e4e,CUS-01071,488.13,bank_transfer,Lagos,Oshodi-Isolo,2c2aba826c5a47ac,2025-03-01 18:48:42,18,5,False
9a7b488e-919b-4375-9ff6-cb1513b6b3e3,CUS-01438,33656.78,ussd,Lagos,Oshodi-Isolo,9e67975ac1e802bd,2025-03-01 18:54:06,18,5,False
d06c3908-cc42-4aeb-b95b-e2faa686087f,CUS-00309,4786.53,pos,Kano,Gwale,8db672274e891d06,2025-03-01 19:05:22,19,5,False
e48a4244-fd91-4ea7-9bca-5f2f24d9cb3d,CUS-00691,71862.59,bank_transfer,Rivers,Port-Harcourt,395436e8a74699ec,2025-03-01 19:05:29,19,5,False
71ee0b24-9d1a-4675-845a-32800c22f7a4,CUS-00477,200902.21,pos,Oyo,Ibadan South-West,4a04eeeb911cfe41,2025-03-01 19:12:00,19,5,True
32763e9f-bb53-470f-a675-1016bf86a861,CUS-00644,531466.64,pos,Lagos,Surulere,02a0acac00402ca5,2025-03-01 19:12:24,19,5,False
9a881d1b-e838-4fa9-85bd-55dcbe32e161,CUS-01534,83128.87,pos,Rivers,Obio-Akpor,e79d47ca860c90f8,2025-03-01 19:15:06,19,5,False
48acb9fd-09d7-40a2-9aea-a7d354552fcb,CUS-01241,68508.51,bank_transfer,Abia,Abia-Central,6a842683f72bdf4b,2025-03-01 19:15:19,19,5,False
80200847-25a5-428b-a8d0-d0a8b132ab48,CUS-00591,2111.34,mobile_money,Enugu,Enugu North,b0b6b7ab4a04ad56,2025-03-01 19:18:10,19,5,False
dfc440cd-78a9-44c9-a805-14897aac2cf5,CUS-00399,2762.35,bank_transfer,Osun,Osun-Central,7ad897b38bbadf7c,2025-03-01 19:19:12,19,5,False
c16b6c23-6ff1-4d39-80d3-f40144a9a79b,CUS-00611,38754.62,pos,Imo,Imo-Central,4fd5ba40c68d9677,2025-03-01 19:20:47,19,5,False
7ea613b9-c406-4457-9345-a785e5915aca,CUS-00477,14429.21,bank_transfer,Oyo,Oyo East,4a04eeeb911cfe41,2025-03-01 19:21:00,19,5,True
f8e5f77c-1c57-4451-a6e3-c74f14ade2d8,CUS-01772,1770.47,pos,Niger,Niger-Central,19b1abc87809440d,2025-03-01 19:22:26,19,5,False
a88edf06-30e7-4cb4-87e0-6cd3220cecfa,CUS-01409,3299.03,pos,Zamfara,Zamfara-Central,fcf0332ab56718bc,2025-03-01 19:28:09,19,5,False
df3f7615-ea40-4514-8ad9-95f172623481,CUS-01365,226.71,bank_transfer,Lagos,Eti-Osa,75e449b0c77e704e,2025-03-01 19:40:09,19,5,False
7f612d18-8952-41f5-a524-5a66e14b6e1d,CUS-01915,4144.98,pos,Ondo,Ondo-Central,5df0e6f4ac72dfe8,2025-03-01 19:40:35,19,5,False
bf4ea603-bcc4-44e4-8751-ed815b618ebe,CUS-01299,56499.17,mobile_money,Edo,Oredo,463bb7d0d1220095,2025-03-01 19:42:38,19,5,False
e5cc2040-e5eb-4fb6-969d-acc8b5db53e8,CUS-01037,550153.09,mobile_money,Ondo,Ondo-Central,a88d75e7d5798857,2025-03-01 20:00:21,20,5,False
8cef2831-5e42-416e-b6b8-dfe84b74d8f0,CUS-01248,6051.57,ussd,Adamawa,Adamawa-Central,c5a6a2858112bc45,2025-03-01 20:06:01,20,5,False
2f6dc7c4-9e9f-4c85-a344-bc0e42e714ec,CUS-00760,662965.81,mobile_money,Lagos,Ikorodu,a5121d1898c9d913,2025-03-01 20:11:58,20,5,False
afe8c1d3-774f-4849-be0a-58a504770ff8,CUS-00331,395.63,pos,Kwara,Kwara-Central,957709893e267ffb,2025-03-01 20:12:13,20,5,False
930ff357-944d-4fe1-9ef7-42457937086b,CUS-01930,27739.19,ussd,Oyo,Ibadan North,df56dbbbb4f7abf5,2025-03-01 20:23:19,20,5,False
c5eda330-c7d8-44d6-aaa8-260c66003e7c,CUS-00418,4711.83,pos,Anambra,Nnewi North,0ace4848c68c0524,2025-03-01 20:25:13,20,5,False
40976690-6314-4423-896b-98df72370c82,CUS-00259,4562.34,bank_transfer,Lagos,Agege,94694ebc6ddc6a43,2025-03-01 20:26:37,20,5,False
ceb943a5-33d4-4272-a803-5e34f86ee473,CUS-00148,3968.14,pos,Lagos,Surulere,60928649e7eb9481,2025-03-01 20:31:00,20,5,True
16efcffc-dd76-4aa0-8aac-3c812580f1c0,CUS-00477,209.38,mobile_money,Oyo,Ibadan North,4a04eeeb911cfe41,2025-03-01 20:47:00,20,5,True
cccc9b04-d080-4f5f-a91c-fb2216e7f4e5,CUS-00453,46954.58,pos,Kogi,Kogi-Central,540bb66ff44d3712,2025-03-01 20:50:38,20,5,False
7aaa6225-bdc3-48b8-aa0a-997cc7222d90,CUS-00216,34645.08,mobile_money,Kano,Kumbotso,48b45369cc93bdd8,2025-03-01 20:58:06,20,5,False
e8cf4dd0-2b5d-49ec-9734-0f5cfc515587,CUS-01411,76.95,pos,Lagos,Kosofe,1d3ab4ab469805e9,2025-03-01 21:05:36,21,5,False
930230a9-2911-45da-b969-4e2c40cc8b37,CUS-01326,1662.42,mobile_money,Lagos,Ikorodu,d91f349461d4c224,2025-03-01 21:11:34,21,5,False
324134b8-e6cc-46cc-b4c0-879bbea63f86,CUS-00148,66.36,pos,Lagos,Agege,60928649e7eb9481,2025-03-01 21:28:00,21,5,True
44603ba5-d626-4fff-b0b7-7c492773de5c,CUS-00842,665528.47,ussd,Lagos,Alimosho,4a7bc2fbc70c3572,2025-03-01 21:32:44,21,5,False
3026b8ee-9102-42b0-82ed-3d8fdf3d5059,CUS-00414,148.05,bank_transfer,Enugu,Enugu East,65a27c169aa9b061,2025-03-01 21:33:39,21,5,False
9b2b3612-70ce-4562-b98a-46e5edf34a9d,CUS-00148,1657.7,pos,Lagos,Kosofe,60928649e7eb9481,2025-03-01 21:36:00,21,5,True
287faa8e-d242-4a9b-b220-8109a337a6d0,CUS-00221,207.44,bank_transfer,Oyo,Ibadan South-West,0b20f20794d35aec,2025-03-01 21:51:50,21,5,False
814dfb76-2f57-4020-853e-97a60ec1b978,CUS-00148,16829.12,mobile_money,Lagos,Ikeja,60928649e7eb9481,2025-03-01 22:28:00,22,5,True
31f32a4b-b0b9-47ce-abee-8d081b624320,CUS-00862,207.88,pos,Oyo,Oyo East,c408d8c18eab051a,2025-03-01 23:23:21,23,5,False
fffdc7b6-aba0-4fce-a441-177d9eb847e7,CUS-00097,80401.53,ussd,Rivers,Port-Harcourt,b6d43539671f700f,2025-03-02 01:14:17,1,6,False
2ea1bd10-9d72-4301-a5ad-59b25765df6f,CUS-01974,2401.2,pos,Kano,Kumbotso,3dbf38dcef5a1bfd,2025-03-02 01:29:45,1,6,False
ad532735-f169-4423-99e6-215281c29c44,CUS-00221,20121.9,bank_transfer,Oyo,Ibadan North,0b20f20794d35aec,2025-03-02 02:20:21,2,6,False
30f37d30-fb82-4b63-9f0e-fc3652a90e45,CUS-00793,1452.87,pos,Kaduna,Kaduna North,e85e2c7fb40f65fb,2025-03-02 02:29:57,2,6,False
89bcb937-9ab4-4a29-84b5-6e854a3f17bf,CUS-01896,128.93,pos,Kaduna,Kaduna South,6c0c831c8a5b6324,2025-03-02 02:34:19,2,6,False
e9537227-c3aa-4662-9340-6e04a542b67f,CUS-00363,765050.33,bank_transfer,Oyo,Ogbomoso,89065733662aeed2,2025-03-02 03:46:00,3,6,True
0e3d0d56-0dcc-409d-8ea1-c99996a3253a,CUS-01666,5517.15,mobile_money,Lagos,Eti-Osa,e416fb8749bf1c1c,2025-03-02 03:48:13,3,6,False
696eeade-82d0-4f58-811d-d617a83d47c8,CUS-01396,28166.51,mobile_money,Rivers,Port-Harcourt,98610eeb8849a59b,2025-03-02 04:48:29,4,6,False
9d03146f-718b-4082-af20-eaa338222dbc,CUS-01213,2858.56,mobile_money,Imo,Imo-Central,762447a64e707775,2025-03-02 05:27:55,5,6,False
36502f10-74b9-46ad-b6ed-667426d74211,CUS-01444,469.13,card,Zamfara,Zamfara-Central,8a832c116325ac82,2025-03-02 05:48:13,5,6,False
4b273db5-21cc-4426-aa78-20b47d4c9e1a,CUS-01468,179153.26,ussd,Zamfara,Zamfara-Central,3267f29956f279f7,2025-03-02 07:04:00,7,6,True
b30edc68-a1ba-4f74-8e94-1c6d52033eea,CUS-01589,411.1,mobile_money,Ondo,Ondo-Central,c6d17facb72bfa6a,2025-03-02 07:19:43,7,6,False
c02c85d3-0c6a-4033-a6cb-2acd8b5c3ed0,CUS-01536,624.27,pos,Lagos,Oshodi-Isolo,72eadab8e3304187,2025-03-02 07:25:20,7,6,False
bd2efbc4-460e-46fc-8a4a-b85f2984ade1,CUS-01745,27663.83,pos,Abuja FCT,Gwagwalada,edc9f3db1932dde2,2025-03-02 07:50:22,7,6,False
27d97124-c320-4962-a152-dbf95a2d2a68,CUS-00285,844545.44,pos,Lagos,Oshodi-Isolo,72450b7e68862ec6,2025-03-02 09:01:12,9,6,False
e1eca04f-dafd-4575-bf90-c4b85f22ac72,CUS-01702,4581.78,pos,Kano,Gwale,f22f0d78734c4760,2025-03-02 09:03:15,9,6,False
015944c6-a19b-4dab-bb6a-7e6fb4a6ea30,CUS-00586,70042.08,pos,Lagos,Ikeja,fd16b5ef53f118f3,2025-03-02 09:05:44,9,6,False
38513c53-b830-4cf4-8bb6-90ac4128f587,CUS-00943,60332.8,mobile_money,Plateau,Plateau-Central,1da2949d58e17a5f,2025-03-02 09:07:37,9,6,False
eefe2b30-f6d8-429f-8434-1fb8f8bafbc8,CUS-00483,971.17,pos,Enugu,Enugu North,f578d51fdcfff376,2025-03-02 09:11:12,9,6,False
f9425343-b99b-4472-8b27-78cc12ee1da2,CUS-00572,956353.79,pos,Rivers,Oyigbo,45fc6ca0a6b2f981,2025-03-02 09:12:47,9,6,False
a6daddf9-8f7d-4b81-8bf6-64700b63b997,CUS-01841,670980.36,pos,Rivers,Eleme,a9155ef7b8a0e463,2025-03-02 09:26:54,9,6,False
7180f038-27ca-4063-b4e0-1e9f252810a5,CUS-00188,978388.74,mobile_money,Oyo,Ogbomoso,ae06fb90c1244c4b,2025-03-02 09:29:55,9,6,False
470c5409-1482-4f94-babf-fc876575752c,CUS-01634,350.87,mobile_money,Yobe,Yobe-Central,665b394f3b341135,2025-03-02 09:30:58,9,6,False
6504ea84-65fc-443b-bedc-8e89dc191c82,CUS-00870,98315.25,ussd,Rivers,Port-Harcourt,48e1653cc2040db1,2025-03-02 09:33:37,9,6,False
220969a6-b7bc-47cf-8786-783db38ca32f,CUS-00178,1270.73,mobile_money,Gombe,Gombe-Central,ae961792de3c8d29,2025-03-02 09:35:56,9,6,False
7a05b1da-0ac5-4978-97f7-b2ec849e3ee5,CUS-01043,66605.79,bank_transfer,Enugu,Enugu East,5cb8d7aafc020524,2025-03-02 09:46:33,9,6,False
20edd712-68ba-4978-ac72-1ffc22304baa,CUS-00913,1611.96,card,Rivers,Eleme,80a5f367f2b19e45,2025-03-02 09:52:33,9,6,False
aca2388e-8d88-4f37-a1a0-3b2bdf46a2b0,CUS-00582,3057.55,bank_transfer,Abuja FCT,Gwagwalada,5097ab10195e97a2,2025-03-02 09:53:44,9,6,False
523d733d-336d-4120-afb7-aea881e759aa,CUS-00940,83493.64,pos,Kano,Kumbotso,d775c49123cefbad,2025-03-02 09:59:23,9,6,False
1bcb494e-5d79-4d09-8bab-314a8eadab33,CUS-01468,26935.15,mobile_money,Zamfara,Zamfara-Central,3267f29956f279f7,2025-03-02 10:14:23,10,6,False
e298e12c-2f49-4b60-9625-85950b968ded,CUS-00052,483548.19,card,Gombe,Gombe-Central,d3dbc8c315fe35d8,2025-03-02 10:19:43,10,6,False
75fc7bc6-77dc-401c-acc0-93ad433b2340,CUS-01328,465.53,pos,Delta,Warri South,ec070dad4f209a16,2025-03-02 10:29:16,10,6,False
78a49643-7089-4422-8118-84e6cf0243ce,CUS-01586,12589.9,pos,Edo,Egor,ac26d5b5ca0ca689,2025-03-02 10:29:50,10,6,False
d5410f13-1f5e-4e6d-b831-95af8a7a9d09,CUS-01507,4609.74,bank_transfer,Oyo,Ibadan South-West,f4cf870f53ea4416,2025-03-02 10:32:58,10,6,False
87ce85d8-36c2-4150-8fa1-d2fc2df07e3c,CUS-01468,244.04,pos,Zamfara,Zamfara-Central,3267f29956f279f7,2025-03-02 10:33:00,10,6,True
ab0a6dd2-9509-4c60-be9d-b1a9dbc63163,CUS-01083,334232.49,bank_transfer,Kebbi,Kebbi-Central,b6a82c9c02ad23e5,2025-03-02 10:33:53,10,6,False
7c340a57-9693-494b-9c27-d6db05fb4d89,CUS-00250,1960.98,ussd,Kano,Tarauni,d4f50bf558952f13,2025-03-02 10:48:22,10,6,False
ba5ebfea-68c5-4e83-8bf1-aadb0ad7b731,CUS-01453,2800.39,pos,Oyo,Ogbomoso,fee6248a5b22adcf,2025-03-02 10:53:57,10,6,False
405a675b-c67c-4a46-9a2f-acca9f91fc6e,CUS-00176,26858.16,ussd,Anambra,Nnewi North,99959f39f4739903,2025-03-02 11:07:39,11,6,False
d8caa5a9-3076-46a8-b11e-cd6fdf1d3ae9,CUS-01468,3239.77,ussd,Zamfara,Zamfara-Central,3267f29956f279f7,2025-03-02 11:14:00,11,6,True
2d9154ff-a341-4c95-aa5c-a5d7c822e09a,CUS-00491,216639.29,pos,Enugu,Nsukka,e00eb35a370ee76b,2025-03-02 11:16:13,11,6,False
db4d355f-00cd-46be-be48-5ed3f4621d07,CUS-00098,335.88,mobile_money,Lagos,Agege,2a59164cbbab5589,2025-03-02 11:17:57,11,6,False
6e80cfd9-71cc-43a4-89e9-8ee5ceea05e8,CUS-01244,687090.66,mobile_money,Kwara,Kwara-Central,2de3c5b088b4497a,2025-03-02 11:22:06,11,6,False
ae814b55-0abd-4c37-a792-ecf41b540e5a,CUS-00594,358926.7,mobile_money,Nassarawa,Nassarawa-Central,62169e9b81a796c6,2025-03-02 11:22:50,11,6,False
48319671-8477-4108-b089-e08e84a74092,CUS-00426,93502.77,mobile_money,Abuja FCT,Kuje,a6c9458cb98726fc,2025-03-02 11:26:39,11,6,False
ac5dbedd-c7b0-42b7-b1fd-c8c34066c62b,CUS-01092,86992.71,pos,Kaduna,Kaduna North,655ea023cd8808e5,2025-03-02 11:38:56,11,6,False
d8e6c95d-3119-48e1-90d7-043709a2a435,CUS-01195,1666.36,bank_transfer,Zamfara,Zamfara-Central,6491ebee069e0ad3,2025-03-02 11:49:00,11,6,False
c53f931e-d76c-4ecc-813a-5714b48473d8,CUS-00475,89885.09,ussd,Ogun,Ogun-Central,12d309dd435050f0,2025-03-02 11:57:10,11,6,False
3e0234ad-147c-44f3-89a3-e6551805ce66,CUS-00063,709596.22,bank_transfer,Kano,Fagge,a36558e5a3b91b6e,2025-03-02 12:00:11,12,6,False
cab2db0c-3065-4f63-b111-4d3327bfd2fd,CUS-01862,32841.67,pos,Lagos,Ikorodu,dcdbcd2a4baf9fe1,2025-03-02 12:13:06,12,6,False
86d71902-c00a-4e90-a97e-8845418d32a2,CUS-00212,3501.26,pos,Delta,Uvwie,b5710344f2723025,2025-03-02 12:16:22,12,6,False
45feb617-69cf-4afc-9a69-1dcc432da06e,CUS-01861,1037.72,bank_transfer,Delta,Oshimili South,7c59729f913bdbb9,2025-03-02 12:25:57,12,6,False
61e68811-c478-4941-a4bf-a073debaebdb,CUS-01312,191.75,mobile_money,Oyo,Ibadan South-West,b0dab1b406b7d200,2025-03-02 12:27:00,12,6,True
01c2a62e-55eb-4475-8590-e57a6775fc3e,CUS-01312,194.33,pos,Oyo,Oyo East,b0dab1b406b7d200,2025-03-02 12:35:00,12,6,True
905f4577-1342-435c-8f84-4ed696ceef12,CUS-01468,3818.28,pos,Zamfara,Zamfara-Central,3267f29956f279f7,2025-03-02 12:36:00,12,6,True
562ab629-316f-40d9-bb7c-e59097c7dd68,CUS-01312,385.06,pos,Oyo,Ibadan South-West,b0dab1b406b7d200,2025-03-02 12:41:00,12,6,True
6d09b7b8-2243-4115-9247-40a662efb10d,CUS-01312,75.59,mobile_money,Oyo,Ibadan North,b0dab1b406b7d200,2025-03-02 12:42:00,12,6,True
84172b15-b82a-47aa-899c-6cb902033f0b,CUS-01468,367970.25,bank_transfer,Zamfara,Zamfara-Central,3267f29956f279f7,2025-03-02 12:44:00,12,6,True
cba66262-d8e6-437e-9bdf-e66dee5fa589,CUS-00929,882939.2,bank_transfer,Kano,Gwale,395eff550cc0a560,2025-03-02 12:47:16,12,6,False
e5b9475c-2207-4772-8166-29e7e02e649f,CUS-01312,124.17,ussd,Oyo,Ogbomoso,b0dab1b406b7d200,2025-03-02 12:48:00,12,6,True
931ea667-eb74-4600-a6ae-d2c16b75ae51,CUS-00615,228.47,pos,Adamawa,Adamawa-Central,70794346772b0ba7,2025-03-02 12:54:04,12,6,False
5c26c220-180a-4780-9c64-90e8a77cbfb9,CUS-00447,87.62,pos,Osun,Osun-Central,d8251f8e1f73bae6,2025-03-02 13:02:27,13,6,False
4a19e799-d28f-469a-950f-f65c22847df7,CUS-01615,495.73,mobile_money,Anambra,Awka South,7910d927cbcddaeb,2025-03-02 13:03:00,13,6,True
162ab02f-e278-4053-a1c7-3cf2d98c6fca,CUS-01615,477.03,mobile_money,Anambra,Onitsha North,7910d927cbcddaeb,2025-03-02 13:05:00,13,6,True
5cdf2a6e-1dd1-4885-9de7-178bbf51b5dc,CUS-01615,334.37,pos,Anambra,Onitsha North,7910d927cbcddaeb,2025-03-02 13:11:00,13,6,True
8f01ad68-bee4-4bf2-86fd-ae9cbd6edcea,CUS-01615,425.57,pos,Anambra,Nnewi North,7910d927cbcddaeb,2025-03-02 13:12:00,13,6,True
27dd26c5-9c1d-4e6d-9579-776481db8734,CUS-00228,429.01,pos,Niger,Niger-Central,beaef1b0d933b705,2025-03-02 13:24:03,13,6,False
57a5ba82-460b-4bdf-99f4-5dffd8d2f5c0,CUS-01615,88.63,ussd,Anambra,Onitsha North,7910d927cbcddaeb,2025-03-02 13:26:00,13,6,True
d05ff1aa-6183-4c7d-bbce-f5792bd6ea4f,CUS-00785,30700.81,pos,Kogi,Kogi-Central,6292a14b4f110b8f,2025-03-02 13:27:34,13,6,False
487ebdb2-8c70-4924-a158-7ee676f1301a,CUS-01282,8074.8,ussd,Oyo,Ibadan South-West,dc18e0f8c5a69a14,2025-03-02 13:28:20,13,6,False
2fce995e-e309-45f3-b687-22e805c58e44,CUS-00805,472.39,card,Osun,Osun-Central,1bd77958d113fdcf,2025-03-02 13:28:24,13,6,False
9ed4d978-ebbf-4376-8c5a-05f5cb003a01,CUS-01793,79496.21,mobile_money,Anambra,Onitsha North,3960fe077f66e564,2025-03-02 13:33:59,13,6,False
a0f598cb-574e-4d1e-9fe4-079017c33f79,CUS-00291,2256.32,pos,Lagos,Surulere,e452bf338ef3b707,2025-03-02 13:35:58,13,6,False
12736caf-70e7-4636-880e-12df6f8cc8ba,CUS-01615,189.87,pos,Anambra,Onitsha North,7910d927cbcddaeb,2025-03-02 13:42:00,13,6,True
a6b3feb7-a2e5-42f2-8ff8-519362f4d4ed,CUS-00377,19133.01,mobile_money,Lagos,Ikorodu,404fae11bb5912f0,2025-03-02 13:48:26,13,6,False
7987a2b3-7be0-489f-beaa-12628f179427,CUS-01740,490.31,ussd,Plateau,Plateau-Central,396e7932f52475ca,2025-03-02 13:52:10,13,6,False
a667af0c-95a8-4ca2-89d4-dde9e65e1508,CUS-01863,449133.11,pos,Oyo,Ibadan South-West,e2cd40b0a465df43,2025-03-02 13:52:30,13,6,False
37606898-95e0-4b1f-8125-e1e6adfd9aa9,CUS-00050,597.86,pos,Bayelsa,Bayelsa-Central,41aa6cad1ff50928,2025-03-02 14:00:00,14,6,False
9d84d1a0-58f3-4f6a-9b58-0e8d237c5f07,CUS-01892,185.9,pos,Imo,Imo-Central,6614c00a15167cdf,2025-03-02 14:01:00,14,6,True
92eaae3e-0655-4a12-acbf-5a17f6a35ce1,CUS-00060,63.98,pos,Rivers,Obio-Akpor,0f57eb1b8e271781,2025-03-02 14:02:37,14,6,False
48645d39-178e-4e4a-a2ab-ec4655ca48db,CUS-01507,2736.32,bank_transfer,Oyo,Ibadan North,f4cf870f53ea4416,2025-03-02 14:05:49,14,6,False
0758d234-c8e3-4014-badb-2824317ecc8a,CUS-01957,794830.48,bank_transfer,Rivers,Port-Harcourt,540af2a595b54ac2,2025-03-02 14:13:23,14,6,False
9fd2710d-eccb-41c2-9ded-0b60810ef23b,CUS-00707,871930.17,bank_transfer,Benue,Benue-Central,ed8aa376fb7b4e17,2025-03-02 14:20:00,14,6,True
34bece75-8c9d-4f25-b55c-6034001c9ced,CUS-01892,193.1,pos,Imo,Imo-Central,6614c00a15167cdf,2025-03-02 14:20:00,14,6,True
727f0522-4ace-470a-b5de-50c1c398dbff,CUS-01691,3090.88,bank_transfer,Abuja FCT,Municipal,cc9d0719ab0013e9,2025-03-02 14:23:36,14,6,False
8b3dd56a-5d79-46e1-a9b5-c39b80cc3cee,CUS-01892,389.24,ussd,Imo,Imo-Central,6614c00a15167cdf,2025-03-02 14:26:00,14,6,True
702e7b43-f1f0-4d2f-a78a-76c28c1fc961,CUS-00367,606938.25,bank_transfer,Kogi,Kogi-Central,cde5edbdb69eca2a,2025-03-02 14:26:37,14,6,False
dbc5f831-5c41-460c-bb7e-785c3c9abf57,CUS-01892,166.61,mobile_money,Imo,Imo-Central,6614c00a15167cdf,2025-03-02 14:29:00,14,6,True
7bc7ac0d-2f44-4d94-8c35-4b9df9c347c9,CUS-01892,364.52,mobile_money,Imo,Imo-Central,6614c00a15167cdf,2025-03-02 14:36:00,14,6,True
cde8f43e-a119-49e0-9c64-720595090c0a,CUS-01892,295.93,pos,Imo,Imo-Central,6614c00a15167cdf,2025-03-02 14:42:00,14,6,True
9b7053f7-208b-45b5-acd7-e78a6653e9dd,CUS-01607,134.37,pos,Imo,Imo-Central,984cfcfe59f2d6b7,2025-03-02 14:42:02,14,6,False
4ebb2c4e-0ded-4350-b8a0-886725edc36d,CUS-00253,94815.4,pos,Kano,Fagge,9ff58e403109ef30,2025-03-02 14:42:29,14,6,False
f47652f2-e587-4243-bd38-598a69e87717,CUS-00681,3388.28,mobile_money,Kano,Dala,e028fa448514bcde,2025-03-02 14:43:19,14,6,False
38de86ba-b49f-4ea4-999a-5307d749d40d,CUS-01040,47017.99,pos,Oyo,Oyo East,e8144f079b7433da,2025-03-02 14:44:36,14,6,False
b7d51fa6-1276-48ff-b628-5e8b12927afb,CUS-01497,4299.43,ussd,Abuja FCT,Gwagwalada,978bcb84cb24d195,2025-03-02 14:45:30,14,6,False
9724f571-2543-433d-b3ff-df7a6d9ee27e,CUS-00252,1795.46,mobile_money,Borno,Borno-Central,0d2d209831150098,2025-03-02 14:48:04,14,6,False
d0482097-9c9c-4b2a-8d35-ca2e8eb2715d,CUS-01197,323928.72,ussd,Akwa Ibom,Akwa Ibom-Central,5efac0a27f8fb3df,2025-03-02 14:49:23,14,6,False
383d8214-7eab-4247-a699-e886dc3b6530,CUS-01892,409.07,ussd,Imo,Imo-Central,6614c00a15167cdf,2025-03-02 14:53:00,14,6,True
64bafc40-1a1e-47a3-8131-c0cce28661fb,CUS-01346,1370.57,pos,Kano,Nassarawa,c0097357ef2523fd,2025-03-02 14:54:30,14,6,False
035db318-64e8-45ea-b172-dc55156cb56d,CUS-00308,2606.54,pos,Imo,Imo-Central,c2e5844899480571,2025-03-02 15:11:49,15,6,False
581594f2-ee06-4780-9319-9af5dbd3737f,CUS-00489,982.59,pos,Niger,Niger-Central,6fd9e9e2be5896c6,2025-03-02 15:11:57,15,6,False
fff56c0d-84d7-48c1-8260-54619faed37f,CUS-00759,28353.58,pos,Imo,Imo-Central,23919a584a845bba,2025-03-02 15:14:44,15,6,False
c33f931a-fd55-43b2-bd10-3a87edc71b34,CUS-00186,60412.51,bank_transfer,Plateau,Plateau-Central,bbae4f6f0188787d,2025-03-02 15:22:19,15,6,False
e807f5a5-1caa-40eb-afec-b362efec4d2f,CUS-01074,456.45,bank_transfer,Ogun,Ogun-Central,116b5e1551705cfb,2025-03-02 15:49:10,15,6,False
c9391420-21c1-41da-9a05-66ad88301299,CUS-00652,3804.95,pos,Kaduna,Kaduna South,b53d9478f74db31d,2025-03-02 15:49:27,15,6,False
e00b2d0d-865e-4e1d-8ad7-ad9b89345e06,CUS-01468,69163.38,pos,Zamfara,Zamfara-Central,3267f29956f279f7,2025-03-02 15:58:00,15,6,True
cf127097-ddf4-4660-817b-b85b16426f77,CUS-00829,427.85,pos,Abuja FCT,Gwagwalada,532c76a3c45d220f,2025-03-02 16:11:41,16,6,False
6920d3ee-1eb3-4513-adb8-4c91bd1bfe78,CUS-01750,581741.6,ussd,Oyo,Oyo East,36acb58c329495a7,2025-03-02 16:16:56,16,6,False
3280af8a-8e15-485a-a5dd-c8b0449bfcf6,CUS-01468,8578.92,mobile_money,Zamfara,Zamfara-Central,3267f29956f279f7,2025-03-02 16:24:00,16,6,True
8e29fa08-f069-4aba-ad4a-5b9abd2243b3,CUS-00579,459.49,pos,Kano,Gwale,f9d75d8c8fad4688,2025-03-02 16:33:16,16,6,False
bc010d72-e6e9-4a00-ad0e-9699a0045d65,CUS-01982,1293.74,pos,Abuja FCT,Gwagwalada,b73ee420f622f6cf,2025-03-02 16:40:58,16,6,False
680f9c4f-ccb6-4f18-9060-943c8ba8336a,CUS-01449,76.7,pos,Anambra,Onitsha North,1136ae79af32c0d4,2025-03-02 16:56:52,16,6,False
2812b1c8-6199-4f03-9813-c39f515de94c,CUS-01624,3951.17,pos,Lagos,Lagos Mainland,766976ee8cdbe429,2025-03-02 16:58:14,16,6,False
a9b014e4-44f8-469e-9924-8b192b99468e,CUS-00967,74251.72,bank_transfer,Kano,Kumbotso,6f657410240da930,2025-03-02 17:00:35,17,6,False
b44a3102-f545-4811-ad5a-c2e2d753e94a,CUS-00552,1229.3,mobile_money,Oyo,Ogbomoso,39540e3ee814dbfd,2025-03-02 17:16:25,17,6,False
0ee6bac2-21e5-4100-b650-18f6be84b8ca,CUS-01822,988663.67,mobile_money,Kaduna,Zaria,f65aa8becffa4ce7,2025-03-02 17:16:29,17,6,False
c5268e74-427f-4ea8-9e1f-94ce07671b68,CUS-00326,1436.33,mobile_money,Oyo,Oyo East,44cc9b88041101da,2025-03-02 17:18:21,17,6,False
3bbd7bc1-9916-40d8-8bae-3554152d1480,CUS-00630,701958.2,bank_transfer,Edo,Oredo,44673a08c8fcb028,2025-03-02 17:18:30,17,6,False
8443d29f-3a06-42e7-9808-270bee2c42c3,CUS-01520,2459.83,pos,Lagos,Oshodi-Isolo,169f145f9407934a,2025-03-02 17:24:10,17,6,False
ea2b5e7b-df49-48c7-8d63-9884fdb02ac8,CUS-01325,2456.13,mobile_money,Kano,Kumbotso,502ee3fbac83a449,2025-03-02 17:41:39,17,6,False
5c52eecd-2554-4036-a9ec-3fe9dfabe8e9,CUS-00906,14394.63,card,Plateau,Plateau-Central,98117148c7a5e4fa,2025-03-02 17:42:04,17,6,False
d3070c4d-630a-45aa-bc6f-8c6d61ed0ceb,CUS-00581,2390.48,ussd,Ekiti,Ekiti-Central,776ab7b687026c79,2025-03-02 17:44:16,17,6,False
70cf9c46-0d56-423a-864d-221d0b484981,CUS-01468,221342.26,bank_transfer,Zamfara,Zamfara-Central,3267f29956f279f7,2025-03-02 17:47:00,17,6,True
f71a04fd-0fee-40a9-a7a1-5cd4ac649449,CUS-01468,2885.4,mobile_money,Zamfara,Zamfara-Central,3267f29956f279f7,2025-03-02 17:50:00,17,6,True
e6c13c86-e65d-4d12-81c1-a79f64c24ecb,CUS-00601,2602.14,pos,Kano,Nassarawa,dc250b6d8147d297,2025-03-02 17:51:57,17,6,False
d1ec504e-21d4-4588-be66-a853a5ac0cd8,CUS-01787,40404.23,pos,Kaduna,Kaduna North,d28e308dde8dbfd0,2025-03-02 17:54:16,17,6,False
5545b25a-73a3-4212-8c2f-75714bb689aa,CUS-00461,363.98,ussd,Delta,Uvwie,981e3f54a7831fcb,2025-03-02 17:58:53,17,6,False
e3ebff2b-9326-4a7c-a059-bf3fc2445b5f,CUS-01865,465.04,card,Gombe,Gombe-Central,1271ad890587ba3f,2025-03-02 17:59:18,17,6,False
5fe12fd0-d362-444f-97d3-5d0c3faae473,CUS-00208,298.87,ussd,Lagos,Oshodi-Isolo,08eee00617f1ad2c,2025-03-02 18:05:00,18,6,True
8a69b06c-d80b-4b49-a36e-e5ef8c6fefcc,CUS-00428,271.94,pos,Kano,Fagge,e99fa23fc8e6faf1,2025-03-02 18:09:05,18,6,False
178dd84b-003b-4362-ab49-c2af19b52f73,CUS-01691,3104.96,bank_transfer,Abuja FCT,Bwari,cc9d0719ab0013e9,2025-03-02 18:12:11,18,6,False
c9d450c1-fc0d-44e3-8c80-e366a42572a0,CUS-00208,54.36,pos,Lagos,Lagos Mainland,08eee00617f1ad2c,2025-03-02 18:16:00,18,6,True
3094cfc6-0b6b-4a6b-86ca-c86ff7b30b0a,CUS-01468,4262.63,pos,Zamfara,Zamfara-Central,3267f29956f279f7,2025-03-02 18:21:00,18,6,True
db06b57d-a201-4af4-aa61-df2742f3a45a,CUS-01172,357328.4,pos,Enugu,Nsukka,8fab45462ee28d2f,2025-03-02 18:22:05,18,6,False
21a0a733-e0fa-4f35-a952-7a8ac8ebf37e,CUS-00829,60392.22,bank_transfer,Abuja FCT,Municipal,532c76a3c45d220f,2025-03-02 18:23:40,18,6,False
4ca43a08-2ac1-47cd-ba95-682833903a09,CUS-01707,87279.16,ussd,Lagos,Alimosho,9fd922cd16970c90,2025-03-02 18:23:56,18,6,False
5b342511-f7d6-4c1a-821f-4a8c781c9b59,CUS-01468,278.13,pos,Zamfara,Zamfara-Central,3267f29956f279f7,2025-03-02 18:24:00,18,6,True
b1a4889a-7732-40a1-a73f-f724e55fb51e,CUS-00208,242.74,ussd,Lagos,Ikeja,08eee00617f1ad2c,2025-03-02 18:26:00,18,6,True
1f11c095-cb57-4277-9431-63c4ccf5d22c,CUS-01724,193.47,pos,Anambra,Nnewi North,255cc9f84c700375,2025-03-02 18:28:19,18,6,False
e8ac61a5-5109-4e4e-bcfd-f8a67d861d33,CUS-01954,3422.45,pos,Ogun,Ogun-Central,bf394652ceb2a1a9,2025-03-02 18:28:25,18,6,False
9fae0971-b91b-4717-a5f5-02fddf87ee9b,CUS-00054,93898.53,mobile_money,Kaduna,Zaria,77c84a745dfc622a,2025-03-02 18:33:37,18,6,False
c4718063-4db8-42e1-b1b0-174bf4df7d3e,CUS-01174,1579.42,pos,Enugu,Enugu North,e9982c9770e0c56e,2025-03-02 18:38:29,18,6,False
3c5abeaf-428c-4150-acc7-20a340f21c91,CUS-00208,54.41,ussd,Lagos,Eti-Osa,08eee00617f1ad2c,2025-03-02 18:41:00,18,6,True
24147226-ceea-4db2-853d-1922d1b3b1d3,CUS-00208,284.15,mobile_money,Lagos,Ikeja,08eee00617f1ad2c,2025-03-02 18:45:00,18,6,True
00fa0306-2c70-47cf-9a94-96a7cef7f82f,CUS-00307,650478.1,bank_transfer,Kano,Tarauni,6d0a82c927ff5ec6,2025-03-02 18:46:00,18,6,False
da8568a9-50a9-4874-a44c-548ec17f51c8,CUS-00551,43355.38,bank_transfer,Sokoto,Sokoto-Central,c0cf8f2ba3b42f8e,2025-03-02 18:48:14,18,6,False
529af0f3-52ec-4901-8888-3dfac4df1a43,CUS-00330,484302.16,pos,Kano,Tarauni,701bdd6ba5598fdf,2025-03-02 18:49:29,18,6,False
fd6cd81f-fd97-49b9-910a-d7a5a7b3b604,CUS-00208,210.33,ussd,Lagos,Alimosho,08eee00617f1ad2c,2025-03-02 18:51:00,18,6,True
0f2774ed-d101-4276-b90d-7e843e5a1dc2,CUS-00208,347.36,mobile_money,Lagos,Kosofe,08eee00617f1ad2c,2025-03-02 18:52:00,18,6,True
3da82542-2ab5-4010-a480-e93e345d9265,CUS-00208,397.16,pos,Lagos,Ikeja,08eee00617f1ad2c,2025-03-02 18:52:00,18,6,True
973578d4-d585-4ab9-aa08-e36d9d2dc91f,CUS-01775,44494.15,ussd,Kano,Kumbotso,d9a299ad346ab25c,2025-03-02 19:01:31,19,6,False
6368c2b3-1a78-4629-9483-470f68e25177,CUS-00949,48333.68,mobile_money,Kaduna,Zaria,d6bcd438a77f6c9d,2025-03-02 19:02:14,19,6,False
7f294e22-2d8d-4f85-8d19-761c1b9fbfe2,CUS-00496,4189.23,pos,Oyo,Ogbomoso,9cec30768d8a4bf8,2025-03-02 19:08:41,19,6,False
9d8ec561-c845-4bce-9f9b-6d02de0b1af7,CUS-00366,115.49,pos,Cross River,Cross River-Central,59e78c8c78566e9a,2025-03-02 19:11:50,19,6,False
3b8e2cad-380a-4519-9ec9-0e29aa95f0ae,CUS-01577,81218.86,bank_transfer,Delta,Uvwie,9fb196909d1c3443,2025-03-02 19:13:44,19,6,False
9746cd56-b505-4c8b-bf5b-890d59259c42,CUS-00689,49451.99,bank_transfer,Lagos,Ikeja,4784d171657cbb42,2025-03-02 19:19:35,19,6,False
313a6c20-da1b-4b8c-a67e-dc7c8e876fe6,CUS-01858,3256.03,bank_transfer,Borno,Borno-Central,b8cde3602eceb2be,2025-03-02 19:20:24,19,6,False
4b01cc2f-4538-4606-bd82-aefe7e4d4d10,CUS-01407,490943.82,mobile_money,Benue,Benue-Central,7cec58c867ee345b,2025-03-02 19:25:23,19,6,False
e4f19fe0-2148-4d28-8bcd-7171bf974cdc,CUS-00918,2300.65,bank_transfer,Kwara,Kwara-Central,402f6978085be2fa,2025-03-02 19:31:11,19,6,False
3c228163-4c9e-4377-88b5-fb892eb323d1,CUS-00627,115757.0,mobile_money,Osun,Osun-Central,2034da5b87c1b3dd,2025-03-02 19:31:22,19,6,False
cc4748ca-4ebe-4ad4-8d71-1f324d29f109,CUS-01508,432451.19,pos,Kaduna,Kaduna South,c90ecdd6d89b7004,2025-03-02 19:37:28,19,6,False
8031e5ef-d73e-441f-87bc-9cfbb7cb8ff6,CUS-01601,3536.72,bank_transfer,Kano,Nassarawa,9247a632e0a859b9,2025-03-02 19:42:52,19,6,False
c9e16315-b43b-4e22-8d18-0eb0a2c691cd,CUS-01468,169435.06,mobile_money,Zamfara,Zamfara-Central,3267f29956f279f7,2025-03-02 19:44:00,19,6,True
cf446e09-3014-41d2-bf3a-dcbd9f3500e1,CUS-01509,25381.24,pos,Kwara,Kwara-Central,5158872a81a9343c,2025-03-02 19:44:43,19,6,False
80a7b713-e1fe-42b6-9182-32e9e79fbaec,CUS-01588,83721.92,pos,Rivers,Oyigbo,66d4c5dbca5c27b5,2025-03-02 19:46:34,19,6,False
5a21f519-eb88-41e4-aa41-c1e7e04df923,CUS-01854,4438.75,mobile_money,Adamawa,Adamawa-Central,021da314d09bf6f2,2025-03-02 19:51:32,19,6,False
23f79939-ccbf-4b74-a531-92da16738bf9,CUS-01436,2990.57,pos,Kano,Gwale,407a3276e36403ea,2025-03-02 19:54:03,19,6,False
bd28b4f4-211b-40f0-bd43-9fc4dab56a63,CUS-00338,1285.55,pos,Abuja FCT,Municipal,0bc0a52ab5090138,2025-03-02 19:56:35,19,6,False
c6832bf3-9ee6-480b-bbcc-1044a44fe996,CUS-01114,52343.39,pos,Kaduna,Zaria,45d724ddfa9237fe,2025-03-02 19:59:42,19,6,False
a3a74a6e-c525-4f4c-9107-efcb15cbf564,CUS-00794,4704.59,bank_transfer,Lagos,Ikorodu,61ad41bfc30e5cd7,2025-03-02 20:01:41,20,6,False
e906bf77-860a-4c15-9c85-89fdde454c33,CUS-01667,3325.42,pos,Yobe,Yobe-Central,7e4e3afc85b0c8b0,2025-03-02 20:02:48,20,6,False
5c2c7450-e468-47a8-b883-606e39bd2cf6,CUS-00780,4952.2,pos,Edo,Ikpoba-Okha,f51cc411e2fd45d3,2025-03-02 20:09:00,20,6,False
dd5f7218-cddd-407f-a044-28cff5a401bf,CUS-01405,2857.37,mobile_money,Abuja FCT,Municipal,9033ea62c400217c,2025-03-02 20:09:40,20,6,False
64d10f82-01fa-4783-a68c-34e4494bc86f,CUS-01388,334.86,pos,Bayelsa,Bayelsa-Central,64b0cf503a5e25b7,2025-03-02 20:10:21,20,6,False
1c8b7e52-bfc4-437c-82be-ae387054c7c2,CUS-00154,347.63,pos,Ogun,Ogun-Central,bec8cb887466247e,2025-03-02 20:24:00,20,6,False
3d3bd6ab-1de2-45b8-8c62-e38e3d95cf9c,CUS-00790,3411.77,mobile_money,Lagos,Alimosho,b15e711fa28274c0,2025-03-02 20:31:40,20,6,False
d2f02860-2b15-4adf-9b6c-7bf62faa48ae,CUS-01357,1180.53,pos,Rivers,Obio-Akpor,cf511cec9f71a1aa,2025-03-02 20:31:48,20,6,False
234bf0d5-62f4-48f5-bdd9-3d904d47bc20,CUS-01185,82787.84,bank_transfer,Gombe,Gombe-Central,a6b4370cecc956b7,2025-03-02 20:43:13,20,6,False
1aabc002-8fdb-4351-bf6f-c0a632917e79,CUS-01468,19019.38,bank_transfer,Zamfara,Zamfara-Central,3267f29956f279f7,2025-03-02 20:48:00,20,6,True
66e2837d-2dda-4580-97cc-1ac3f4f1e315,CUS-01144,51872.6,bank_transfer,Kano,Dala,79f2ca9dea7f4c82,2025-03-02 20:50:51,20,6,False
3ea1d9d4-4259-4601-b32b-be4691ea3b71,CUS-00381,450.44,ussd,Edo,Oredo,5e06f51e74b733cf,2025-03-02 21:05:50,21,6,False
35c3d9cc-6740-42a7-9df2-f791bf59fe5e,CUS-00563,1829.59,pos,Lagos,Surulere,25a706977d61cb16,2025-03-02 21:11:30,21,6,False
a2c8bfe1-5094-47e3-9c5b-5aa963578062,CUS-01091,55.18,card,Delta,Oshimili South,6b596a85b2b7d24f,2025-03-02 21:20:45,21,6,False
cccb67e6-7068-4aed-967a-6b4663285e16,CUS-01876,363.11,pos,Kaduna,Kaduna North,f535c1276725ba9c,2025-03-02 21:20:47,21,6,False
0135e87b-0302-4a2c-9cf7-91d459ad812b,CUS-00623,90068.34,ussd,Abuja FCT,Bwari,49247348eeec8a45,2025-03-02 21:25:06,21,6,False
b3f899fb-9e5c-4d70-83a4-de0e84d78ab4,CUS-00598,4108.98,pos,Lagos,Ikorodu,d5c97c675731bd9e,2025-03-02 21:25:45,21,6,False
e09d589e-5306-4d74-9c27-ead01dd6e9a0,CUS-01938,678732.93,pos,Abuja FCT,Bwari,cd875704aee05fcf,2025-03-02 21:26:49,21,6,False
bca21c75-1e3d-412b-8bac-649a405a69f8,CUS-01621,53862.27,pos,Lagos,Kosofe,8647eebdaf46fec5,2025-03-02 21:30:57,21,6,False
49522353-c0f4-4ecd-bd24-d4bfae399b67,CUS-01055,1581.11,card,Kano,Kumbotso,8f06ec76dd8c644b,2025-03-02 21:31:21,21,6,False
2e12a9a9-56fd-4a4c-968f-7b1b303abfd7,CUS-01468,160.44,card,Zamfara,Zamfara-Central,3267f29956f279f7,2025-03-02 21:42:00,21,6,True
abbf81e7-a93b-404b-a595-efba78d90c02,CUS-00399,36119.64,bank_transfer,Osun,Osun-Central,7ad897b38bbadf7c,2025-03-02 21:49:53,21,6,False
c15713e7-986a-42aa-abd1-4b745145805c,CUS-01351,53399.75,bank_transfer,Oyo,Ibadan South-West,89e967ca6849bd9f,2025-03-02 21:54:02,21,6,False
2b93aa47-0f08-48dd-a423-a68b6c0c3c5c,CUS-01613,63185.45,mobile_money,Kano,Dala,e027cc96033391f7,2025-03-02 22:36:59,22,6,False
c8fe0a6e-765d-41d0-8313-ee6acfea053d,CUS-00949,788189.42,ussd,Kaduna,Kaduna South,d6bcd438a77f6c9d,2025-03-02 23:33:19,23,6,False
827ea8fb-e569-4cde-8503-307dc521816e,CUS-00365,6208.06,pos,Rivers,Oyigbo,54e2be4f9b9a36b4,2025-03-03 00:01:07,0,0,False
1c177064-75b5-4ccc-8c83-3b47f2deea73,CUS-01660,862497.22,bank_transfer,Kaduna,Kaduna South,47d98a681f2232b5,2025-03-03 00:23:00,0,0,True
30832a44-06f1-4e78-9298-7b06bfe3ea55,CUS-01168,84170.63,mobile_money,Lagos,Lagos Mainland,b9e8174213c89292,2025-03-03 01:28:29,1,0,False
2bbd8efe-8489-4a65-a32b-f686ed8dc4cb,CUS-00832,363666.64,bank_transfer,Lagos,Ikorodu,a50745698a3d08e4,2025-03-03 01:31:00,1,0,True
008b4d00-9ff0-4b00-b550-f5ff4f547dfd,CUS-00468,352.76,bank_transfer,Lagos,Oshodi-Isolo,f54dd81c44ddef39,2025-03-03 02:25:15,2,0,False
af606c1f-f77c-47d2-899b-b25a1ce6fcec,CUS-01592,53840.22,bank_transfer,Lagos,Agege,86fee91f56ea58c2,2025-03-03 02:30:59,2,0,False
472d2970-5f26-4ee5-87ad-ecb677ab0003,CUS-01912,712451.23,pos,Ogun,Ogun-Central,24c0dd025673a221,2025-03-03 05:09:41,5,0,False
9b2848ec-d398-477f-9a2b-32ed676acbc7,CUS-01601,15635.74,bank_transfer,Kano,Tarauni,9247a632e0a859b9,2025-03-03 05:26:37,5,0,False
52073bf4-e1a6-48db-ae78-83103822886c,CUS-00756,2633.86,pos,Lagos,Surulere,e37fedd220386e09,2025-03-03 07:00:00,7,0,True
b19556d5-7342-4ca2-b647-6bad2d405a69,CUS-00756,67011.52,pos,Yobe,Yobe-Central,e37fedd220386e09,2025-03-03 07:15:00,7,0,True
91f83116-1df9-463b-9194-3962ad204147,CUS-01665,73292.69,bank_transfer,Borno,Borno-Central,f822c218fdd2c293,2025-03-03 07:17:34,7,0,False
25cde2de-30de-41b0-a0c5-3704abec6a51,CUS-00681,82886.16,pos,Kano,Gwale,e028fa448514bcde,2025-03-03 08:47:06,8,0,False
cd04c9f3-c5aa-4c72-949f-64baaac85189,CUS-01111,92291.06,pos,Lagos,Ikorodu,e26bb45013e5e156,2025-03-03 09:00:32,9,0,False
2ef14098-a2cd-426d-a241-198ebaca8f58,CUS-00565,960189.04,pos,Kaduna,Kaduna South,0d3ddcef520e555e,2025-03-03 09:06:42,9,0,False
9ebb5622-b601-4bbe-9858-664bda20a5ac,CUS-00769,893.53,bank_transfer,Plateau,Plateau-Central,2bf4c4b79c399a09,2025-03-03 09:11:00,9,0,True
ed7fbc23-2493-4af4-ace3-ebeb8d63255e,CUS-00013,2454.72,pos,Lagos,Lagos Mainland,c3b8b5c1699a40c1,2025-03-03 09:14:01,9,0,False
a42e3c3d-b145-4083-95af-681508bc89d5,CUS-01242,130.47,card,Abia,Abia-Central,a2b93884ec11f5f0,2025-03-03 09:23:26,9,0,False
8e238ace-66d5-49c9-867a-259a0c625189,CUS-00769,488.78,bank_transfer,Plateau,Plateau-Central,2bf4c4b79c399a09,2025-03-03 09:31:00,9,0,True
76c18ba6-355c-42ef-bcb3-973839f0a849,CUS-01152,1465.61,mobile_money,Edo,Ikpoba-Okha,72ad6ac72ade3ab7,2025-03-03 09:34:37,9,0,False
79818f02-9e23-47f2-b4b0-cccc8461eceb,CUS-01762,19127.98,bank_transfer,Lagos,Lagos Mainland,a30f47b1c41a7839,2025-03-03 09:38:49,9,0,False
1acca981-a296-4478-b288-40f47f02e7b2,CUS-00855,1090.56,bank_transfer,Lagos,Surulere,c708ef9fa6a48519,2025-03-03 10:02:39,10,0,False
b346f3ea-ed8e-4ba8-b2ab-c7f272ed58ac,CUS-00774,526528.7,bank_transfer,Imo,Imo-Central,0cb0597db7a27c83,2025-03-03 10:03:28,10,0,False
4c8ac3cc-bbdc-41fd-8f61-7adad2475227,CUS-01801,2190.15,pos,Osun,Osun-Central,8f779f94f9d34410,2025-03-03 10:11:57,10,0,False
80ab8dc3-8c39-4412-9d20-1dce7e1fb57e,CUS-01346,1251.26,pos,Kano,Fagge,c0097357ef2523fd,2025-03-03 10:30:47,10,0,False
479f845b-797e-4232-a978-d2830640f909,CUS-01467,1995.07,mobile_money,Rivers,Oyigbo,13aeaced423d48ec,2025-03-03 10:36:05,10,0,False
38f8eba0-62af-4945-b524-b59be0881090,CUS-01633,62716.35,pos,Imo,Imo-Central,87d8962f9b1d3d70,2025-03-03 10:37:40,10,0,False
38cb6db3-99b1-4f8a-bda4-f951f6c5615f,CUS-00238,302.48,pos,Delta,Uvwie,508e599aa4f29bec,2025-03-03 10:40:16,10,0,False
11ce3bcc-2a53-46f2-9a67-d52432d5154c,CUS-01658,155.05,bank_transfer,Rivers,Eleme,19dace16c10f4388,2025-03-03 10:45:58,10,0,False
cf8a407d-fae5-40b4-8f01-d899151860a4,CUS-01027,4581.91,bank_transfer,Borno,Borno-Central,a2451397ca1bd949,2025-03-03 10:54:52,10,0,False
8821d17e-ac4e-4c6c-a734-f7fd3ecc281d,CUS-01375,3262.1,mobile_money,Zamfara,Zamfara-Central,0bc8442031e8871c,2025-03-03 10:57:53,10,0,False
2758b66c-58d2-4f38-a91e-cac0bf3d91ad,CUS-01334,439.03,pos,Ebonyi,Ebonyi-Central,e0982791e49f6f96,2025-03-03 11:01:25,11,0,False
bedf696e-9bfd-4580-ac1c-1c64ce13b000,CUS-01591,77285.7,pos,Ogun,Ogun-Central,05a03d83a10ae565,2025-03-03 11:04:30,11,0,False
e7dc871a-6577-4746-8c74-545a85a05048,CUS-00923,102.69,pos,Imo,Imo-Central,ebacbea70d530fdc,2025-03-03 11:12:54,11,0,False
e10e3f6c-8979-4d0b-9f90-283dcd65cf04,CUS-01844,272.91,pos,Jigawa,Jigawa-Central,1c72f4beb92ebf41,2025-03-03 11:22:39,11,0,False
759a1a5c-5174-4bc5-839d-0e18bca3b7cc,CUS-00510,58453.34,pos,Kaduna,Kaduna South,f280c054339f0674,2025-03-03 11:26:18,11,0,False
41cf3bb7-26f8-4114-b7fc-66d04bc4ac13,CUS-00260,20618.38,mobile_money,Kaduna,Kaduna South,b36ce793582718ee,2025-03-03 11:30:14,11,0,False
feb4d79a-6c3a-48c5-a01c-1064d35da079,CUS-01457,58429.75,mobile_money,Anambra,Awka South,cd5bda4f0269770a,2025-03-03 11:36:24,11,0,False
ea29dbe8-0b6d-418d-83fa-481961edd504,CUS-01093,4470.1,mobile_money,Abuja FCT,Gwagwalada,3c0564b23a094400,2025-03-03 11:39:03,11,0,False
dfcba922-ce75-4ef5-88c4-c20f17e2586e,CUS-01139,271677.38,pos,Kaduna,Kaduna South,13916b9e716e5198,2025-03-03 11:40:28,11,0,False
7a77276d-d2de-4912-92ed-8c5bd237fec6,CUS-00645,3393.0,pos,Niger,Niger-Central,3f8102ecf21bc1db,2025-03-03 11:51:09,11,0,False
e347d003-0036-4e6a-8bdf-70f891004733,CUS-00769,256.87,mobile_money,Plateau,Plateau-Central,2bf4c4b79c399a09,2025-03-03 11:57:00,11,0,True
65a739bb-c506-4484-b246-a7a181b64475,CUS-00203,88969.76,pos,Nassarawa,Nassarawa-Central,28e1a249d12d9596,2025-03-03 11:58:26,11,0,False
fcdb0fa9-2e5a-422b-9534-09d335d513b8,CUS-01679,43027.48,pos,Edo,Oredo,b43b902fdfc612ca,2025-03-03 12:05:44,12,0,False
534a1353-29a6-4141-b93f-824c59a94904,CUS-00769,75606.25,pos,Plateau,Plateau-Central,2bf4c4b79c399a09,2025-03-03 12:09:00,12,0,True
07075a76-919e-4157-9b94-f4d92d9621cc,CUS-00825,153.59,mobile_money,Adamawa,Adamawa-Central,3dfac513d348b765,2025-03-03 12:13:39,12,0,False
c8034250-51e5-4ac0-bedc-1e6ca8780a89,CUS-01112,828909.34,mobile_money,Lagos,Eti-Osa,b4f1235d82904da6,2025-03-03 12:19:45,12,0,False
d0c1df9a-2b5e-4b7b-a476-9c92b66d1709,CUS-00769,2277.77,pos,Plateau,Plateau-Central,2bf4c4b79c399a09,2025-03-03 12:20:00,12,0,True
799294bd-efcd-4539-a757-b6871a2920ed,CUS-01625,25013.95,pos,Anambra,Awka South,a283745fd007033f,2025-03-03 13:02:08,13,0,False
3b12f83e-3ded-4bad-821c-0eeb5099455b,CUS-00120,1728.44,mobile_money,Benue,Benue-Central,2aa8167840b42b5e,2025-03-03 13:03:32,13,0,False
e79565b5-ae14-4189-a4d3-9f236f7575d7,CUS-00230,1191.79,mobile_money,Imo,Imo-Central,cc3a0030906ccc15,2025-03-03 13:09:16,13,0,False
eeb909e5-54da-4a9c-8573-a0b7db7245b2,CUS-00784,8128.35,ussd,Lagos,Ikeja,3fa31762f92bb220,2025-03-03 13:16:34,13,0,False
e5af7ab3-03fe-4714-8c03-5529a937febf,CUS-00541,335.45,mobile_money,Kaduna,Kaduna North,2d27eb65a141ea41,2025-03-03 13:17:40,13,0,False
fac05375-d2d8-45c6-ad8f-f1b2ceff2a3e,CUS-01784,3127.49,mobile_money,Delta,Oshimili South,418192c8ffc6e281,2025-03-03 13:19:28,13,0,False
e3cdf702-3ee1-4b28-bfd5-dcee33486b59,CUS-00268,15393.51,mobile_money,Rivers,Oyigbo,39eb4d2056be0d8b,2025-03-03 13:23:20,13,0,False
3a73c66e-56be-4d02-930f-2fb1f99d5972,CUS-01144,4470.83,pos,Kano,Tarauni,79f2ca9dea7f4c82,2025-03-03 13:35:01,13,0,False
137fec6f-1b06-41a7-b5b3-a98c2314b017,CUS-00506,15128.87,ussd,Taraba,Taraba-Central,36d937528a49042b,2025-03-03 13:38:18,13,0,False
c609b854-b975-42ee-95d5-1dbcc0c3386c,CUS-00507,10471.22,bank_transfer,Plateau,Plateau-Central,f0f00c7123d03468,2025-03-03 13:40:44,13,0,False
4e49b941-53b1-4a71-bd43-6d438db226a5,CUS-00737,327.08,bank_transfer,Plateau,Plateau-Central,b3fcfe129e0f1e6a,2025-03-03 13:40:56,13,0,False
44df43c4-e88e-4413-8b58-e312ae77a31d,CUS-00919,697824.81,pos,Lagos,Surulere,cf89ee5c3153e958,2025-03-03 13:50:38,13,0,False
b0c79121-0e74-4927-b45d-4e7c996afd66,CUS-00158,3330.4,bank_transfer,Lagos,Ikeja,917312f18359f92b,2025-03-03 13:52:15,13,0,False
24d20be4-1a78-46f7-9ea4-ea7e20a6cfd4,CUS-01497,362.9,ussd,Abuja FCT,Gwagwalada,978bcb84cb24d195,2025-03-03 13:53:29,13,0,False
b8ce1025-af09-46a1-a6f4-ac879080c5ae,CUS-00769,533618.71,pos,Plateau,Plateau-Central,2bf4c4b79c399a09,2025-03-03 13:54:00,13,0,True
ca4dfd99-5b9c-416a-a0e9-d651efe12d5a,CUS-00482,64996.63,ussd,Abuja FCT,Kuje,e7e3666ef213fc1c,2025-03-03 13:54:41,13,0,False
20deaa10-8705-4297-8cca-2846fe73e91e,CUS-00392,574.69,bank_transfer,Rivers,Port-Harcourt,eb3e81dfca0a3bbc,2025-03-03 13:55:45,13,0,False
b43b477d-bf56-4735-9311-025dc2841e8e,CUS-00711,391.42,bank_transfer,Kaduna,Zaria,66205d88b166ccba,2025-03-03 13:59:44,13,0,False
91a00cc2-9299-4397-a3fb-e3593a112490,CUS-00769,1362.49,ussd,Plateau,Plateau-Central,2bf4c4b79c399a09,2025-03-03 14:16:00,14,0,True
f1bf8906-15db-4755-876c-a2998becbc30,CUS-00982,448837.79,mobile_money,Lagos,Oshodi-Isolo,5833cf70f1e3f607,2025-03-03 14:26:23,14,0,False
4a8b9d03-fbf7-4d0d-9ed8-91390b6023c1,CUS-01021,1898.39,bank_transfer,Kano,Dala,a14fbfe3ea501645,2025-03-03 14:37:58,14,0,False
85852d7c-06f6-4cba-8b13-f592cf665ee1,CUS-00809,923653.57,mobile_money,Lagos,Oshodi-Isolo,db69bf71f5a9ddc6,2025-03-03 14:40:09,14,0,False
2a25a740-9456-4c45-926b-75569b59450d,CUS-01049,1498.19,pos,Lagos,Oshodi-Isolo,317bf6dcd72d237b,2025-03-03 14:40:59,14,0,False
7bbddccf-4bd3-41d7-b406-f6d8082aef28,CUS-00239,280.16,pos,Lagos,Eti-Osa,a18fc29097aafe72,2025-03-03 14:55:19,14,0,False
ded3889e-2e90-46ff-b517-d1f002068591,CUS-01464,2823.04,pos,Ogun,Ogun-Central,4ee532963b3526bb,2025-03-03 14:55:54,14,0,False
2857c59e-4e30-4b81-89b8-cf1fbc55970e,CUS-01798,67284.6,pos,Lagos,Lagos Mainland,da09249edbf8957c,2025-03-03 14:56:31,14,0,False
b11fdcc1-82ad-44ae-b2b9-fe195ea36e4c,CUS-00769,139.45,bank_transfer,Plateau,Plateau-Central,2bf4c4b79c399a09,2025-03-03 14:58:00,14,0,True
8a85bdfe-f742-48f2-9162-aac49cdf0e3e,CUS-00564,29923.07,bank_transfer,Kano,Kumbotso,7b60d7573ce6dd3e,2025-03-03 15:04:49,15,0,False
575b40ed-dd2a-4ebc-8597-16e068d25873,CUS-00769,813457.4,pos,Plateau,Plateau-Central,2bf4c4b79c399a09,2025-03-03 15:08:00,15,0,True
5c185825-89be-46cf-bff6-1750413036c5,CUS-01171,3059.28,pos,Ekiti,Ekiti-Central,bc9b058bfcd65ff3,2025-03-03 15:11:11,15,0,False
a4cf3da6-f68f-4d16-8a27-35f5812f3d97,CUS-01567,1349.58,mobile_money,Lagos,Surulere,30c29ebcbd60bd63,2025-03-03 15:17:34,15,0,False
58af735a-e2dd-481b-b8f1-e2a5c2023a2a,CUS-00769,99472.09,pos,Plateau,Plateau-Central,2bf4c4b79c399a09,2025-03-03 15:23:00,15,0,True
9c28965e-4443-49c2-90cd-6f8a5c44f40f,CUS-01301,62456.07,card,Gombe,Gombe-Central,7ee759a20580155c,2025-03-03 15:23:29,15,0,False
24413f1f-68ca-4b1f-ab80-0ac7455a1000,CUS-01082,1850.56,pos,Rivers,Oyigbo,ba4abb559ef4a036,2025-03-03 15:27:19,15,0,False
05e4c405-c472-46a1-b74a-35767f5d57e6,CUS-00680,52860.0,bank_transfer,Plateau,Plateau-Central,eed8abc82abd7d4d,2025-03-03 15:31:54,15,0,False
cb2f94c5-fbb4-44f1-afe4-b582e562f86c,CUS-00286,4122.4,card,Abuja FCT,Bwari,475411eb6eadef97,2025-03-03 15:38:24,15,0,False
08dd1d5d-5f97-4852-bbec-3eb73caef09b,CUS-00731,1794.89,bank_transfer,Benue,Benue-Central,caeb10505ac3e1ce,2025-03-03 15:43:28,15,0,False
2bbe77eb-c98f-4846-8bf0-464ef170b25f,CUS-00831,3496.54,pos,Abuja FCT,Kuje,6e4e8493235d07f0,2025-03-03 15:43:40,15,0,False
638cbc5f-d78b-4d7e-954e-a94bf823302d,CUS-00506,458.11,ussd,Taraba,Taraba-Central,36d937528a49042b,2025-03-03 15:50:29,15,0,False
e1a7700d-5f14-4a46-bc76-28d99675c296,CUS-01035,490.51,pos,Edo,Egor,156ab5dd8a852c79,2025-03-03 15:52:25,15,0,False
947f59eb-f66c-4a1b-a85f-ba2a9dadb21d,CUS-01975,37302.72,ussd,Jigawa,Jigawa-Central,640d7e3fa91691b5,2025-03-03 16:08:52,16,0,False
766d5370-3387-40ff-b1e2-b567c9d3686f,CUS-00429,4244.93,ussd,Lagos,Oshodi-Isolo,69e52406211df804,2025-03-03 16:19:23,16,0,False
bbc7f16d-884b-42b7-b764-5c3ed44d7ef9,CUS-00987,1929.3,bank_transfer,Rivers,Oyigbo,01e7a632232003ba,2025-03-03 16:25:37,16,0,False
302088fc-b1be-4d3d-a502-5b736f155d7b,CUS-00907,1218.2,pos,Kano,Gwale,5e62317a455c71c7,2025-03-03 16:36:23,16,0,False
a4068c9e-f03e-44a9-b980-23bb9c4220e7,CUS-01577,48458.22,pos,Delta,Uvwie,9fb196909d1c3443,2025-03-03 16:42:48,16,0,False
796ab13d-6fd3-47fd-ba46-b3a9c98b7e4a,CUS-00769,91625.61,pos,Plateau,Plateau-Central,2bf4c4b79c399a09,2025-03-03 16:55:00,16,0,True
fac16d0d-6815-4fa4-abf3-13b39907de98,CUS-01376,295.36,pos,Abuja FCT,Gwagwalada,732aaeaa6b024f1a,2025-03-03 17:02:00,17,0,True
7e257ed6-6d8f-4ebf-ba03-6d2efc5d212e,CUS-01376,417.58,ussd,Abuja FCT,Bwari,732aaeaa6b024f1a,2025-03-03 17:11:00,17,0,True
e461252a-c920-464c-ad08-b277e0d92ef6,CUS-01178,73117.59,mobile_money,Kwara,Kwara-Central,94f90507e81b387e,2025-03-03 17:13:39,17,0,False
15095cb4-fd7d-4741-93fd-10591892bf62,CUS-01028,2808.99,mobile_money,Kano,Kumbotso,daa3a38fbf2b4243,2025-03-03 17:25:52,17,0,False
d1c647ca-f846-44f7-87f5-4fdf1aacda6e,CUS-00298,203.07,pos,Enugu,Nsukka,2a174906e6fcc26b,2025-03-03 17:32:51,17,0,False
bf77a1c7-c796-4194-93bf-2ae9db2a09c9,CUS-01030,88699.54,pos,Lagos,Ikorodu,3eb7598049e53ce6,2025-03-03 17:35:48,17,0,False
04592034-cc44-4a2a-bc58-9008c0d8ce73,CUS-01376,201.22,pos,Abuja FCT,Gwagwalada,732aaeaa6b024f1a,2025-03-03 17:36:00,17,0,True
119f9ba3-f10d-499b-b8d0-62fae0fce306,CUS-00434,3424.49,card,Lagos,Ikorodu,eccd3d6c819f827c,2025-03-03 17:36:14,17,0,False
6e1a79aa-e8df-45de-8b3b-e51486ae1959,CUS-01015,80309.53,pos,Adamawa,Adamawa-Central,19492d475c97a771,2025-03-03 17:37:59,17,0,False
7dbce43f-ee27-44e9-935d-72c7e869f458,CUS-01376,378.8,mobile_money,Abuja FCT,Kuje,732aaeaa6b024f1a,2025-03-03 17:39:00,17,0,True
c3e59788-5209-4012-b6f0-c82b0195d934,CUS-00570,36207.4,bank_transfer,Abuja FCT,Bwari,c49513616758d76b,2025-03-03 17:39:04,17,0,False
11539df7-54d4-4865-bc66-da7ae8958555,CUS-01575,3333.11,pos,Lagos,Ikorodu,fd0c05be28efe48d,2025-03-03 17:40:28,17,0,False
efa17e67-32e7-4471-8d27-4c90068a8193,CUS-01376,423.29,ussd,Abuja FCT,Gwagwalada,732aaeaa6b024f1a,2025-03-03 17:47:00,17,0,True
4e045726-48fe-4a8d-a383-cf71c26327ab,CUS-00991,96933.35,mobile_money,Edo,Egor,ef4fc1417ee3e00f,2025-03-03 17:55:06,17,0,False
aaf9e0b0-7b13-4967-8e32-7a27711d583d,CUS-00769,36888.81,bank_transfer,Plateau,Plateau-Central,2bf4c4b79c399a09,2025-03-03 18:01:00,18,0,True
2b6277eb-549a-428b-bc04-18c70a46e191,CUS-00394,469.12,ussd,Kano,Fagge,ae69715490e1d162,2025-03-03 18:03:29,18,0,False
d8714af8-ff19-4bdc-b5f3-22f8cacce9fb,CUS-00726,917780.38,pos,Lagos,Kosofe,dafcccd8fd9e36a8,2025-03-03 18:05:09,18,0,False
84c67bff-1d37-44f4-9970-ecb04afdf1d5,CUS-01941,633.07,ussd,Kano,Dala,9dbbf7c1e6ccee2c,2025-03-03 18:13:53,18,0,False
fcee941e-e338-4793-90bc-d601ebdfbd88,CUS-01921,140912.82,bank_transfer,Lagos,Ikeja,00eff35bca36a5be,2025-03-03 18:22:58,18,0,False
5e20e8e6-48c5-4b5c-8be5-10357cd59eb9,CUS-01959,3176.47,pos,Imo,Imo-Central,775c01ed3ecbae4c,2025-03-03 18:40:20,18,0,False
6f443714-4398-4462-953a-bf82541b8ec5,CUS-01438,42209.27,ussd,Lagos,Lagos Mainland,9e67975ac1e802bd,2025-03-03 18:46:00,18,0,False
ac3421ac-a618-4e11-a2aa-7d64131d191b,CUS-01273,23454.43,card,Lagos,Alimosho,4a8421a02c35e770,2025-03-03 18:50:27,18,0,False
c7d77cfb-5c8e-40a8-8468-655ac746c8c0,CUS-00360,377.94,pos,Rivers,Oyigbo,bdeead7ca8d0d47f,2025-03-03 19:13:38,19,0,False
38851b5c-0c44-4fdf-bfd5-dc101a3f49ec,CUS-01308,413.14,mobile_money,Kano,Gwale,c99975fc77f75453,2025-03-03 19:32:07,19,0,False
349ca955-c432-4af0-9814-dbcd3b5f41cb,CUS-01968,474562.46,pos,Kano,Kumbotso,5bf0380f23ab981e,2025-03-03 19:49:17,19,0,False
77371846-08e5-49e9-977b-5d55b22a2548,CUS-01467,28142.79,mobile_money,Rivers,Port-Harcourt,13aeaced423d48ec,2025-03-03 19:51:58,19,0,False
2c49a742-10bc-46c1-9724-c353ac252a4d,CUS-00221,55164.95,bank_transfer,Oyo,Ibadan South-West,0b20f20794d35aec,2025-03-03 19:53:37,19,0,False
3b1c22c9-034a-49d2-b5e3-f422257d8b46,CUS-01308,67946.36,pos,Kano,Nassarawa,c99975fc77f75453,2025-03-03 19:58:01,19,0,False
cf5d1e1c-b0c0-4abd-ad1d-fe5bf1add46d,CUS-01498,51.71,pos,Rivers,Obio-Akpor,06084f23b47782c5,2025-03-03 19:58:05,19,0,False
1204765f-5da4-4f6a-ab68-b3920f649032,CUS-00769,3380.92,pos,Plateau,Plateau-Central,2bf4c4b79c399a09,2025-03-03 20:11:00,20,0,True
9ab03589-f141-4973-8bfc-8afccb47de18,CUS-01815,337622.55,bank_transfer,Akwa Ibom,Akwa Ibom-Central,4fd188f02b5f6a2f,2025-03-03 20:14:34,20,0,False
f1ba23bf-aeb7-44c5-8708-f57a33f07e5d,CUS-01782,169.28,pos,Abuja FCT,Municipal,5a12a23810b5b458,2025-03-03 20:14:55,20,0,False
cae5f9ed-bdb3-4b7c-abee-09e508fea800,CUS-00307,3419.53,bank_transfer,Kano,Gwale,6d0a82c927ff5ec6,2025-03-03 20:18:42,20,0,False
0d5df31a-45b0-4051-a3bf-b697d3692682,CUS-01820,450.24,pos,Lagos,Agege,cf971cc6ddb2bb35,2025-03-03 20:26:05,20,0,False
a225fcb3-e198-4653-a99a-db5ce49e0035,CUS-00282,2703.73,bank_transfer,Rivers,Obio-Akpor,98cd637cafd56335,2025-03-03 20:39:25,20,0,False
55086af5-511c-48f2-a7fa-4669c667f63b,CUS-01930,4880.37,ussd,Oyo,Ibadan North,df56dbbbb4f7abf5,2025-03-03 21:08:19,21,0,False
4b9345b9-c0c0-4551-9ae7-cd041a5f64c5,CUS-00076,3439.51,pos,Abia,Abia-Central,4811e029a88bf94c,2025-03-03 21:16:52,21,0,False
4db8eb87-877f-4abd-8ce0-8324cfda7411,CUS-00105,1552.35,pos,Lagos,Oshodi-Isolo,1e29af523fd2c4b3,2025-03-03 21:20:56,21,0,False
f611b2ee-5b14-4424-88d5-e1b368c35213,CUS-00403,3532.75,mobile_money,Plateau,Plateau-Central,4cc2a310dd5e1b80,2025-03-03 21:23:18,21,0,False
0e50ed92-6143-43f6-8b4c-be0ae673a53f,CUS-00805,83.89,bank_transfer,Osun,Osun-Central,1bd77958d113fdcf,2025-03-03 21:30:57,21,0,False
06de5cee-2b58-4cc3-8f54-4398a5e96471,CUS-00521,733404.62,bank_transfer,Rivers,Port-Harcourt,a0aaebb24338c8d8,2025-03-03 21:36:00,21,0,True
f8f90b80-12aa-476f-b13b-ba841ce44f22,CUS-01844,1710.84,pos,Jigawa,Jigawa-Central,1c72f4beb92ebf41,2025-03-03 21:36:16,21,0,False
b020d780-623a-49c8-a66c-68fd52f8fd0a,CUS-00819,24278.18,pos,Kano,Gwale,2dbc5cf713264b24,2025-03-03 21:38:40,21,0,False
2f939bb6-45e3-4870-b582-253107cea01b,CUS-01323,4581.95,bank_transfer,Lagos,Surulere,ab9cd435daa247d3,2025-03-03 21:52:56,21,0,False
7f534eda-566c-45e7-a4d6-28186dc04808,CUS-00544,190680.76,pos,Enugu,Enugu East,7c1e957e56743c52,2025-03-03 22:00:37,22,0,False
e4299fb6-2867-4024-a6a4-a05f907f28de,CUS-00769,199.19,bank_transfer,Plateau,Plateau-Central,2bf4c4b79c399a09,2025-03-03 22:20:00,22,0,True
ab2f2d6b-3a06-466a-876a-f6dc9dc5ba01,CUS-01032,91728.52,pos,Lagos,Agege,3465e7c29e8ade80,2025-03-03 22:28:21,22,0,False
2644e85c-37fb-46d0-8be9-370b295396e6,CUS-00359,3796.03,pos,Oyo,Ibadan North,c013c0a17c1c88db,2025-03-04 00:58:12,0,1,False
31b82395-1a92-4c0b-9841-58af48f2b89c,CUS-01844,1998.56,pos,Jigawa,Jigawa-Central,1c72f4beb92ebf41,2025-03-04 01:00:03,1,1,False
7d627d5f-2eec-4ba6-ae7d-efc5e7592f4c,CUS-00609,4986.84,ussd,Anambra,Nnewi North,d1e653e0daf0e6cc,2025-03-04 01:15:00,1,1,False
ebbbceac-3e29-42f6-b530-b56340a044a0,CUS-01205,86087.27,mobile_money,Abia,Abia-Central,3b417cdc62736e04,2025-03-04 02:08:12,2,1,False
29ebef95-d05d-46a4-9fbe-9e4b52344992,CUS-01183,297764.36,bank_transfer,Yobe,Yobe-Central,107d30a4e2840ced,2025-03-04 03:38:00,3,1,True
c2c3df5b-bc57-44e9-8a8c-2b856f482de8,CUS-00124,540308.33,bank_transfer,Lagos,Surulere,e28d9b0a17e761c8,2025-03-04 04:34:00,4,1,True
837ca12a-2fcb-4e0f-93d0-a30d0dfb23a3,CUS-01960,90878.26,bank_transfer,Lagos,Lagos Mainland,4940f9f60c439d5c,2025-03-04 05:26:55,5,1,False
2fe81a71-dd9b-443d-a7db-da88820a80f2,CUS-01621,57595.78,pos,Lagos,Alimosho,8647eebdaf46fec5,2025-03-04 06:00:25,6,1,False
ac1b73d8-6a08-42d9-bef3-a404e3440e43,CUS-00687,1936.12,bank_transfer,Kano,Nassarawa,861f932bcda67d65,2025-03-04 06:22:46,6,1,False
fdedeb24-7c88-4999-9d1d-9359624f1db9,CUS-01145,2090.37,pos,Kebbi,Kebbi-Central,925027ad2e73f2c2,2025-03-04 08:01:39,8,1,False
4713a950-d374-4975-8074-9fc89c9e8297,CUS-01908,106.71,bank_transfer,Kano,Tarauni,01f9dab905ec8c27,2025-03-04 08:18:21,8,1,False
003d799f-e2b9-4eed-a9a9-89eeb5b9b743,CUS-01010,76.83,pos,Lagos,Kosofe,235ae7f8be32021f,2025-03-04 09:04:40,9,1,False
3bddd24f-d844-4d1e-93e6-7c88fc49bafd,CUS-00876,749860.27,bank_transfer,Ondo,Ondo-Central,535999615f11696a,2025-03-04 09:09:57,9,1,False
ada0bfd6-0436-4034-8f25-3d4f17119480,CUS-01578,82134.56,mobile_money,Kaduna,Kaduna South,091d21964b4929f7,2025-03-04 09:20:42,9,1,False
c72231d8-aa09-4e7b-bb27-ece64e6b4aec,CUS-01345,14373.87,mobile_money,Rivers,Port-Harcourt,56fab3a79333298f,2025-03-04 09:21:09,9,1,False
6ec2e778-cdef-489c-b964-c8442abbeb52,CUS-00417,3193.54,mobile_money,Kano,Gwale,212f8aec6ea750eb,2025-03-04 09:22:20,9,1,False
25e90a96-e28f-471d-805f-16e96a731858,CUS-01687,391.81,pos,Abuja FCT,Gwagwalada,2d4e952d7649836c,2025-03-04 09:30:16,9,1,False
4c3ddb22-6cc6-4d8f-925a-d8006187a164,CUS-00143,3338.36,bank_transfer,Kano,Nassarawa,66fd566c77024e1a,2025-03-04 09:33:50,9,1,False
1a19dbf7-1c07-4d0d-a095-2eb5a1766a5a,CUS-00943,1570.55,mobile_money,Plateau,Plateau-Central,1da2949d58e17a5f,2025-03-04 09:36:54,9,1,False
b652c584-f2e6-4d3d-b6fe-18bc5b4f353f,CUS-00870,2787.08,ussd,Rivers,Port-Harcourt,48e1653cc2040db1,2025-03-04 09:43:11,9,1,False
500d1845-a859-44f9-9d9e-4feeae1c4a6b,CUS-00820,23629.56,ussd,Benue,Benue-Central,7b3f2a1c343fa5e5,2025-03-04 09:43:35,9,1,False
21d13641-c2d0-4490-af3b-6452ba997d94,CUS-01738,2448.28,mobile_money,Rivers,Port-Harcourt,a1b70eee008f9afd,2025-03-04 09:44:05,9,1,False
1419594f-41e5-46c3-8494-c8991ca654b4,CUS-00722,1479.82,mobile_money,Lagos,Kosofe,c446e12fd8320bf5,2025-03-04 09:49:14,9,1,False
39dd62fe-69bc-4034-995a-4220ab9f1895,CUS-01815,350.85,bank_transfer,Akwa Ibom,Akwa Ibom-Central,4fd188f02b5f6a2f,2025-03-04 09:55:03,9,1,False
de8e1e3d-4c50-44dd-9d4d-176f0480cd86,CUS-01443,904861.37,card,Abuja FCT,Kuje,99626b470ed79cda,2025-03-04 10:00:04,10,1,False
8c814385-dcda-4197-844b-dcb1af0970e0,CUS-01568,216.56,mobile_money,Enugu,Nsukka,82e3ecb4f65f677b,2025-03-04 10:00:45,10,1,False
3eab7147-b38d-4f0e-8b99-77e27e5b4754,CUS-01655,547036.66,pos,Gombe,Gombe-Central,ee689fc86d725bb6,2025-03-04 10:15:03,10,1,False
05224f43-2dd1-4459-ba0e-72e76f07a2bc,CUS-01984,560235.62,mobile_money,Lagos,Alimosho,d2b93ad2d6bfcf71,2025-03-04 10:17:27,10,1,False
c1e9a7b2-a0ec-473d-a5cf-31eea60e2314,CUS-00981,379.66,pos,Abia,Abia-Central,1c34e83bf8e6a0ff,2025-03-04 10:18:49,10,1,False
900ba835-33bc-43bb-8185-bd998b017100,CUS-00577,453.2,bank_transfer,Yobe,Yobe-Central,df62100e4e6a9cf9,2025-03-04 10:19:32,10,1,False
245bfee7-0366-475f-846b-d6282747ede6,CUS-00949,1833.45,ussd,Kaduna,Kaduna North,d6bcd438a77f6c9d,2025-03-04 10:22:00,10,1,False
d980e732-59ad-4012-b997-fe6bf9571c98,CUS-00772,2283.88,pos,Lagos,Ikeja,369e9e81cb9400c3,2025-03-04 10:23:09,10,1,False
99352e89-d814-4073-9b3b-41d1fd7f4b0f,CUS-00567,946109.7,pos,Rivers,Obio-Akpor,cb80685b5f950968,2025-03-04 10:25:30,10,1,False
2be1b5ef-88a8-4c11-9c1d-b82078d0974d,CUS-00860,66.14,ussd,Abia,Abia-Central,0fc42ad3f8af3841,2025-03-04 10:27:17,10,1,False
a07e1766-6f22-418e-8620-099c1a924034,CUS-01597,45693.42,bank_transfer,Lagos,Mushin,66b0d9200f483975,2025-03-04 10:32:12,10,1,False
26b579e6-9fd4-41db-b17a-b84a82ddcbbd,CUS-01717,975.09,pos,Edo,Ikpoba-Okha,22ed1abc7ef41eb3,2025-03-04 10:38:18,10,1,False
85640ac5-7f3b-4c3a-9b9c-938b21ba295e,CUS-00367,96777.29,bank_transfer,Kogi,Kogi-Central,cde5edbdb69eca2a,2025-03-04 10:41:00,10,1,False
b0a13a93-51fb-41a6-be2f-cb3d675ea9fe,CUS-01896,4555.39,pos,Kaduna,Kaduna North,6c0c831c8a5b6324,2025-03-04 10:43:12,10,1,False
aa7a55d4-d6c1-4dae-a078-4d3443a843bf,CUS-01984,23377.67,mobile_money,Lagos,Oshodi-Isolo,d2b93ad2d6bfcf71,2025-03-04 10:51:54,10,1,False
1bae470b-0c1b-4cd4-8383-2be4cb757ff9,CUS-01502,4324.03,card,Lagos,Kosofe,7d35363b4da45b4d,2025-03-04 10:58:16,10,1,False
ff1ca314-2a60-45be-8940-bc4aaf988b14,CUS-00755,94832.27,pos,Imo,Imo-Central,868dd195080acd9b,2025-03-04 10:58:38,10,1,False
23307a6e-9d79-4eab-80b5-734bbc27500f,CUS-01762,4322.5,bank_transfer,Lagos,Ikorodu,a30f47b1c41a7839,2025-03-04 11:00:21,11,1,False
3ba3574c-a4f5-4fbf-92ff-9f6984ce25cf,CUS-00535,64.35,mobile_money,Jigawa,Jigawa-Central,99b1889353b4384a,2025-03-04 11:12:45,11,1,False
81d0a655-612a-4950-8762-026ac7630e8c,CUS-00210,56661.9,mobile_money,Oyo,Ibadan North,e7a908e94677ed3e,2025-03-04 11:23:33,11,1,False
ebe9be1f-f7c7-410a-ab1c-f8064ab13541,CUS-00923,357.71,pos,Imo,Imo-Central,ebacbea70d530fdc,2025-03-04 11:31:45,11,1,False
db19f882-1aba-43a8-a038-14cc24c989c0,CUS-00176,6886.79,pos,Anambra,Awka South,99959f39f4739903,2025-03-04 11:35:49,11,1,False
f856e2ca-cb93-4a11-bc6b-761cae1ede62,CUS-00906,35283.45,card,Plateau,Plateau-Central,98117148c7a5e4fa,2025-03-04 11:38:59,11,1,False
4be90e3c-ead7-49ca-8ea5-88be1856beb0,CUS-01594,253.82,bank_transfer,Ondo,Ondo-Central,6a53bf463fa62fda,2025-03-04 11:45:53,11,1,False
9149de3b-1a75-4267-b897-fbbaabaed15d,CUS-01924,1857.48,mobile_money,Imo,Imo-Central,a05be818d25c27b2,2025-03-04 11:47:13,11,1,False
01ec9690-4479-4672-8aba-3f98053e3c14,CUS-00622,77843.8,bank_transfer,Rivers,Obio-Akpor,7e53a819ad1be8b4,2025-03-04 11:55:10,11,1,False
5fd8d427-c61f-4ad7-b3a1-9c4b8b7d519e,CUS-01398,831688.66,pos,Enugu,Enugu North,38bb26e921581818,2025-03-04 12:01:06,12,1,False
519e8eb8-deef-4aad-93a2-bbdb3435758e,CUS-00386,41333.49,pos,Kano,Dala,273baa91f71df6fc,2025-03-04 12:03:27,12,1,False
f6979b26-4614-4e89-8d8b-550e9fe1f296,CUS-00792,623.72,bank_transfer,Abuja FCT,Bwari,2447d4808d8e55a7,2025-03-04 12:03:47,12,1,False
491b1632-38ad-43bc-98af-cd0ed62f16b5,CUS-01054,3718.62,mobile_money,Ogun,Ogun-Central,dbecb9c21b3aca89,2025-03-04 12:04:12,12,1,False
3432cd85-6cc1-47d5-87e1-0ab3ae09db7c,CUS-00776,3101.18,pos,Lagos,Lagos Mainland,ee819ec07e84bdd2,2025-03-04 12:04:28,12,1,False
aed6f521-c1ff-4dad-bcde-5e9026d88b7f,CUS-01909,91376.57,pos,Lagos,Kosofe,7b480d3a742ac838,2025-03-04 12:06:42,12,1,False
5d600206-9bf8-4d25-b6e4-307b318c80cc,CUS-01439,2870.37,ussd,Anambra,Onitsha North,ee6a1de6a1ba11f5,2025-03-04 12:14:34,12,1,False
e20a38dc-c293-421f-8e3f-0be98c41dc65,CUS-00349,202125.51,pos,Enugu,Nsukka,8231363a63a5fd39,2025-03-04 12:14:37,12,1,False
639b897f-6f00-4957-a896-bb859512a940,CUS-00282,37353.94,bank_transfer,Rivers,Port-Harcourt,98cd637cafd56335,2025-03-04 12:23:36,12,1,False
496d4df7-6175-495a-8d20-267f080b94e1,CUS-01206,467.12,ussd,Anambra,Onitsha North,f1b490b78701a7d8,2025-03-04 12:28:43,12,1,False
f20f95fe-e568-4e39-a78f-9817972ed09e,CUS-00259,3649.07,bank_transfer,Lagos,Oshodi-Isolo,94694ebc6ddc6a43,2025-03-04 12:31:04,12,1,False
242299b9-d9ca-4712-9048-624fe8f39f58,CUS-01225,68987.32,ussd,Enugu,Nsukka,a1e9aec4d038252e,2025-03-04 12:46:04,12,1,False
fd4cc276-879b-4251-8ba1-8c67027992a9,CUS-01260,13726.92,ussd,Kano,Nassarawa,bf2d4785cb46fa2b,2025-03-04 12:56:55,12,1,False
b55b5f2f-70c3-48fa-a7ac-aae4640deb4a,CUS-01699,3761.7,pos,Oyo,Ogbomoso,1bde2143285a08c4,2025-03-04 13:02:04,13,1,False
76a82966-28ba-4c06-96e8-b736f9f28bcd,CUS-00754,276.59,ussd,Lagos,Agege,050f9e3bad7016e4,2025-03-04 13:18:20,13,1,False
594c8664-979f-4f08-b633-498b0bd328bd,CUS-01025,857.27,pos,Abuja FCT,Municipal,684ecec19204396e,2025-03-04 13:20:43,13,1,False
59dc5ed9-a744-44d9-9248-0996e73a5db2,CUS-00536,437.66,mobile_money,Borno,Borno-Central,f1abe6723efdbbfe,2025-03-04 13:28:20,13,1,False
e774aaf6-2e64-4b21-ae12-f557077e57d5,CUS-00296,80.41,pos,Kwara,Kwara-Central,68d9bede91204ef9,2025-03-04 13:31:20,13,1,False
9fff357d-c6a0-482e-8677-a6ec889e3e01,CUS-01852,82.19,bank_transfer,Sokoto,Sokoto-Central,ac5adcbf4944a58a,2025-03-04 13:35:59,13,1,False
fac59af0-debf-48e0-b4ff-c0497f9e5329,CUS-00098,34357.24,mobile_money,Lagos,Lagos Mainland,2a59164cbbab5589,2025-03-04 13:46:35,13,1,False
bff86fcd-376f-47da-a5a3-96f55f5c5136,CUS-00633,399816.53,bank_transfer,Oyo,Ibadan South-West,588850e3ca7f47b7,2025-03-04 13:51:53,13,1,False
f6f88a0c-8fde-4d0b-8e6f-a84d90d394a5,CUS-01309,294.14,bank_transfer,Benue,Benue-Central,3f2e55ad5d711bdb,2025-03-04 13:57:27,13,1,False
5ed7098a-3031-42dd-be42-1bcfc6b9adb0,CUS-01452,3583.52,mobile_money,Zamfara,Zamfara-Central,8af2244a304d26f8,2025-03-04 13:58:57,13,1,False
7fe70272-bc70-4881-b683-54526346e524,CUS-01956,1904.92,ussd,Delta,Oshimili South,03426b6d08e1ad15,2025-03-04 13:59:51,13,1,False
ed025490-a7a4-4f36-a342-267b98ae183e,CUS-00553,160307.79,ussd,Oyo,Ibadan North,04817bd46d407d52,2025-03-04 14:01:11,14,1,False
489c6ffc-0525-481e-a356-209a5de3d740,CUS-00559,700.11,bank_transfer,Enugu,Enugu North,2cf7d4cd4f3766f7,2025-03-04 14:01:47,14,1,False
bee2ceac-8e1a-4268-b754-ef75f9db1b18,CUS-01484,96.14,bank_transfer,Kano,Kumbotso,0e62fcf1fb9ddfdc,2025-03-04 14:11:37,14,1,False
a5a794ed-453f-457d-83b9-5eefd7dee9b6,CUS-01598,4324.33,pos,Lagos,Agege,4fb23adca810bdd7,2025-03-04 14:18:33,14,1,False
97f0612f-cd12-4bba-aab7-7944fbc69389,CUS-01298,4965.9,pos,Enugu,Nsukka,8316a52fadfdb58f,2025-03-04 14:38:22,14,1,False
9af85faf-b02f-4ed1-a9eb-df9b657433f4,CUS-01338,488.11,bank_transfer,Lagos,Kosofe,c6c45b4746ea7af7,2025-03-04 14:40:23,14,1,False
f536a41a-f439-4f5a-98b4-8088efce3692,CUS-01087,98690.37,pos,Lagos,Mushin,24a0342350f1093d,2025-03-04 15:08:32,15,1,False
cb24d911-5348-4124-b241-4780e87036e1,CUS-01038,995.13,pos,Lagos,Ikeja,37c80537f40eec54,2025-03-04 15:12:43,15,1,False
c6126bd2-ac6c-478b-ad69-99b7da4c5a54,CUS-01515,28787.57,ussd,Lagos,Eti-Osa,a431e97b4e692b20,2025-03-04 15:19:10,15,1,False
f41d02b0-d7ce-4643-9262-e711224d04b5,CUS-00270,11373.9,pos,Benue,Benue-Central,30d3830e3a8a63b9,2025-03-04 15:28:40,15,1,False
92dfe6b7-6a70-482e-8da3-53a756a8673e,CUS-01163,464.9,bank_transfer,Osun,Osun-Central,3c2a17d1f83b499e,2025-03-04 15:39:28,15,1,False
e7d37234-4a18-4b9b-a314-43ef31a74fc9,CUS-00231,27577.49,pos,Abuja FCT,Kuje,4e6b4b041a5e1044,2025-03-04 15:40:49,15,1,False
dd35350f-45be-46b4-bfdc-71871c753d8d,CUS-01547,2405.56,bank_transfer,Oyo,Oyo East,a176096e4a99d9cf,2025-03-04 15:41:24,15,1,False
dbfc4fef-b6ea-4b59-a922-5fd32d50603e,CUS-01964,60393.18,pos,Oyo,Ibadan North,e6b99e0579084c3d,2025-03-04 15:45:30,15,1,False
dde06234-e190-45af-a18c-c7104dfe20ee,CUS-00283,26897.01,pos,Lagos,Alimosho,dfae8283545faf33,2025-03-04 15:46:29,15,1,False
4d77d208-922a-41b2-b61b-b0ab0d3472ee,CUS-00450,72443.02,pos,Abia,Abia-Central,866ad03ed8fb0ca4,2025-03-04 16:08:35,16,1,False
475b605a-28c7-4c11-b226-a9f0c8efcb27,CUS-01977,4131.32,bank_transfer,Rivers,Port-Harcourt,02673b590c313531,2025-03-04 16:18:08,16,1,False
f6c28d42-9842-4f37-a4c0-c9bf7963459d,CUS-00971,827.38,pos,Gombe,Gombe-Central,e4a1203b447eeb72,2025-03-04 16:19:51,16,1,False
1100e4e9-e81e-4d24-a9d1-4da619176d61,CUS-01349,79368.57,bank_transfer,Lagos,Ikorodu,761ac665f034ac3a,2025-03-04 16:30:15,16,1,False
f31cc641-980b-4802-a06e-c86716e56c90,CUS-00990,1801.05,pos,Imo,Imo-Central,867cc7228b2daf96,2025-03-04 16:37:40,16,1,False
b3da1d3e-7a6c-470a-b183-5ee12f4c971d,CUS-00802,734903.98,ussd,Oyo,Ogbomoso,1a7c536b55b08bee,2025-03-04 16:57:05,16,1,False
d3bf63fa-a51f-44cc-bbc0-57fae1fd1261,CUS-01401,44172.73,pos,Lagos,Ikorodu,819745d3500a43cf,2025-03-04 17:11:26,17,1,False
9686b795-6050-466e-8305-81fe6ec59672,CUS-00011,233.71,pos,Bayelsa,Bayelsa-Central,b9f6cefb5c85d533,2025-03-04 17:22:29,17,1,False
1a491546-4c87-4bcf-a8a7-b02710028ad9,CUS-01788,252.48,pos,Lagos,Ikeja,28c66b1dab0a3687,2025-03-04 17:22:45,17,1,False
9c5a66cf-b977-4d61-bf0a-bcccac34caef,CUS-00257,4713.27,mobile_money,Edo,Oredo,05b67e1b6e78ab21,2025-03-04 17:26:33,17,1,False
77021b26-bac3-4c38-839b-4d32fb4b654d,CUS-01364,72.3,ussd,Ondo,Ondo-Central,a3bd73f6d74cc38c,2025-03-04 17:29:44,17,1,False
7ecdf4f1-605e-4f83-9ff4-6b21bb69f096,CUS-00914,2181.77,pos,Oyo,Ibadan South-West,42ac2c60f8f7aa0a,2025-03-04 17:39:41,17,1,False
b0cd6805-bbe9-4521-9d9f-1fd103cd1ddb,CUS-01437,314038.58,mobile_money,Edo,Oredo,686cf0e43bad9564,2025-03-04 17:43:13,17,1,False
19b7239c-c6ca-47fb-b77d-67d15976e14c,CUS-00110,26557.97,pos,Kano,Dala,ec463c226c5edd40,2025-03-04 17:49:05,17,1,False
f100b76e-8356-4931-be13-b7dceae16ea5,CUS-01648,468523.67,bank_transfer,Abia,Abia-Central,fed032d7d6ce8d9b,2025-03-04 17:53:18,17,1,False
4964a533-c90e-4da0-9bb5-6f5a87a081bf,CUS-00673,1791.77,bank_transfer,Oyo,Ibadan North,3ea875182d80dd9c,2025-03-04 17:55:12,17,1,False
e40c14df-5331-4bc7-9edf-21e3179f4979,CUS-01827,92.57,bank_transfer,Akwa Ibom,Akwa Ibom-Central,5b30437f9804c74d,2025-03-04 18:03:03,18,1,False
f76b7e26-0183-451a-ae0c-9604b2b89b79,CUS-00960,389.93,pos,Lagos,Alimosho,49ef09fbe609636a,2025-03-04 18:12:08,18,1,False
4d3e2728-3153-46c4-8763-67a4b52b38b9,CUS-01734,146.98,pos,Lagos,Surulere,280dbfa5463b5bb0,2025-03-04 18:17:57,18,1,False
56facef2-d24b-4387-9f0c-d12cd32720db,CUS-01455,888591.8,pos,Yobe,Yobe-Central,6d93573997f3a028,2025-03-04 18:22:09,18,1,False
950f4098-b830-4824-a93d-7c0a68081d85,CUS-00080,194.55,pos,Zamfara,Zamfara-Central,cd85d8451082aedb,2025-03-04 18:30:35,18,1,False
2b1ca9d3-6eaf-4588-84f3-ebde1ee922d2,CUS-00050,1250.69,ussd,Bayelsa,Bayelsa-Central,41aa6cad1ff50928,2025-03-04 18:37:42,18,1,False
bd0d73d6-e81a-44a2-8728-39616c422a9d,CUS-00413,83725.32,pos,Oyo,Ibadan South-West,5f8b7caf2b8b3341,2025-03-04 18:42:10,18,1,False
0827147a-a6a1-4433-bae2-c118c4e5a46e,CUS-00687,65459.48,bank_transfer,Kano,Fagge,861f932bcda67d65,2025-03-04 18:44:00,18,1,False
57dde186-06cf-4fe3-a340-b85a5cad6b7c,CUS-00836,2745.78,card,Taraba,Taraba-Central,ba636c1a13a3a541,2025-03-04 18:44:11,18,1,False
30708e0c-9e68-47ab-a726-8eb33ed1bad3,CUS-01066,14998.12,pos,Lagos,Surulere,49a6701b8f3838cc,2025-03-04 18:45:42,18,1,False
3e38c770-b4d8-4b39-af5d-1b76c6ffaeb0,CUS-01664,8220.81,bank_transfer,Ogun,Ogun-Central,69024d426ea4f554,2025-03-04 18:52:51,18,1,False
e7e76e8c-380e-4856-98d5-3602650032ce,CUS-00804,56129.84,bank_transfer,Rivers,Eleme,77e85fd09a04681d,2025-03-04 18:54:56,18,1,False
8d81fbe8-7851-415e-8e1a-389719de9915,CUS-01781,471.23,pos,Kogi,Kogi-Central,7c39e27bdd3e2a60,2025-03-04 18:55:46,18,1,False
e9160949-50ea-452e-898f-52e5dc1e7734,CUS-01979,1323.21,pos,Borno,Borno-Central,9d5dd236bdaf1bc7,2025-03-04 19:03:03,19,1,False
9cffc471-30de-46a3-9911-238336bb9687,CUS-00505,435.84,pos,Lagos,Agege,d355a859cfb7d778,2025-03-04 19:06:23,19,1,False
2730fb7c-f739-40b3-96b7-c383d3d3036d,CUS-01420,3231.89,mobile_money,Kano,Gwale,eff694d3bbf74ab9,2025-03-04 19:09:24,19,1,False
b8933788-9e97-41cf-b6c9-5a2f18ff2ebf,CUS-01881,285.57,mobile_money,Kebbi,Kebbi-Central,cc777f8275aeca85,2025-03-04 19:18:15,19,1,False
27211e90-fc50-447e-9df8-a5071fc325eb,CUS-01072,343.03,pos,Lagos,Alimosho,5e8f9450d294cb82,2025-03-04 19:33:00,19,1,False
1f4ccb9e-9fc7-4f41-b36b-bd02a2577904,CUS-01206,2185.85,ussd,Anambra,Nnewi North,f1b490b78701a7d8,2025-03-04 19:40:46,19,1,False
59da1ae8-7f1d-47ab-a420-2fd41b624619,CUS-01062,411.14,pos,Kwara,Kwara-Central,398b5f1c492b7fbf,2025-03-04 19:44:58,19,1,False
415632a5-d81d-4cae-ad18-8c29f6517475,CUS-00897,172.83,pos,Nassarawa,Nassarawa-Central,5b9761b9c452f988,2025-03-04 19:46:39,19,1,False
e4c80a69-32aa-4702-bf43-97a5df3af18b,CUS-00272,97.54,bank_transfer,Zamfara,Zamfara-Central,c6f1d8b3c6540168,2025-03-04 19:47:17,19,1,False
c9fe65ad-1f66-430f-815e-cfe947308cdf,CUS-01487,116.3,pos,Edo,Oredo,8b29f537a5dc9bb1,2025-03-04 19:47:20,19,1,False
1d757895-38c9-4e1a-8147-6bec1f3a2339,CUS-01129,13098.14,mobile_money,Kano,Dala,3cb9a5c73af5a620,2025-03-04 20:07:46,20,1,False
c1002982-2c89-4774-a6f9-319edc4fc0fb,CUS-00650,4877.8,pos,Lagos,Eti-Osa,a7107ef719a58b4f,2025-03-04 20:12:40,20,1,False
ccb1ccea-095e-4abd-b762-b8f7d75dff1c,CUS-00875,650.64,bank_transfer,Lagos,Eti-Osa,72e07687895ad0c6,2025-03-04 20:12:44,20,1,False
82c74596-602f-459c-adbf-c3deb0a43683,CUS-01113,252445.44,pos,Oyo,Ibadan South-West,380fc2921922c9ea,2025-03-04 20:15:59,20,1,False
6b175608-1215-4365-bdf5-f8690d532324,CUS-01767,1066.06,bank_transfer,Abuja FCT,Kuje,3e2929fc96a5c0f6,2025-03-04 20:19:33,20,1,False
cd450fcc-ffa0-4845-93d0-f6a365a3cfd3,CUS-00586,54542.02,pos,Lagos,Alimosho,fd16b5ef53f118f3,2025-03-04 20:21:26,20,1,False
15f915dd-65c1-4cc1-bef4-9f565c81bf1b,CUS-01774,38039.81,mobile_money,Imo,Imo-Central,4416a81ac3c26ad7,2025-03-04 20:28:09,20,1,False
84ae1e32-a6c4-43f3-a4f2-23360df4deb6,CUS-01413,2261.61,pos,Lagos,Mushin,f3169884d2025deb,2025-03-04 20:28:42,20,1,False
4f458e73-81fa-4445-b7be-2b145d17a2da,CUS-01375,2183.96,mobile_money,Zamfara,Zamfara-Central,0bc8442031e8871c,2025-03-04 20:30:28,20,1,False
8b74d038-1865-4f85-a694-e982742513a3,CUS-00804,4296.71,bank_transfer,Rivers,Oyigbo,77e85fd09a04681d,2025-03-04 20:32:09,20,1,False
68784ec9-1082-4c83-bbeb-2e9891a16256,CUS-00544,355.51,pos,Enugu,Nsukka,7c1e957e56743c52,2025-03-04 20:34:55,20,1,False
7aed84a8-c844-4c87-bb7d-bf61a1d54c7c,CUS-00839,57607.05,pos,Enugu,Enugu East,a2601c65fa06efa2,2025-03-04 20:35:44,20,1,False
b971ea20-97c8-40e1-9329-219147e5ee58,CUS-00326,88.14,bank_transfer,Oyo,Ogbomoso,44cc9b88041101da,2025-03-04 20:56:12,20,1,False
a98e4fdc-1ca2-4d5e-825d-94465ad2f7ab,CUS-00073,3304.28,pos,Benue,Benue-Central,0e306f57f0b24260,2025-03-04 21:00:03,21,1,False
b8fba087-3214-4683-bbfd-8fd7a19ea28c,CUS-00410,4019.01,mobile_money,Kano,Nassarawa,9f4f4dd35dc18f7d,2025-03-04 21:07:28,21,1,False
4b757ad5-afd6-4b43-8556-1f11fa99cf53,CUS-00138,835.69,pos,Rivers,Oyigbo,f79e2765a2b6dbad,2025-03-04 21:09:05,21,1,False
6b255bcc-b31f-4d8a-9601-9c3ce7a58eee,CUS-01779,398.38,ussd,Bauchi,Bauchi-Central,976df3ec4bd11a74,2025-03-04 21:09:52,21,1,False
b492701a-c65d-4dfc-ac41-8d9ba401e850,CUS-00033,4320.19,mobile_money,Katsina,Katsina-Central,aa5d722eb3b158d1,2025-03-04 21:28:16,21,1,False
16acf1b3-5f58-4a46-a14a-2254195d3653,CUS-00852,91610.02,pos,Lagos,Eti-Osa,dd00bd8dbc71a10f,2025-03-04 21:32:20,21,1,False
8ebf0861-2f70-4a7b-91cc-b73a37ceb560,CUS-00634,2720.83,mobile_money,Lagos,Surulere,c8a3eeb50a3ac3d7,2025-03-04 21:36:38,21,1,False
97f72be7-6571-46bb-87e0-66e2cfc9686f,CUS-01169,315.22,bank_transfer,Kano,Nassarawa,adb47e70e5622cfe,2025-03-04 21:38:46,21,1,False
dca64834-0346-4075-9966-4ccb95abcbe0,CUS-00817,3557.62,pos,Rivers,Obio-Akpor,5e56d5b3a956bd3c,2025-03-04 21:50:05,21,1,False
348db9f4-7f11-4ec7-964d-e7f665f6193a,CUS-01281,57429.64,pos,Edo,Ikpoba-Okha,1bd265a4fcf5f631,2025-03-04 21:51:30,21,1,False
3ccf6ffc-6eb1-48d3-a2b8-301a68dcce9a,CUS-01007,104.77,pos,Borno,Borno-Central,571abb9ccdcae687,2025-03-04 21:53:03,21,1,False
c04f0d2d-cd82-4d68-a609-d79fbe90d6d6,CUS-00569,352958.63,ussd,Kano,Fagge,8a3912d9c4370463,2025-03-04 21:56:56,21,1,False
c6328694-3b4d-49a2-9711-ca71b0bbae3c,CUS-01985,70340.46,ussd,Lagos,Eti-Osa,e60e86688a83e9d7,2025-03-05 00:07:40,0,2,False
fa5e4712-88dc-44bb-b125-4acf941dcdc4,CUS-01962,1514.39,mobile_money,Bauchi,Bauchi-Central,d70390a3e9a87b2e,2025-03-05 01:46:59,1,2,False
9e692088-01be-4631-84ad-726d509ff408,CUS-00091,886866.9,card,Edo,Ikpoba-Okha,e01e6ff363ab9e69,2025-03-05 02:03:13,2,2,False
10f8c003-4068-4ddc-892e-3311071bc36a,CUS-00094,2205.52,pos,Abia,Abia-Central,2042e9881324c986,2025-03-05 04:01:39,4,2,False
fc053e22-381f-42c6-b385-efe163b179f1,CUS-01066,2083.17,pos,Lagos,Mushin,49a6701b8f3838cc,2025-03-05 04:14:54,4,2,False
81337161-05dc-4c27-97c6-6064b8277cd5,CUS-01758,4053.94,bank_transfer,Lagos,Mushin,cddaa2a8705e5f66,2025-03-05 05:06:32,5,2,False
5294f836-acc9-4965-bdf4-14584d76ac5d,CUS-00326,52368.75,mobile_money,Oyo,Ibadan South-West,44cc9b88041101da,2025-03-05 05:09:51,5,2,False
a5a8b47c-dc19-4e53-a6e3-217acc834f95,CUS-01332,204.52,card,Lagos,Eti-Osa,4ca97245da0a0e27,2025-03-05 05:25:40,5,2,False
57e81406-9b38-423c-858d-a679c86f7c87,CUS-01033,221.49,pos,Lagos,Ikeja,3fe6d62b7438da14,2025-03-05 06:32:06,6,2,False
e936a140-4a45-4d95-9b47-6ab0efd45d4f,CUS-00080,247834.32,bank_transfer,Zamfara,Zamfara-Central,cd85d8451082aedb,2025-03-05 07:25:00,7,2,True
e04793c5-eab5-49c1-8d74-9d9cd6468e52,CUS-00537,4986.88,pos,Lagos,Oshodi-Isolo,560b0ddbfbe0780f,2025-03-05 07:46:15,7,2,False
74666af7-36e3-498c-b873-b6944e087b88,CUS-00864,834.77,pos,Rivers,Eleme,82023b8e0030d2ad,2025-03-05 08:27:22,8,2,False
f4ed64ad-e74e-4b42-bef7-f2f860feac11,CUS-00402,66206.13,bank_transfer,Abuja FCT,Bwari,f2b2f87b00141bb9,2025-03-05 08:57:54,8,2,False
a33a7d66-ce98-4e07-8bf4-efbcad2e672b,CUS-01044,94003.98,mobile_money,Niger,Niger-Central,5ab1a2bf1058e736,2025-03-05 09:02:47,9,2,False
3d68a738-71b9-48c2-9385-e3019955e319,CUS-00724,2576.05,pos,Oyo,Ibadan North,4efd26d3ea3c9cf3,2025-03-05 09:04:48,9,2,False
cf5e1f4a-9eb5-4ab1-8801-8f98ba5fc3c7,CUS-00552,3485.36,mobile_money,Oyo,Ogbomoso,39540e3ee814dbfd,2025-03-05 09:06:14,9,2,False
7ed23f18-7005-4a74-a30f-1d0d8ab33c96,CUS-00820,370544.06,bank_transfer,Benue,Benue-Central,7b3f2a1c343fa5e5,2025-03-05 09:31:37,9,2,False
eb4c7a90-cf6b-4b1e-be7d-892f6fd40bde,CUS-00247,60880.23,mobile_money,Akwa Ibom,Akwa Ibom-Central,24e158ba75483b7c,2025-03-05 09:36:09,9,2,False
5ed53a1d-9556-478f-a96b-4924349de853,CUS-01457,2714.63,mobile_money,Anambra,Awka South,cd5bda4f0269770a,2025-03-05 09:50:21,9,2,False
3f944fc1-534b-4ecc-91ce-aa38093a5a21,CUS-01611,91866.32,pos,Delta,Oshimili South,aa648247ee837f3b,2025-03-05 09:52:34,9,2,False
8b7f219d-1d70-4c6f-b905-f8f45594e3d0,CUS-00424,2013.28,ussd,Lagos,Ikorodu,91994fb841d39732,2025-03-05 09:54:54,9,2,False
3d3b2950-a209-499c-94ef-1f7d0c3a1bc6,CUS-01352,4803.54,ussd,Rivers,Obio-Akpor,92635ba9f4c8df47,2025-03-05 10:10:06,10,2,False
ca73dd07-a7d1-4441-8020-b3e5ce47e3dc,CUS-01657,414.25,bank_transfer,Kano,Nassarawa,f93628cea36d72f3,2025-03-05 10:21:12,10,2,False
a2de9c22-d57c-4d3d-9ccc-ec695651d109,CUS-00423,92.56,bank_transfer,Abuja FCT,Gwagwalada,11676efe42bc94c7,2025-03-05 10:28:43,10,2,False
9b308a1b-495c-41aa-b6cc-1707b2b81a66,CUS-00118,2460.68,mobile_money,Niger,Niger-Central,482982ea000a9ae6,2025-03-05 10:29:37,10,2,False
946f88f7-4528-4682-8f1c-d541f07e65de,CUS-01864,140.51,pos,Ogun,Ogun-Central,30d210bf341300b3,2025-03-05 10:32:14,10,2,False
83e34def-3a72-41ac-b951-f1396e121958,CUS-01202,54417.16,card,Lagos,Lagos Mainland,82a30116a4708d90,2025-03-05 10:38:13,10,2,False
8a2236bb-093e-4c54-91f9-9462e204ceea,CUS-00107,3044.39,ussd,Kwara,Kwara-Central,92b1c29150805aed,2025-03-05 10:43:06,10,2,False
79c9b712-d0f4-4ccc-a77e-dc5f27efca99,CUS-01634,2803.09,pos,Yobe,Yobe-Central,665b394f3b341135,2025-03-05 10:44:45,10,2,False
afa78a3a-4a79-48ec-9725-7a274eb70939,CUS-00775,362.35,pos,Lagos,Oshodi-Isolo,60364fe3f48def16,2025-03-05 10:55:47,10,2,False
04f59882-9889-4c01-9916-da5c869f04da,CUS-01745,69813.33,pos,Abuja FCT,Kuje,edc9f3db1932dde2,2025-03-05 10:58:20,10,2,False
f71440bc-cf46-4fdf-a2f7-dcafa9c668c7,CUS-00070,45442.12,mobile_money,Abia,Abia-Central,7c295cab1e590026,2025-03-05 11:13:45,11,2,False
d6e09119-e5b7-4bd1-87dc-0098e7b7d711,CUS-01928,80952.91,mobile_money,Delta,Uvwie,3b3cf79cd7b03c7e,2025-03-05 11:17:32,11,2,False
22142eee-5b5e-4dc4-b80c-557d97882e3a,CUS-00194,756985.08,bank_transfer,Kano,Gwale,772c1cdc30b567ac,2025-03-05 11:22:00,11,2,True
4fd881bd-5592-40e3-b16e-95e6f0b6905d,CUS-01188,68991.88,mobile_money,Kano,Tarauni,fe8326e203ab14be,2025-03-05 11:26:08,11,2,False
f4d98526-670f-497a-832a-ea352dad00d8,CUS-00250,1497.48,pos,Kano,Kumbotso,d4f50bf558952f13,2025-03-05 11:41:37,11,2,False
3367b0dd-ec57-426a-bd99-bb32f632c0c3,CUS-00799,483.06,pos,Adamawa,Adamawa-Central,9770e4eba99b57b6,2025-03-05 11:42:14,11,2,False
fa6d9701-3e8d-437d-aa8c-8241ef34afcb,CUS-00850,40847.38,mobile_money,Lagos,Mushin,e9094fbd4615343d,2025-03-05 11:58:08,11,2,False
c643575d-fd19-4778-8392-44b983ce7cf7,CUS-01569,132.09,ussd,Abuja FCT,Municipal,21d624bef1726de6,2025-03-05 12:14:05,12,2,False
ab13aaed-5d0a-4b7c-bfca-ab3ea02f4ae6,CUS-01153,2504.11,bank_transfer,Anambra,Nnewi North,26ab0b1b8d261ac9,2025-03-05 12:20:49,12,2,False
9165bf75-b96b-478e-8084-7bc89cc626f3,CUS-01809,1933.95,pos,Lagos,Agege,e3c66282934feb13,2025-03-05 12:22:21,12,2,False
12824bbd-22f6-4349-bd09-83485f980ccd,CUS-01399,222.31,bank_transfer,Edo,Egor,916b72d708a6954a,2025-03-05 12:30:09,12,2,False
5908c5fa-0155-4766-a599-abbb90e61008,CUS-00457,202.88,bank_transfer,Abuja FCT,Kuje,bf419fd9bf1b95cb,2025-03-05 12:35:47,12,2,False
32972b2d-6afa-46bb-9353-4388581dc3ab,CUS-00765,1841.81,card,Oyo,Ibadan South-West,6d0444c4589009d0,2025-03-05 12:37:09,12,2,False
6b6c0611-0f9c-46b6-b038-78c887f08fe0,CUS-00037,163.73,pos,Lagos,Surulere,72ae7fb6dfe605ed,2025-03-05 12:37:12,12,2,False
1fc7eb97-634f-455d-9a4d-995ad001e8fe,CUS-00791,662.93,card,Kaduna,Kaduna North,6e4ba221fb73358b,2025-03-05 12:44:58,12,2,False
341f3ca8-4ee4-4588-896a-c5392a1db82c,CUS-00713,1470.65,pos,Rivers,Port-Harcourt,93be4c8e97ea3203,2025-03-05 12:56:04,12,2,False
3a749712-5fd8-414e-9616-3f2db44c2c9e,CUS-00216,667810.2,bank_transfer,Kano,Gwale,48b45369cc93bdd8,2025-03-05 13:06:25,13,2,False
3c0d3167-12ab-4dd2-8d59-b28970555673,CUS-01788,4607.41,pos,Lagos,Oshodi-Isolo,28c66b1dab0a3687,2025-03-05 13:13:10,13,2,False
85b8136b-746d-404f-8edb-3dc3ac0e7c54,CUS-00437,67.04,pos,Plateau,Plateau-Central,e53cf502a973740f,2025-03-05 13:14:54,13,2,False
2eee4cd9-3b94-4042-b77a-c701e2bbcce9,CUS-00544,83786.79,pos,Enugu,Enugu North,7c1e957e56743c52,2025-03-05 13:19:11,13,2,False
eb8906c4-ef21-4f42-a59a-31c4f303965b,CUS-00336,4448.54,mobile_money,Sokoto,Sokoto-Central,6d122924f13a87c4,2025-03-05 13:23:01,13,2,False
5f4ad36b-cfdf-4d77-9658-be95a35cc8f1,CUS-01076,229.35,ussd,Rivers,Oyigbo,8fb4ce490c245fca,2025-03-05 13:30:07,13,2,False
d48743e1-e5ba-408e-9287-60f9e9d1631d,CUS-00095,1601.68,mobile_money,Abuja FCT,Municipal,153f2c240b7102b6,2025-03-05 13:38:00,13,2,False
5a9fc8a1-1198-4f3b-b3fd-57c43c08c7ea,CUS-00577,90828.27,bank_transfer,Yobe,Yobe-Central,df62100e4e6a9cf9,2025-03-05 13:48:47,13,2,False
4564d9ad-52f0-4e5d-82bd-a2af3ce4ffde,CUS-01800,465797.63,pos,Cross River,Cross River-Central,495085d7be707495,2025-03-05 13:48:56,13,2,False
4ee0adef-4bbd-4e2f-8126-a3464e6bc4c6,CUS-00462,1439.01,bank_transfer,Osun,Osun-Central,da005172e3bfeaf9,2025-03-05 13:52:11,13,2,False
7c293f31-7f59-4097-96c3-b822b23e6949,CUS-00670,360.76,bank_transfer,Lagos,Agege,1cc74c0482d19f3a,2025-03-05 14:09:28,14,2,False
fcb68036-7812-46bf-9ef8-8cb64be38850,CUS-01737,2827.69,mobile_money,Lagos,Oshodi-Isolo,d65c63cbb8989857,2025-03-05 14:12:28,14,2,False
16759209-0593-4065-8d86-11afb10fd6a3,CUS-01904,304433.13,mobile_money,Osun,Osun-Central,5ef2e52b8d5a94b5,2025-03-05 14:20:58,14,2,False
923f45fd-ae53-45de-ba20-0a290bb13c14,CUS-01912,398.41,pos,Ogun,Ogun-Central,24c0dd025673a221,2025-03-05 14:22:01,14,2,False
9ca31fd0-354c-4ca8-bdba-a4f7fed07d58,CUS-01626,1584.34,pos,Lagos,Ikorodu,cacac985ee6dde77,2025-03-05 14:47:31,14,2,False
06c5a304-c6e6-4720-be98-fb078d604a7f,CUS-01722,2362.59,pos,Kano,Fagge,09e337320c6f169d,2025-03-05 14:57:19,14,2,False
d8464e9d-5933-40f1-9970-0e86d11a0632,CUS-01783,44072.16,ussd,Enugu,Nsukka,2d29a4303c9d0ac3,2025-03-05 15:12:40,15,2,False
52d73ade-a6c9-4e84-8b6e-c5e0b2959dfd,CUS-00639,91279.35,mobile_money,Rivers,Obio-Akpor,e31599e9b6444d86,2025-03-05 15:22:09,15,2,False
9ed92df0-06d4-491a-b952-0938acb246cc,CUS-00898,3040.59,bank_transfer,Lagos,Eti-Osa,836f5054e1ab3d9e,2025-03-05 15:44:11,15,2,False
48549d99-f4c0-457a-995a-12d5aad1e101,CUS-01323,73549.76,bank_transfer,Lagos,Surulere,ab9cd435daa247d3,2025-03-05 15:51:57,15,2,False
d0170381-9f92-4415-941a-5520f3591177,CUS-00359,324194.93,pos,Oyo,Ogbomoso,c013c0a17c1c88db,2025-03-05 15:54:37,15,2,False
401eff83-2fc7-4d2e-9c62-002cbae0faa5,CUS-00916,1986.13,bank_transfer,Kano,Dala,5bd822755a40195e,2025-03-05 15:56:10,15,2,False
b28d77a7-9acc-4775-95b4-a64ad9d7665a,CUS-01699,186.11,pos,Oyo,Ogbomoso,1bde2143285a08c4,2025-03-05 15:57:22,15,2,False
208d858e-128b-4976-ba98-38efe9428116,CUS-01982,3385.04,pos,Abuja FCT,Gwagwalada,b73ee420f622f6cf,2025-03-05 16:04:11,16,2,False
b033a165-6775-4b4a-9784-fa331ffdb00e,CUS-00353,87575.67,ussd,Lagos,Oshodi-Isolo,69f11513ba62981e,2025-03-05 16:04:32,16,2,False
243cce1c-d49d-4aec-b705-57b2bb936e2c,CUS-00808,7460.52,bank_transfer,Abuja FCT,Bwari,69dd324fb440fa06,2025-03-05 16:12:40,16,2,False
c0de701f-c511-43e4-8076-d18f27a05bf2,CUS-00048,4018.52,bank_transfer,Oyo,Oyo East,2bed16a79efed2dd,2025-03-05 16:15:43,16,2,False
de95a258-7d22-4388-a9b3-3fbf6413b180,CUS-00840,130.19,pos,Lagos,Agege,cabd7b8438ffd909,2025-03-05 16:28:38,16,2,False
bff5d72b-0c60-414b-8f92-e5e0547b306c,CUS-00625,74573.16,card,Rivers,Port-Harcourt,1d090ee98ebcd277,2025-03-05 16:30:47,16,2,False
61e10c5b-5fa2-4dff-b9b0-100c7eae0adc,CUS-01278,206471.28,pos,Lagos,Oshodi-Isolo,8f89b849a3239d26,2025-03-05 16:33:56,16,2,False
af0c8473-63e5-41aa-9023-6945383f5e7a,CUS-00670,203851.21,bank_transfer,Lagos,Lagos Mainland,1cc74c0482d19f3a,2025-03-05 16:44:36,16,2,False
56aba441-0686-466a-884b-ececbe34c35a,CUS-01962,53.58,pos,Bauchi,Bauchi-Central,d70390a3e9a87b2e,2025-03-05 16:48:03,16,2,False
388c7c47-ee3c-4cc1-9bc1-c7cbdf2a8c2e,CUS-01838,1568.48,ussd,Yobe,Yobe-Central,6a7ec85c1aa650c1,2025-03-05 16:51:09,16,2,False
0146702e-61af-4241-83c8-c13e584e26b7,CUS-00863,65781.68,bank_transfer,Rivers,Obio-Akpor,a133f84deb5ccf1d,2025-03-05 16:59:37,16,2,False
ff11d2c0-f53a-475b-928d-920634da1817,CUS-01889,258.96,pos,Ogun,Ogun-Central,d4dcceb674d03143,2025-03-05 17:09:07,17,2,False
7707ab26-8d7e-45de-bd98-4c3e6e9d4b0d,CUS-01015,84.17,pos,Adamawa,Adamawa-Central,19492d475c97a771,2025-03-05 17:10:32,17,2,False
78f38e83-dd9c-46f6-8dc9-d7be3208102c,CUS-00345,4647.26,mobile_money,Kaduna,Kaduna South,808e7a5c5a97600f,2025-03-05 17:10:36,17,2,False
e8370b55-4481-47ba-a3cb-910854a25618,CUS-01684,2737.88,mobile_money,Lagos,Ikeja,c502b63d2b4acfae,2025-03-05 17:13:03,17,2,False
88c48b73-a1b8-4afc-86fc-6fc3a201ca39,CUS-01405,4634.36,mobile_money,Abuja FCT,Municipal,9033ea62c400217c,2025-03-05 17:19:15,17,2,False
3978a4e6-e23b-408e-b970-98a865bfa363,CUS-00285,87658.06,bank_transfer,Lagos,Eti-Osa,72450b7e68862ec6,2025-03-05 17:20:35,17,2,False
69bc7a80-b859-44f8-a303-8be815b99aa2,CUS-00184,801.38,mobile_money,Kano,Nassarawa,2612a20c83785e17,2025-03-05 17:27:09,17,2,False
c1998718-cce6-41d7-ba04-9b322fcc7363,CUS-01295,90018.91,mobile_money,Lagos,Lagos Mainland,ed59bae45fd6a782,2025-03-05 17:35:59,17,2,False
6f6a6b0e-6e9d-43e9-88ea-4a8b2ec0f79f,CUS-01968,3268.48,bank_transfer,Kano,Dala,5bf0380f23ab981e,2025-03-05 17:42:05,17,2,False
c5dadfd6-b0b6-4beb-811f-6b25caea27cb,CUS-00014,290.91,bank_transfer,Lagos,Kosofe,22f6bea733e5c873,2025-03-05 17:46:06,17,2,False
df38ae6a-9401-4ca0-992d-7152fc80da67,CUS-01063,25548.73,bank_transfer,Rivers,Obio-Akpor,9e1a89fd42d907c4,2025-03-05 17:49:31,17,2,False
e501c658-667b-4457-b4d4-346cfe5bce99,CUS-00587,4418.07,mobile_money,Lagos,Eti-Osa,fda7cc6b37ded4c9,2025-03-05 17:54:40,17,2,False
7a011afe-5b11-4472-8362-65fcf19c2cdd,CUS-01199,232633.79,mobile_money,Lagos,Mushin,87823df2b69fc0a4,2025-03-05 17:55:17,17,2,False
08c930c0-bf8f-40bd-a730-73158684721c,CUS-00858,2116.17,pos,Oyo,Ogbomoso,459418dba78d60fc,2025-03-05 17:57:52,17,2,False
d288f4e9-6495-4376-aea8-c3f0e886a602,CUS-00133,4081.55,bank_transfer,Kano,Tarauni,48bed95f602bfd50,2025-03-05 18:07:52,18,2,False
23c9343b-2bd3-40d3-a273-52a725f0a322,CUS-01098,270.67,pos,Abia,Abia-Central,311eb4d69dc7f861,2025-03-05 18:10:06,18,2,False
f93a81e0-a17d-4e99-a6db-d730172b4eed,CUS-01955,90702.72,ussd,Yobe,Yobe-Central,d8a64296698dc0ac,2025-03-05 18:10:22,18,2,False
1ed0cc9b-b426-4b12-a5bb-2ce3ddd93e9f,CUS-01730,299.17,pos,Kano,Fagge,ccdd451e2764643f,2025-03-05 18:11:44,18,2,False
3050e845-32e4-49bc-9e22-d31fe4b09ef7,CUS-01456,11291.23,bank_transfer,Anambra,Nnewi North,2ae0abcfd03562bf,2025-03-05 18:24:55,18,2,False
169cdd49-c1ce-4ecc-a81e-7e3f4020505b,CUS-01493,312598.11,ussd,Lagos,Eti-Osa,a9e1d473406f0c83,2025-03-05 18:27:19,18,2,False
fde2c47e-500c-4dc4-a8f1-4203f6098416,CUS-00380,3964.24,mobile_money,Lagos,Kosofe,ca9ba6717d98299c,2025-03-05 18:33:48,18,2,False
9c86052e-8411-459d-99c2-65eb440806d2,CUS-00568,3352.85,mobile_money,Kogi,Kogi-Central,dcc0efb50bd6ca59,2025-03-05 18:38:00,18,2,False
1a1c47b7-873a-451c-8976-7734df086ceb,CUS-01627,24002.67,ussd,Oyo,Ogbomoso,8a68d0e2389ad1b9,2025-03-05 18:51:03,18,2,False
a81c7e61-9f18-4051-80d0-f63f076f2119,CUS-00419,663878.43,pos,Osun,Osun-Central,4eebee10696d2ff4,2025-03-05 19:00:50,19,2,False
c0529856-48a0-4320-9a90-6820886ec481,CUS-01503,3244.42,pos,Kano,Dala,f209ce9a3a87000b,2025-03-05 19:09:16,19,2,False
62713bf8-782e-46ce-a348-b5f0c20b6bca,CUS-01239,303374.85,pos,Lagos,Mushin,cbf3ba8a5623bd89,2025-03-05 19:21:12,19,2,False
a4fcdcdd-762f-4ced-9903-050ae7126199,CUS-01977,1863.84,bank_transfer,Rivers,Oyigbo,02673b590c313531,2025-03-05 19:22:17,19,2,False
84bd8adf-93f1-4fc1-a9bf-d54221bc0ace,CUS-00454,4447.11,bank_transfer,Lagos,Alimosho,6ef7ad5156b9d3a1,2025-03-05 19:29:21,19,2,False
1bd5c921-3514-425d-96b1-5f6b59b8ed48,CUS-00583,67.48,mobile_money,Kano,Kumbotso,ee1cf351161becb3,2025-03-05 19:29:31,19,2,False
53ec52b6-29b1-44e7-bd56-02ea2a34a894,CUS-00158,572.53,bank_transfer,Lagos,Lagos Mainland,917312f18359f92b,2025-03-05 19:32:32,19,2,False
7a9c7bc1-ec0d-46a9-8107-3c61372fa870,CUS-01663,4146.86,pos,Abuja FCT,Bwari,e87a1054d8b9be6b,2025-03-05 19:37:54,19,2,False
e98a8ebe-f0e0-49b5-9d11-f04bad9480a9,CUS-01210,436.5,ussd,Rivers,Oyigbo,0e27aca8e7040c91,2025-03-05 20:02:00,20,2,True
63594db8-0283-4966-af88-5a162b827009,CUS-01313,28405.29,pos,Plateau,Plateau-Central,2f311974757a1b11,2025-03-05 20:03:30,20,2,False
015a9deb-6757-45cd-a4d2-0faec482833e,CUS-01750,455.74,ussd,Oyo,Oyo East,36acb58c329495a7,2025-03-05 20:07:06,20,2,False
06fc5144-8d0b-48a2-b03a-a46d5fc49ef7,CUS-00657,118.69,ussd,Rivers,Oyigbo,663d45a6ec85fbeb,2025-03-05 20:15:13,20,2,False
a2323627-da1c-4140-bdb8-1afbaf72af4e,CUS-01210,490.67,mobile_money,Rivers,Oyigbo,0e27aca8e7040c91,2025-03-05 20:19:00,20,2,True
0576fe14-35bb-4634-a39b-e74ab58b0bcd,CUS-01210,422.46,mobile_money,Rivers,Obio-Akpor,0e27aca8e7040c91,2025-03-05 20:19:00,20,2,True
cf6938e1-b870-4ee3-a675-29bb999b6ab7,CUS-01113,213.15,pos,Oyo,Ibadan North,380fc2921922c9ea,2025-03-05 20:27:41,20,2,False
6283bc77-b8dd-4100-9d67-9dcc2ac17bb7,CUS-00518,4455.34,mobile_money,Ogun,Ogun-Central,4110312c0dc9f57c,2025-03-05 20:29:32,20,2,False
19e7817e-c035-45a9-ae03-55cf08fbd801,CUS-00148,3170.58,bank_transfer,Lagos,Eti-Osa,60928649e7eb9481,2025-03-05 20:30:40,20,2,False
6ce0f5a6-6d01-4f63-9585-adf204dfb70e,CUS-01210,446.17,ussd,Rivers,Oyigbo,0e27aca8e7040c91,2025-03-05 20:36:00,20,2,True
c0e96344-491e-4d3d-bf27-e3ec2789f061,CUS-01210,387.53,mobile_money,Rivers,Port-Harcourt,0e27aca8e7040c91,2025-03-05 20:40:00,20,2,True
ef909286-0850-47dc-86a7-6c3712805081,CUS-01210,383.48,mobile_money,Rivers,Port-Harcourt,0e27aca8e7040c91,2025-03-05 20:42:00,20,2,True
3031913d-dd82-43e6-a2c0-96d52d4d2485,CUS-01202,398.27,pos,Lagos,Ikorodu,82a30116a4708d90,2025-03-05 20:43:11,20,2,False
0f739b51-98dc-4f61-8196-8ff054be2b4f,CUS-01964,72474.88,pos,Oyo,Ibadan South-West,e6b99e0579084c3d,2025-03-05 20:44:19,20,2,False
c9d92ec9-dd82-41f2-932f-cb02828881db,CUS-01210,317.97,ussd,Rivers,Port-Harcourt,0e27aca8e7040c91,2025-03-05 20:50:00,20,2,True
c8f7697d-5aad-4ff5-a42d-d72c9f8f5c74,CUS-01210,370.24,pos,Rivers,Obio-Akpor,0e27aca8e7040c91,2025-03-05 20:53:00,20,2,True
c0bfbc43-d38e-4824-a758-afd547e6443c,CUS-01267,338.29,bank_transfer,Abuja FCT,Municipal,c0e12dd6f7fccc2b,2025-03-05 21:00:33,21,2,False
daac5cba-6149-429f-99b3-5a53eee6681e,CUS-00753,91079.96,pos,Kano,Dala,7dcdedb7ad4521d3,2025-03-05 21:12:52,21,2,False
52d7c68c-5197-43cc-9453-2da63d3d1b69,CUS-01462,2476.92,bank_transfer,Lagos,Lagos Mainland,0d73f85c4e1721ca,2025-03-05 21:13:02,21,2,False
de1f5bef-6b47-46ba-adee-0c3bbdb6a4ec,CUS-00947,60.43,bank_transfer,Nassarawa,Nassarawa-Central,16f02fc59c758e76,2025-03-05 21:14:28,21,2,False
98a66e66-2f90-4e12-be61-b000d12dca12,CUS-01580,2549.49,bank_transfer,Lagos,Ikeja,e37c823dc8776661,2025-03-05 21:33:47,21,2,False
b890fcd8-0ff1-4f21-86ea-ccc54a56be3c,CUS-00522,4322.59,pos,Bayelsa,Bayelsa-Central,8359329b6dadc065,2025-03-05 21:43:21,21,2,False
c4f195ab-1e41-4ee9-8a19-0d97158819af,CUS-00883,411.7,pos,Lagos,Ikeja,dfb09978915770b7,2025-03-05 21:43:59,21,2,False
6cf7dad9-ed76-474a-96b8-1ab013d73c27,CUS-00302,3505.45,bank_transfer,Oyo,Ibadan North,b8478804cb2a0e1b,2025-03-05 21:44:35,21,2,False
67d68caf-ce45-420f-b4ef-09c6d7ab8e78,CUS-01825,4287.36,pos,Oyo,Ogbomoso,67bd0a3396337975,2025-03-05 21:53:29,21,2,False
618a5d3a-b9e6-47e7-b632-d33312799cbb,CUS-00275,68.01,bank_transfer,Abuja FCT,Bwari,83c12336ca22990b,2025-03-05 22:00:54,22,2,False
839e3eb0-2ed3-4a09-838f-970b87ddbd1a,CUS-00465,245.23,pos,Rivers,Eleme,ed161ad83adcde5e,2025-03-05 22:27:53,22,2,False
bef5fe51-6672-44e1-a5e2-3050f08ba5b0,CUS-00773,52698.58,ussd,Rivers,Oyigbo,bf57dfc7ac1d19b3,2025-03-05 22:36:13,22,2,False
535712e4-6fb9-44f7-8c69-2a0fb70cd431,CUS-00043,3458.87,mobile_money,Kogi,Kogi-Central,dde67db5f24e0bcc,2025-03-06 00:21:11,0,3,False
e93b776c-c7b9-40e8-b196-b31829a01445,CUS-00258,3477.39,pos,Oyo,Ogbomoso,0aef7632c74d2bb0,2025-03-06 01:08:38,1,3,False
7918953f-da03-47ba-aa05-f0ae67c29468,CUS-00431,130226.5,mobile_money,Kwara,Kwara-Central,7404af40d9127562,2025-03-06 01:09:44,1,3,False
18e3da67-9f16-4762-9eb0-ec122d5ff516,CUS-00737,233.72,bank_transfer,Plateau,Plateau-Central,b3fcfe129e0f1e6a,2025-03-06 01:14:00,1,3,False
bf8f6bff-5502-48f8-8fd5-fdcacf24d81b,CUS-01976,207.77,pos,Kano,Fagge,51bdf1774320a714,2025-03-06 03:33:56,3,3,False
f330be2c-21de-4ff1-9872-49141e32b3ec,CUS-00024,769698.65,bank_transfer,Abuja FCT,Gwagwalada,d95a9bb935b93c8c,2025-03-06 04:04:00,4,3,True
908f80ed-7c19-47f4-a5d5-585fb65ad102,CUS-00866,389791.15,bank_transfer,Lagos,Alimosho,e2829db4416371b8,2025-03-06 04:50:35,4,3,False
be0fc3b7-cf47-49bb-b33a-7c29f84908ce,CUS-01891,52.84,pos,Rivers,Obio-Akpor,3a1ec13f14ce0f06,2025-03-06 05:35:57,5,3,False
12710ab2-c624-4996-9e5c-b2eb471349bb,CUS-00766,36313.77,bank_transfer,Kwara,Kwara-Central,6ff0ddcda0bc1969,2025-03-06 06:16:00,6,3,True
23699ee0-127c-46cd-8f1d-9af44bf4cff2,CUS-01985,546.49,bank_transfer,Lagos,Lagos Mainland,e60e86688a83e9d7,2025-03-06 07:00:00,7,3,True
505a7b11-ac89-4d96-950e-d0b9a0a49475,CUS-01879,432.3,pos,Oyo,Ibadan South-West,7d22f434161f7148,2025-03-06 07:28:03,7,3,False
3ef17e17-21eb-46e3-ad64-b85a6c792275,CUS-00424,2002.93,pos,Lagos,Eti-Osa,91994fb841d39732,2025-03-06 07:47:41,7,3,False
4c3c5e24-3b6f-42d9-aa70-f237a12977ad,CUS-01985,403.6,pos,Lagos,Alimosho,e60e86688a83e9d7,2025-03-06 07:51:00,7,3,True
3956a2db-c057-4147-8c7c-9e496ff611e7,CUS-01069,3067.57,mobile_money,Kano,Fagge,b069407252ab93ec,2025-03-06 09:07:02,9,3,False
bc7ee5ad-2259-4b3c-bf16-b696a43617f9,CUS-01786,3194.3,bank_transfer,Enugu,Enugu East,7124e494c7f17efa,2025-03-06 09:07:16,9,3,False
f5f30864-e782-4fe6-8bc6-1016c380c2cb,CUS-00693,30226.7,bank_transfer,Lagos,Ikorodu,e9162dca20df60af,2025-03-06 09:07:56,9,3,False
b5433f62-378f-4bed-995d-62a0efdb0e84,CUS-01641,184.99,ussd,Borno,Borno-Central,ee4fa5ff1103071b,2025-03-06 09:17:44,9,3,False
373191f9-793a-40a0-840a-a820ec7dcf83,CUS-01638,92137.64,pos,Ogun,Ogun-Central,3d7239c088de3872,2025-03-06 09:35:25,9,3,False
e53d5e88-847f-4861-ad11-271ba3b2b5e2,CUS-00449,705.39,pos,Lagos,Kosofe,cb29b45a0a9e6da2,2025-03-06 09:41:01,9,3,False
d4acb362-fb43-42a6-ac5e-d571d4d7c842,CUS-01841,356.66,pos,Rivers,Port-Harcourt,a9155ef7b8a0e463,2025-03-06 09:42:23,9,3,False
4a8774cb-72c5-4a85-a6a9-c4affa188bee,CUS-01080,3058.98,mobile_money,Imo,Imo-Central,13eccc5116a2329f,2025-03-06 09:43:04,9,3,False
788c61d4-7614-45d0-bde7-61b579119cee,CUS-01985,3270.02,ussd,Lagos,Ikeja,e60e86688a83e9d7,2025-03-06 09:51:00,9,3,True
5061f604-9253-4fa9-bfe5-cfd78d37a3eb,CUS-01168,267634.7,pos,Lagos,Oshodi-Isolo,b9e8174213c89292,2025-03-06 10:00:00,10,3,True
35419ba6-7060-4db5-b8da-04ad23bda5c6,CUS-01596,887.52,pos,Kano,Fagge,c8c331c571be68fb,2025-03-06 10:09:27,10,3,False
c2c1749c-fffd-4d49-b898-1f607d95c740,CUS-01871,717169.36,pos,Lagos,Kosofe,ea23fad9d6052bfe,2025-03-06 10:16:48,10,3,False
f10d4def-89cf-4321-9bcd-3e3b8f591efc,CUS-01486,1051.29,pos,Rivers,Obio-Akpor,68f0f77451d5d2f5,2025-03-06 10:19:27,10,3,False
79ea94df-bea9-4479-ab06-21feadbd32b1,CUS-01168,79773.19,bank_transfer,Lagos,Agege,b9e8174213c89292,2025-03-06 10:22:00,10,3,True
a19a943a-0a74-407e-88e8-6fba53a13b1f,CUS-01350,3457.22,pos,Zamfara,Zamfara-Central,7a1763d6a096d54e,2025-03-06 10:31:48,10,3,False
d5771a6b-5037-40da-afca-34e121ef0d95,CUS-00766,3585.54,ussd,Kwara,Kwara-Central,6ff0ddcda0bc1969,2025-03-06 10:40:00,10,3,True
6b2f6ed3-6374-4091-a204-80512af9f1df,CUS-00835,1624.25,ussd,Rivers,Port-Harcourt,95de52b480063a6d,2025-03-06 10:44:39,10,3,False
da5779c1-2cd9-4fd4-a5d6-dae7c1b50ac8,CUS-00954,462.47,ussd,Rivers,Oyigbo,209b114ecb6f0b0f,2025-03-06 10:47:02,10,3,False
a67e198b-0205-4feb-864f-d166189eec33,CUS-01425,2445.93,bank_transfer,Akwa Ibom,Akwa Ibom-Central,94921b8cae938886,2025-03-06 10:51:55,10,3,False
ba591dd6-039c-4bb7-85a3-0a3709098302,CUS-00766,988768.95,bank_transfer,Kwara,Kwara-Central,6ff0ddcda0bc1969,2025-03-06 10:52:00,10,3,True
be55eb46-c597-40ab-b5ad-fc6fa407fcce,CUS-01369,411.47,pos,Lagos,Eti-Osa,487afd3a4af3077a,2025-03-06 10:57:53,10,3,False
2185e718-9f31-4b72-88c1-d49d497c3523,CUS-00012,57315.6,pos,Bauchi,Bauchi-Central,e79bb123ff92969b,2025-03-06 11:08:12,11,3,False
372833a0-3c3a-4020-9e7f-19ee9efdfe28,CUS-00963,8831.88,card,Rivers,Eleme,073e1605c265b914,2025-03-06 11:24:58,11,3,False
138d80db-e179-423c-9e71-bc84b3598706,CUS-00766,88275.02,bank_transfer,Kwara,Kwara-Central,6ff0ddcda0bc1969,2025-03-06 11:29:00,11,3,True
4664bc05-cc50-471b-840d-a397e17701b5,CUS-00766,3557.82,bank_transfer,Kwara,Kwara-Central,6ff0ddcda0bc1969,2025-03-06 11:34:00,11,3,True
5e0f3110-32d3-4836-aac3-e8bb79b59b30,CUS-00185,1527.72,ussd,Delta,Oshimili South,d898e5104d1303b0,2025-03-06 11:48:08,11,3,False
cea67d19-1e23-41e7-a0fb-9cc3a67e7b47,CUS-01091,415.88,card,Delta,Warri South,6b596a85b2b7d24f,2025-03-06 11:49:51,11,3,False
21f6f074-2c8b-4cb0-bbf5-242cceeb761f,CUS-00745,103.07,mobile_money,Nassarawa,Nassarawa-Central,29e2cbcd28a19312,2025-03-06 11:51:30,11,3,False
31cb0b0e-d181-4c62-b629-6b87bb4ac07f,CUS-00894,308.97,pos,Anambra,Awka South,4d7414a6f0f8e763,2025-03-06 11:54:47,11,3,False
633703a2-da25-484c-8624-71c7ba7b0ccf,CUS-01703,19805.9,mobile_money,Abuja FCT,Kuje,49984962f39ec994,2025-03-06 11:56:42,11,3,False
f9eb336a-87fd-46fe-a827-d930ee079f7a,CUS-01168,432.92,bank_transfer,Lagos,Lagos Mainland,b9e8174213c89292,2025-03-06 12:12:00,12,3,True
a0345326-d737-434b-96ac-705e7939b35c,CUS-00730,42026.0,mobile_money,Lagos,Alimosho,ac2406ba7dd5cfe4,2025-03-06 12:34:56,12,3,False
13632a39-9fb7-4c89-b550-87b0a13ed9a9,CUS-00766,217.54,mobile_money,Kwara,Kwara-Central,6ff0ddcda0bc1969,2025-03-06 12:43:00,12,3,True
bc08c558-1aee-4e0b-8d5e-293c687af80e,CUS-01534,4613.94,pos,Rivers,Obio-Akpor,e79d47ca860c90f8,2025-03-06 12:48:10,12,3,False
d87271eb-bbcb-40c8-ad95-064545aaceb0,CUS-00766,71084.56,pos,Kwara,Kwara-Central,6ff0ddcda0bc1969,2025-03-06 13:00:00,13,3,True
fa0cd03b-bb77-43f2-bec4-6f71c5feaf89,CUS-01968,79767.13,bank_transfer,Kano,Tarauni,5bf0380f23ab981e,2025-03-06 13:00:02,13,3,False
ebf77359-d2b6-4f6b-b919-ad617b699dbb,CUS-00249,344.97,pos,Sokoto,Sokoto-Central,582309303bc8cadb,2025-03-06 13:01:45,13,3,False
04d7c49a-a6ad-467b-9d47-7027682e7f98,CUS-01384,78320.92,mobile_money,Delta,Warri South,ddcf9b7246537bb1,2025-03-06 13:01:48,13,3,False
8b98e957-71e8-470e-b81d-5fd1cf8867f7,CUS-01476,99.81,ussd,Benue,Benue-Central,034bbe47deb0873c,2025-03-06 13:04:00,13,3,True
84f6f69c-5172-4107-8749-a767bec94b98,CUS-01978,1970.39,mobile_money,Kebbi,Kebbi-Central,c9c94165fe4b9e65,2025-03-06 13:12:53,13,3,False
df883b5f-8019-4151-8add-77515efbd314,CUS-01476,175.43,ussd,Benue,Benue-Central,034bbe47deb0873c,2025-03-06 13:16:00,13,3,True
626e0dee-13d6-42f9-ac13-ad862f43a518,CUS-01259,264.3,ussd,Oyo,Oyo East,43decebaedfb8c27,2025-03-06 13:16:41,13,3,False
c65f6bd0-ae51-4e8a-b2e0-92a3910ad098,CUS-01839,60065.75,mobile_money,Lagos,Surulere,9ec5d5657a2201e2,2025-03-06 13:18:53,13,3,False
e2f59aff-6db1-4251-b1a5-b8aadf6c61c0,CUS-01095,3120.26,mobile_money,Lagos,Mushin,9ac4df5dd4c901ee,2025-03-06 13:28:45,13,3,False
ba369127-0370-4302-9dbc-dfb5a1b60836,CUS-01877,196.7,ussd,Abuja FCT,Bwari,fcd99e89f421daa0,2025-03-06 13:31:52,13,3,False
15879abf-c20f-4e4b-aced-6aff84a18a8b,CUS-01476,118.73,mobile_money,Benue,Benue-Central,034bbe47deb0873c,2025-03-06 13:33:00,13,3,True
c4f12e5a-bc1f-4ba0-b321-b5b7e92cf8ce,CUS-01476,382.91,mobile_money,Benue,Benue-Central,034bbe47deb0873c,2025-03-06 13:46:00,13,3,True
2b914457-5a51-4322-be05-03ab63401cad,CUS-01476,261.11,mobile_money,Benue,Benue-Central,034bbe47deb0873c,2025-03-06 13:47:00,13,3,True
cb43f71b-b630-421c-882c-ee000e9708f5,CUS-01476,112.56,mobile_money,Benue,Benue-Central,034bbe47deb0873c,2025-03-06 13:49:00,13,3,True
ddad6286-28c1-4430-9903-3b1ae6d16ef2,CUS-01866,3491.23,bank_transfer,Lagos,Ikorodu,f5c9c28a915088f1,2025-03-06 13:51:35,13,3,False
c8f146b0-031b-40b6-b646-61748ff384c2,CUS-01100,351.55,pos,Lagos,Mushin,df1461afa6ea20c9,2025-03-06 14:03:52,14,3,False
0a30e212-f2a5-47b1-a891-337c1f3c39fd,CUS-00171,152414.0,pos,Lagos,Surulere,0c65465d650a4d4e,2025-03-06 14:05:10,14,3,False
8a0eda53-7db0-4431-82b5-3ae79ae54a9c,CUS-01737,28684.39,mobile_money,Lagos,Oshodi-Isolo,d65c63cbb8989857,2025-03-06 14:10:57,14,3,False
318548e0-3b8f-4aeb-9716-24a0cfde2758,CUS-01531,652532.45,pos,Kaduna,Kaduna North,83700d33745d5518,2025-03-06 14:14:12,14,3,False
7859d434-56c3-4f4d-b83e-55597a76df90,CUS-00187,29232.22,bank_transfer,Oyo,Ogbomoso,a7abe2028646f8e2,2025-03-06 14:14:32,14,3,False
fae1e5d7-619b-4f29-85e3-ae534f4794b2,CUS-00200,4213.25,card,Delta,Oshimili South,e5089c203eaf3bcc,2025-03-06 14:19:45,14,3,False
80799282-cc27-497c-9df7-40ab849b9ed8,CUS-01722,19808.67,ussd,Kano,Dala,09e337320c6f169d,2025-03-06 14:21:41,14,3,False
44c07766-db73-48bb-8576-f08ea177aeb6,CUS-01033,1809.8,pos,Lagos,Lagos Mainland,3fe6d62b7438da14,2025-03-06 14:22:25,14,3,False
b94a8d35-5684-47ca-b8db-0db9c91a8dba,CUS-00611,12420.46,pos,Imo,Imo-Central,4fd5ba40c68d9677,2025-03-06 14:23:08,14,3,False
123646ea-89b5-496d-9f5e-0244effb97b1,CUS-01966,3855.97,pos,Lagos,Mushin,72786112a0d6498a,2025-03-06 14:25:54,14,3,False
f7bd02a7-c972-465c-a7a3-567d424095c1,CUS-01862,303.1,pos,Lagos,Surulere,dcdbcd2a4baf9fe1,2025-03-06 14:31:28,14,3,False
0011b20f-2062-4d85-b66f-b71ee500f576,CUS-00363,35520.69,bank_transfer,Oyo,Ibadan North,89065733662aeed2,2025-03-06 14:31:39,14,3,False
877cf4e7-5c05-4bf9-b176-1a7a51371df2,CUS-00786,67798.52,card,Oyo,Ibadan North,5a94533355fbe278,2025-03-06 14:38:54,14,3,False
a185229a-6ef9-49ea-a84c-94a6df78d06f,CUS-01596,68808.28,pos,Kano,Kumbotso,c8c331c571be68fb,2025-03-06 14:38:59,14,3,False
f86a745e-2797-4e01-ab45-024c22cb57f8,CUS-00954,267.02,pos,Rivers,Oyigbo,209b114ecb6f0b0f,2025-03-06 14:40:29,14,3,False
0b952647-3016-4206-bb62-e89d6b7dca6a,CUS-01613,3952.33,mobile_money,Kano,Fagge,e027cc96033391f7,2025-03-06 14:51:19,14,3,False
8f5cd8bc-d8c0-426d-b298-ed47849251d5,CUS-01168,551247.02,bank_transfer,Lagos,Ikeja,b9e8174213c89292,2025-03-06 14:54:00,14,3,True
0cb5463e-fd5a-4b67-bb3d-8f1fe2aca34b,CUS-01701,3547.71,mobile_money,Rivers,Obio-Akpor,0339e824793d49a0,2025-03-06 14:54:58,14,3,False
5e9777d8-7ba8-45dc-8f4a-1d9da212fc35,CUS-01961,257.5,pos,Rivers,Port-Harcourt,b7dff121696aa1a9,2025-03-06 14:59:53,14,3,False
fed9891f-aee0-45d2-a5a0-6eb1e69bcb3e,CUS-01159,4083.44,pos,Lagos,Ikeja,334b79b74f55e4ae,2025-03-06 15:04:33,15,3,False
bfb19806-eb66-485b-9bab-2bd9d446e985,CUS-00713,188.13,pos,Rivers,Oyigbo,93be4c8e97ea3203,2025-03-06 15:08:31,15,3,False
926ceae6-954a-4868-b3a5-6d085adbef7b,CUS-01936,54201.73,bank_transfer,Kano,Nassarawa,75054c6e04621ec8,2025-03-06 15:08:48,15,3,False
513201b1-c286-4d7b-9f86-f5fd23f4f241,CUS-00766,134.43,pos,Kwara,Kwara-Central,6ff0ddcda0bc1969,2025-03-06 15:20:00,15,3,True
ce094a8d-7b64-48e0-9023-3fc40633b14c,CUS-00135,39510.22,ussd,Kano,Gwale,a4f9096364b81dc6,2025-03-06 15:20:11,15,3,False
5ee56833-fc98-44fb-88d9-128eb6d1195a,CUS-00766,314.82,mobile_money,Kwara,Kwara-Central,6ff0ddcda0bc1969,2025-03-06 15:38:00,15,3,True
c1af524a-5f41-42dd-9f6b-2d48bb5e848b,CUS-01925,206.17,pos,Lagos,Lagos Mainland,8723c44e85b37773,2025-03-06 15:43:41,15,3,False
d29d8cde-7295-453e-a03c-b907b160ea2d,CUS-00687,289.55,bank_transfer,Kano,Kumbotso,861f932bcda67d65,2025-03-06 15:51:20,15,3,False
e6f474cf-45ff-4029-acdb-bbae2941d44f,CUS-01250,4049.92,bank_transfer,Imo,Imo-Central,0731972790fd691c,2025-03-06 15:53:46,15,3,False
854d4b4d-99c2-468a-919e-e499222935e6,CUS-01202,92709.8,mobile_money,Lagos,Mushin,82a30116a4708d90,2025-03-06 16:13:39,16,3,False
ce2a3c74-12fa-4525-83f2-ccf402b19f2c,CUS-00349,1634.54,bank_transfer,Enugu,Enugu North,8231363a63a5fd39,2025-03-06 16:14:49,16,3,False
c87d493c-e1f7-455b-8076-a815dad72b7f,CUS-01202,13505.89,pos,Lagos,Ikeja,82a30116a4708d90,2025-03-06 16:15:44,16,3,False
5e7ac55c-2468-4284-929b-2b2f627a193d,CUS-00766,17071.77,pos,Kwara,Kwara-Central,6ff0ddcda0bc1969,2025-03-06 16:30:00,16,3,True
832c3474-44e3-402e-bc69-7c4fb1a503af,CUS-00997,4869.66,pos,Lagos,Alimosho,b5b7e318eb77488f,2025-03-06 16:30:59,16,3,False
4ef411fa-b36d-4f48-a048-91c46885f75b,CUS-00689,3579.14,bank_transfer,Lagos,Mushin,4784d171657cbb42,2025-03-06 16:41:27,16,3,False
a3c39bff-8f2a-48c4-99e9-ebf097e7c18c,CUS-00433,2574.65,pos,Lagos,Mushin,dc214b9c85be517a,2025-03-06 16:43:18,16,3,False
86ddfb02-0117-436f-8a36-354c00e2c80c,CUS-01168,454.87,pos,Lagos,Mushin,b9e8174213c89292,2025-03-06 16:45:00,16,3,True
67cdf1ff-b95b-4dd3-b464-d50e3aa18bd7,CUS-01754,826.96,pos,Ebonyi,Ebonyi-Central,75e5b9e76ea57df9,2025-03-06 16:47:53,16,3,False
3f0ca7b3-1b2c-447d-8377-713c6949e665,CUS-00313,975.99,mobile_money,Akwa Ibom,Akwa Ibom-Central,e069a0aa9637db93,2025-03-06 16:49:15,16,3,False
c3cf0c79-4152-48be-a425-0865d43c22b4,CUS-01314,271.62,pos,Abuja FCT,Gwagwalada,c3e6a458eded1ae6,2025-03-06 16:50:39,16,3,False
7b7fa285-e28e-41a7-8535-4353cb9d70b1,CUS-01136,21824.87,mobile_money,Borno,Borno-Central,fb2927a454f16984,2025-03-06 16:53:56,16,3,False
53ed5cd5-c964-4734-be44-08abc251f300,CUS-00766,1626.97,bank_transfer,Kwara,Kwara-Central,6ff0ddcda0bc1969,2025-03-06 17:01:00,17,3,True
bdedb32c-5625-4a37-a556-e18ef444bd12,CUS-01487,207.19,ussd,Edo,Egor,8b29f537a5dc9bb1,2025-03-06 17:05:00,17,3,True
0b49ea47-fbcd-4c20-bf0b-5411bffb2475,CUS-00599,241.32,pos,Lagos,Ikorodu,c886c35c1c884c22,2025-03-06 17:05:22,17,3,False
cfa363f3-ecfe-4050-99f6-a553b0b7b79c,CUS-00311,303.15,ussd,Lagos,Lagos Mainland,7642663954311669,2025-03-06 17:07:57,17,3,False
173445e7-9612-481c-8f7f-1d695438cff1,CUS-01487,406.12,ussd,Edo,Egor,8b29f537a5dc9bb1,2025-03-06 17:11:00,17,3,True
4733b88a-3dc4-4d63-b49c-21d21cb187f6,CUS-01487,215.44,ussd,Edo,Oredo,8b29f537a5dc9bb1,2025-03-06 17:14:00,17,3,True
4fb5d465-961e-413b-81d5-99e868a7a1b1,CUS-01168,774.97,bank_transfer,Lagos,Mushin,b9e8174213c89292,2025-03-06 17:16:00,17,3,True
ade6c2f7-e1dc-4460-80f8-1cc6f4961262,CUS-01618,93952.81,mobile_money,Oyo,Ogbomoso,a5d3e4c3c00502e8,2025-03-06 17:18:32,17,3,False
809cffee-97b8-430e-9506-7aa992a671fc,CUS-01779,15382.26,ussd,Bauchi,Bauchi-Central,976df3ec4bd11a74,2025-03-06 17:20:36,17,3,False
7a59cf61-3db4-416d-a785-31b2a476e469,CUS-00791,344.71,card,Kaduna,Kaduna North,6e4ba221fb73358b,2025-03-06 17:21:11,17,3,False
dae85248-c2a8-4594-a9d6-6e50cd7fe49e,CUS-01773,326241.01,mobile_money,Cross River,Cross River-Central,c0784cb07cd5f0e0,2025-03-06 17:26:45,17,3,False
552f6185-96ef-406a-83a7-1b78513f6a53,CUS-00298,21572.49,pos,Enugu,Nsukka,2a174906e6fcc26b,2025-03-06 17:27:52,17,3,False
fc729f77-1521-4267-b340-efaedc3fdb0d,CUS-00312,82328.16,bank_transfer,Lagos,Mushin,3494ed058a6d99ad,2025-03-06 17:28:00,17,3,False
f9687ac7-d7a9-49cd-9b38-3ae38d187d78,CUS-01487,419.15,pos,Edo,Oredo,8b29f537a5dc9bb1,2025-03-06 17:35:00,17,3,True
a94562c0-5b98-4d04-8ebc-800027a18029,CUS-00768,125.26,bank_transfer,Kano,Kumbotso,68be7d7ed2728f8b,2025-03-06 17:37:04,17,3,False
bf8c0bf5-dbf7-4365-8a45-69aec4c7f50a,CUS-01487,104.39,pos,Edo,Egor,8b29f537a5dc9bb1,2025-03-06 17:39:00,17,3,True
3fb7239d-9329-4249-b4fc-67c930d5e453,CUS-01128,3334.3,card,Rivers,Obio-Akpor,4768fdad9f4a852b,2025-03-06 17:40:31,17,3,False
7f0d0c18-34cd-4031-b050-85f6064cdfbb,CUS-01985,47427.38,pos,Lagos,Eti-Osa,e60e86688a83e9d7,2025-03-06 17:41:00,17,3,True
0d4a425f-75a9-4a7c-9ef9-4ce6deb5017e,CUS-01487,200.51,pos,Edo,Egor,8b29f537a5dc9bb1,2025-03-06 17:42:00,17,3,True
53e48539-2b29-4120-bd2c-12a01eaf676d,CUS-01487,106.96,mobile_money,Edo,Oredo,8b29f537a5dc9bb1,2025-03-06 17:48:00,17,3,True
65bf9d3b-cd83-48b6-a223-2e320e1135aa,CUS-01487,471.13,ussd,Edo,Egor,8b29f537a5dc9bb1,2025-03-06 17:50:00,17,3,True
cf927562-ae6b-4ba1-a67f-c6665848dc52,CUS-01659,13475.8,ussd,Abuja FCT,Municipal,730cfa22f07b1396,2025-03-06 17:52:51,17,3,False
a2de30ba-2394-4f75-a85f-08d091a4b5dd,CUS-01200,3716.71,bank_transfer,Kwara,Kwara-Central,fd60ae30ae1d36ae,2025-03-06 18:06:54,18,3,False
4579e62a-d59b-415c-bbff-023749eb1106,CUS-01542,3493.68,pos,Oyo,Oyo East,61dbec9de8a78651,2025-03-06 18:09:36,18,3,False
57174a6e-332e-4012-be8a-6c5f738e3474,CUS-01985,34593.31,card,Lagos,Alimosho,e60e86688a83e9d7,2025-03-06 18:10:00,18,3,True
ae00094f-bcc4-4218-8fed-5327676676c4,CUS-01985,243.59,bank_transfer,Lagos,Agege,e60e86688a83e9d7,2025-03-06 18:11:00,18,3,True
52352787-1dae-4ea4-aa7a-904a537f5fa6,CUS-01485,28674.02,bank_transfer,Rivers,Port-Harcourt,25b0414821785e33,2025-03-06 18:23:35,18,3,False
9793b2e8-84ef-48f6-9313-4b5f0f46ee12,CUS-01249,333.08,bank_transfer,Enugu,Enugu North,0c1ae52223dc0d81,2025-03-06 18:29:42,18,3,False
f72dcc85-722a-4175-828b-82e0a43f6441,CUS-00076,317859.99,pos,Abia,Abia-Central,4811e029a88bf94c,2025-03-06 18:42:25,18,3,False
41f41d8e-1d41-402e-8324-e0554fc3751f,CUS-01254,43635.1,bank_transfer,Anambra,Onitsha North,e253a6ae5eaa7b46,2025-03-06 18:52:49,18,3,False
263c431e-a6d1-478c-ae16-9b2b47272de7,CUS-01144,28659.44,pos,Kano,Kumbotso,79f2ca9dea7f4c82,2025-03-06 18:56:13,18,3,False
81a87a20-c1a9-4725-8fbc-654e41621a2c,CUS-01457,399.23,pos,Anambra,Awka South,cd5bda4f0269770a,2025-03-06 18:56:50,18,3,False
2bc0afc7-0c5f-4046-9db0-0b50c6acfb9f,CUS-01168,130.04,pos,Lagos,Surulere,b9e8174213c89292,2025-03-06 19:02:00,19,3,True
f85fe5b0-7e67-4662-a3a9-22918919749f,CUS-00138,24282.12,pos,Rivers,Oyigbo,f79e2765a2b6dbad,2025-03-06 19:09:29,19,3,False
d80cfb1c-dc21-4170-b39a-54361cb50726,CUS-00982,478.87,ussd,Lagos,Eti-Osa,5833cf70f1e3f607,2025-03-06 19:14:51,19,3,False
aaa25870-7ba7-4d30-bb79-c55c597ab5ab,CUS-01985,3477.39,pos,Lagos,Kosofe,e60e86688a83e9d7,2025-03-06 19:28:00,19,3,True
d8bb01cc-060e-4179-aa98-f019a2c8dc2e,CUS-01977,2888.34,bank_transfer,Rivers,Port-Harcourt,02673b590c313531,2025-03-06 19:30:10,19,3,False
3fa410c8-3ec3-4925-8431-89080fb062a0,CUS-00766,247.85,ussd,Kwara,Kwara-Central,6ff0ddcda0bc1969,2025-03-06 19:31:00,19,3,True
646b9ca4-a8b2-4fa6-88d1-f8b7b6f62c9e,CUS-00119,3374.11,ussd,Oyo,Oyo East,efdccd91aaddc5d4,2025-03-06 19:32:52,19,3,False
f1264112-c996-4e79-a7a5-fad5d6f87acf,CUS-01406,970589.47,ussd,Borno,Borno-Central,b14f58c7a95ce377,2025-03-06 19:40:30,19,3,False
ebd2069d-ef0b-44a9-8a26-bba1117b7f1c,CUS-01391,3637.96,pos,Lagos,Kosofe,70e5fcb5aea0673c,2025-03-06 19:44:45,19,3,False
4514826a-1c39-4da6-8739-6c7efbd77c42,CUS-00318,857507.69,bank_transfer,Lagos,Kosofe,bf5945441b1f31c0,2025-03-06 19:44:54,19,3,False
a3686d07-90ff-4d10-b9c3-dfd72feb9785,CUS-00519,973.87,bank_transfer,Lagos,Agege,1eccc1b62b9d671c,2025-03-06 19:47:48,19,3,False
d5503d0a-6cde-4a6d-b029-555c477606a4,CUS-00580,1562.91,pos,Abuja FCT,Gwagwalada,b41dc106d755dab0,2025-03-06 19:55:11,19,3,False
31ae8894-176d-4be3-9851-d2c0b3d79b9a,CUS-00766,272.75,pos,Kwara,Kwara-Central,6ff0ddcda0bc1969,2025-03-06 20:04:00,20,3,True
bedd0633-420e-477e-9875-129d1aa702a8,CUS-00766,19313.53,mobile_money,Kwara,Kwara-Central,6ff0ddcda0bc1969,2025-03-06 20:11:00,20,3,True
375c5464-5360-48bb-970a-82108dab051d,CUS-01168,321.93,bank_transfer,Lagos,Oshodi-Isolo,b9e8174213c89292,2025-03-06 20:25:00,20,3,True
589e8764-01d5-4a65-960b-f1d577d16e66,CUS-00398,584259.39,bank_transfer,Osun,Osun-Central,295ef15b1b3ae530,2025-03-06 20:31:33,20,3,False
5f665762-8d94-49f8-bd54-660debad4179,CUS-00177,1107.26,pos,Rivers,Oyigbo,a4dcc499bf9a97dd,2025-03-06 20:35:35,20,3,False
60af7a65-2633-4c68-9898-4a16981b6a18,CUS-00999,3153.13,pos,Abuja FCT,Gwagwalada,8dbc71eab1346379,2025-03-06 20:42:00,20,3,False
0600edc0-d587-4845-8e6f-01c02a845c27,CUS-01168,758.96,ussd,Lagos,Lagos Mainland,b9e8174213c89292,2025-03-06 20:44:00,20,3,True
b5adbc22-d042-42cf-a50a-4d4b198875e0,CUS-01399,596053.11,bank_transfer,Edo,Egor,916b72d708a6954a,2025-03-06 20:53:46,20,3,False
9cbbfc7d-3846-41be-bf0e-009f08bbe7d0,CUS-00330,306.28,pos,Kano,Tarauni,701bdd6ba5598fdf,2025-03-06 21:15:45,21,3,False
aee6d529-4383-46a0-a253-403af484d92a,CUS-00054,172.91,mobile_money,Kaduna,Kaduna North,77c84a745dfc622a,2025-03-06 21:16:33,21,3,False
824d2bd8-caf3-41fc-abfb-a810b366ff80,CUS-01226,61137.11,pos,Rivers,Oyigbo,def91623b5e943da,2025-03-06 21:37:02,21,3,False
41b7a115-01b2-4f91-ad37-32e71e5561ce,CUS-01985,1052.57,mobile_money,Lagos,Eti-Osa,e60e86688a83e9d7,2025-03-06 21:38:00,21,3,True
297505ba-cff7-4adc-abc4-4c7179ca2f54,CUS-01194,35281.87,pos,Lagos,Ikeja,92f97f031c21451e,2025-03-06 21:41:23,21,3,False
5ab7af20-3ea7-43f9-b3c5-5fb5b0f94eab,CUS-01985,53675.13,card,Lagos,Surulere,e60e86688a83e9d7,2025-03-06 21:47:00,21,3,True
bc44a036-dd83-41e9-b3e0-68aa469dd54d,CUS-01778,91453.46,mobile_money,Lagos,Ikeja,88867b61ceb71236,2025-03-06 21:56:53,21,3,False
012e2586-a68e-4eaa-8b76-6dac7b8a2af7,CUS-00182,145.96,pos,Adamawa,Adamawa-Central,1ec1fbe050eb7edd,2025-03-06 21:57:45,21,3,False
8e173327-f76c-444c-8b76-9c2052b736bc,CUS-01985,1879.91,pos,Lagos,Ikeja,e60e86688a83e9d7,2025-03-06 22:31:00,22,3,True
96c0595a-f16d-453e-880b-dc1f71ce6125,CUS-01168,188.41,pos,Lagos,Alimosho,b9e8174213c89292,2025-03-06 22:46:00,22,3,True
2dee5565-6306-4665-9718-8c102c88f65a,CUS-00766,377.32,ussd,Kwara,Kwara-Central,6ff0ddcda0bc1969,2025-03-06 22:48:00,22,3,True
2c261602-9edd-46d6-894c-6d70f90f317f,CUS-01168,2473.52,bank_transfer,Lagos,Oshodi-Isolo,b9e8174213c89292,2025-03-06 22:49:00,22,3,True
fcbd45f3-f23d-47ea-89c2-8f070e7f4088,CUS-01168,650.54,mobile_money,Lagos,Ikorodu,b9e8174213c89292,2025-03-06 22:55:00,22,3,True
e107023e-0c09-4108-aa12-aa5f288f4379,CUS-00170,99754.94,mobile_money,Anambra,Awka South,b30937a8ff222503,2025-03-07 01:12:35,1,4,False
cbd5c943-a8c2-489c-ad9f-7db3f60a175d,CUS-01287,3852.43,pos,Kano,Gwale,3214e76e2a1b7885,2025-03-07 02:54:00,2,4,False
3dacbfbd-c01b-404b-9685-51d6c733acc8,CUS-01766,909329.41,bank_transfer,Osun,Osun-Central,95b4edf9a9a1eb6f,2025-03-07 02:57:37,2,4,False
53118202-d9a5-4df6-95a2-d22a3bce0cbe,CUS-00321,333.22,mobile_money,Ondo,Ondo-Central,8712e0b7021fe925,2025-03-07 03:00:00,3,4,True
f1d60e8f-6c26-4929-84f3-7d32a51f9bd8,CUS-00321,76.99,ussd,Ondo,Ondo-Central,8712e0b7021fe925,2025-03-07 03:02:00,3,4,True
e77b04d9-842f-4565-aa02-c7262e25105b,CUS-00214,842622.91,mobile_money,Edo,Oredo,255d60d4db4b17af,2025-03-07 03:13:06,3,4,False
df56ed18-80ca-4fd5-891f-857f5267dd39,CUS-00155,483.51,pos,Lagos,Ikorodu,aa41351d7606065f,2025-03-07 03:19:00,3,4,True
245266c6-3433-481e-8d51-1834820a36a7,CUS-00155,337.78,ussd,Lagos,Oshodi-Isolo,aa41351d7606065f,2025-03-07 03:21:00,3,4,True
a3d06b6a-6101-48f9-a7c5-d18cff15fe70,CUS-00321,362.33,pos,Ondo,Ondo-Central,8712e0b7021fe925,2025-03-07 03:22:00,3,4,True
20e0b641-71f3-4fc9-b694-1bab7a3e6fc8,CUS-00155,277.24,mobile_money,Lagos,Oshodi-Isolo,aa41351d7606065f,2025-03-07 03:29:00,3,4,True
293d9a13-c7ce-4ec2-a74b-dd5288f1fe60,CUS-00155,323.03,mobile_money,Lagos,Mushin,aa41351d7606065f,2025-03-07 03:34:00,3,4,True
1647f3fa-549c-4763-aff1-7ee8b5061036,CUS-00155,120.25,mobile_money,Lagos,Lagos Mainland,aa41351d7606065f,2025-03-07 03:41:00,3,4,True
b40bf4f8-0c7e-421b-b757-3f768b08d4b1,CUS-00321,348.83,pos,Ondo,Ondo-Central,8712e0b7021fe925,2025-03-07 03:42:00,3,4,True
22cccc28-e291-4073-9fe9-42923729c9ce,CUS-00321,207.95,pos,Ondo,Ondo-Central,8712e0b7021fe925,2025-03-07 03:44:00,3,4,True
3b0c071f-648b-46bb-a17b-08d3ef401f0b,CUS-00321,65.07,pos,Ondo,Ondo-Central,8712e0b7021fe925,2025-03-07 03:51:00,3,4,True
285bb8a4-78c0-49c2-80d4-282a9299affd,CUS-00004,350461.94,bank_transfer,Lagos,Kosofe,37995ca70dfdc7f4,2025-03-07 04:39:00,4,4,True
9822b43b-d2fb-4e1f-885a-06179e0f4b7a,CUS-00911,4560.86,pos,Kano,Tarauni,db8f9fd7a5d88e61,2025-03-07 04:39:55,4,4,False
2684f5d5-aafc-4c53-b913-61eae45a9750,CUS-00469,90252.23,bank_transfer,Akwa Ibom,Akwa Ibom-Central,b5251479bf661af6,2025-03-07 06:52:45,6,4,False
f87e9120-e8ae-4a01-b85e-a7358d874798,CUS-00186,1482.21,ussd,Plateau,Plateau-Central,bbae4f6f0188787d,2025-03-07 08:29:19,8,4,False
2dde939c-d607-4afa-a82f-eae028d13fcd,CUS-01723,268.3,pos,Lagos,Surulere,b8469a7d5c27212d,2025-03-07 09:04:09,9,4,False
1fa704c7-9a3a-4e75-8cbb-05a3d2817566,CUS-00681,58896.8,ussd,Kano,Kumbotso,e028fa448514bcde,2025-03-07 09:05:32,9,4,False
cf5c7057-665c-4461-bb86-e2d953e3ab61,CUS-01808,3022.09,pos,Lagos,Kosofe,82f5a1f1904224bf,2025-03-07 09:08:32,9,4,False
f8693904-2c6f-4697-856e-aac448d0292c,CUS-00045,87503.95,mobile_money,Delta,Oshimili South,6711970ae6af006e,2025-03-07 09:09:17,9,4,False
90777f00-0045-402e-b8ea-1808856e9d3d,CUS-01214,3714.67,pos,Edo,Ikpoba-Okha,a7432b47d6b05474,2025-03-07 09:09:54,9,4,False
cf6b4af3-8680-45aa-9adb-c61dff77f908,CUS-00984,783126.01,pos,Ondo,Ondo-Central,1f37995146c627bd,2025-03-07 09:11:12,9,4,False
8879be0f-d5f4-4f11-96de-65e56b1896f8,CUS-00051,3300.47,bank_transfer,Abia,Abia-Central,a0955d05114e0b7a,2025-03-07 09:22:46,9,4,False
1a429809-1c74-48dd-b394-2b0fcbef96b1,CUS-01062,166.89,bank_transfer,Kwara,Kwara-Central,398b5f1c492b7fbf,2025-03-07 09:27:00,9,4,False
daba39cb-6691-4a91-93eb-30f3b4afdab5,CUS-01675,1319.67,pos,Kano,Gwale,a9e9dac83e68ea24,2025-03-07 09:34:14,9,4,False
afec6498-6b07-45cf-bffb-f8edba414b3d,CUS-00614,135.48,pos,Kebbi,Kebbi-Central,edcc4e7a1ddd752d,2025-03-07 09:42:05,9,4,False
39d26b4e-02d3-4b24-bcc8-8cd26e2533b6,CUS-01677,108.37,pos,Rivers,Obio-Akpor,283f6dc9c1ece240,2025-03-07 09:45:11,9,4,False
d118c790-6483-4983-a2f7-562abc9967eb,CUS-00033,206.06,card,Katsina,Katsina-Central,aa5d722eb3b158d1,2025-03-07 09:45:38,9,4,False
6d6b1e7c-7e1c-4e71-9e48-a536ef6e9f65,CUS-01060,2297.56,pos,Kebbi,Kebbi-Central,b82de4bf598b7a40,2025-03-07 10:00:40,10,4,False
7cb82d9d-d042-4bbd-af8f-be9969d85d2a,CUS-00164,55329.7,bank_transfer,Lagos,Mushin,cb6a2f6a6e372299,2025-03-07 10:00:48,10,4,False
d16b7f9c-a529-4ae6-9de6-64ff85efeb80,CUS-01551,46541.76,pos,Kaduna,Kaduna North,edf0c9922b691d14,2025-03-07 10:00:57,10,4,False
8fb0a5ed-9de9-4a4d-aa1e-a967e1eb16df,CUS-01161,4194.55,pos,Lagos,Lagos Mainland,eae646070bb9b5a8,2025-03-07 10:02:18,10,4,False
9739a19a-8ba3-4e8c-b0df-9f958a218bc6,CUS-01806,330.1,bank_transfer,Delta,Oshimili South,03e3cce37197c2f4,2025-03-07 10:08:01,10,4,False
7839626a-d0e2-4e49-9915-b7625031a9b0,CUS-00354,96558.64,mobile_money,Lagos,Alimosho,b36159d39ed584a2,2025-03-07 10:14:55,10,4,False
e475173d-1816-42b5-b1b9-23fe919aac3f,CUS-01213,2881.33,mobile_money,Imo,Imo-Central,762447a64e707775,2025-03-07 10:39:23,10,4,False
941f2451-4f0d-47b4-9768-6e08ef69f1ad,CUS-01536,263020.43,bank_transfer,Lagos,Oshodi-Isolo,72eadab8e3304187,2025-03-07 10:44:00,10,4,True
b925f4e4-aeee-4a8a-a148-c6ab9a79907a,CUS-00960,94.79,pos,Lagos,Ikorodu,49ef09fbe609636a,2025-03-07 10:50:55,10,4,False
7b6a1658-8fbf-4300-9518-7db5c23a05d1,CUS-01045,107.57,mobile_money,Kaduna,Zaria,514113e6f764629e,2025-03-07 10:56:43,10,4,False
15f24e6c-2fdc-4c10-b82b-f376f1dcf740,CUS-00982,182.41,mobile_money,Lagos,Surulere,5833cf70f1e3f607,2025-03-07 10:58:11,10,4,False
254430ae-6d0d-46b0-8d47-2d5b81e05d7d,CUS-00512,51.46,mobile_money,Yobe,Yobe-Central,163b2a6b6d6c7512,2025-03-07 11:04:00,11,4,True
8c735597-5e6e-463f-b8b3-8ce5d9ce052d,CUS-00204,2295.96,mobile_money,Kaduna,Kaduna South,dacf1ca0cd2282a4,2025-03-07 11:16:19,11,4,False
57e82910-b042-4a09-bdac-59bfb7fee5b6,CUS-00512,356.22,mobile_money,Yobe,Yobe-Central,163b2a6b6d6c7512,2025-03-07 11:22:00,11,4,True
bade4dc2-9e5e-4029-a4d0-ac717e659d5a,CUS-00524,2303.35,mobile_money,Bauchi,Bauchi-Central,426c573269cc321a,2025-03-07 11:22:28,11,4,False
b8982efc-3b0d-4f06-935c-fcfbc18fee8c,CUS-01166,42425.75,ussd,Bauchi,Bauchi-Central,dcb3d11d5a7e30d1,2025-03-07 11:23:50,11,4,False
4fd634bc-651b-4446-87cd-5990c862f010,CUS-00512,96.34,pos,Yobe,Yobe-Central,163b2a6b6d6c7512,2025-03-07 11:36:00,11,4,True
11fcad8a-50f5-47e1-ad96-76af78028e39,CUS-00105,557216.13,pos,Lagos,Eti-Osa,1e29af523fd2c4b3,2025-03-07 11:36:46,11,4,False
460a0af1-1451-497c-95dd-b7676a401e76,CUS-00356,287.53,pos,Lagos,Oshodi-Isolo,887a44be65fd4c5e,2025-03-07 11:37:30,11,4,False
5b054c7e-98fb-4f02-9fbd-8c17e13a4637,CUS-01313,1714.81,pos,Plateau,Plateau-Central,2f311974757a1b11,2025-03-07 11:39:52,11,4,False
0347ad87-b35d-4187-ae77-b55188a9e2a3,CUS-00512,107.8,ussd,Yobe,Yobe-Central,163b2a6b6d6c7512,2025-03-07 11:45:00,11,4,True
84e03bdd-9833-4898-9b01-09c2acd91534,CUS-01798,12025.66,pos,Lagos,Mushin,da09249edbf8957c,2025-03-07 11:46:39,11,4,False
886e6dfe-2ac2-430e-b7e3-21c0da3ff252,CUS-00512,364.87,ussd,Yobe,Yobe-Central,163b2a6b6d6c7512,2025-03-07 11:47:00,11,4,True
7363ab8d-d941-49ad-a1ba-0d0b6d45f1ad,CUS-00512,298.45,mobile_money,Yobe,Yobe-Central,163b2a6b6d6c7512,2025-03-07 11:50:00,11,4,True
2c0fc4ff-acfb-46c8-87ae-0698449d4ca6,CUS-00512,311.61,ussd,Yobe,Yobe-Central,163b2a6b6d6c7512,2025-03-07 11:54:00,11,4,True
67c572d3-9d0c-4f45-86ef-9b9dd4d43fbb,CUS-01339,530.98,mobile_money,Lagos,Agege,e3e58ca041118cf4,2025-03-07 11:54:48,11,4,False
dbd98a27-6217-4e1e-8a7c-656ff9fc42b9,CUS-01723,3937.54,bank_transfer,Lagos,Kosofe,b8469a7d5c27212d,2025-03-07 12:01:13,12,4,False
1bc14426-d12c-4f5e-ac52-1d4d408a0c59,CUS-01122,136.58,pos,Sokoto,Sokoto-Central,10418d0df5fde257,2025-03-07 12:01:15,12,4,False
35c0956b-4529-4a27-b3b5-29c3ab030fec,CUS-00033,51.12,bank_transfer,Katsina,Katsina-Central,aa5d722eb3b158d1,2025-03-07 12:01:50,12,4,False
0012d30d-462e-449f-9585-f5a2c37220b0,CUS-00937,3652.8,bank_transfer,Taraba,Taraba-Central,db6c0c9551210daa,2025-03-07 12:14:52,12,4,False
85826ee7-cc04-4dfb-bd01-e1906d37280e,CUS-00802,199.08,ussd,Oyo,Oyo East,1a7c536b55b08bee,2025-03-07 12:16:46,12,4,False
f32d80b5-0b0c-48d7-8fde-8514578ad66c,CUS-01020,611047.78,mobile_money,Edo,Ikpoba-Okha,d28b585347c58b91,2025-03-07 12:19:56,12,4,False
0f69f5d4-dd3b-41c6-bf0c-1bcd098b3528,CUS-01010,1521.83,bank_transfer,Lagos,Ikorodu,235ae7f8be32021f,2025-03-07 12:27:07,12,4,False
bf251b6a-be9a-47f6-b0f9-41f196bf9091,CUS-00294,3576.62,pos,Lagos,Surulere,b4d76a0aefaa7938,2025-03-07 12:42:48,12,4,False
6f3d0fb8-6b04-4715-8b44-c9126c2697af,CUS-01733,373498.81,bank_transfer,Rivers,Eleme,95599289dfc0bb5d,2025-03-07 12:51:42,12,4,False
193725e5-4edd-4f68-909c-2be51e8d10ed,CUS-00912,484.32,mobile_money,Enugu,Enugu East,7bd69b4e0e8ea2a4,2025-03-07 12:56:08,12,4,False
38fe9718-ac6d-462a-b0cc-891c56418513,CUS-01767,39823.25,bank_transfer,Abuja FCT,Kuje,3e2929fc96a5c0f6,2025-03-07 13:05:08,13,4,False
1a3b1505-09c3-450d-8993-0dc88d79c44e,CUS-00902,254073.21,pos,Lagos,Oshodi-Isolo,74f8fb4b85130ba0,2025-03-07 13:06:54,13,4,False
b3cbb9ca-f641-4d0d-a868-62b81dd04be7,CUS-01608,4230.46,ussd,Lagos,Surulere,e28254d03af7dce0,2025-03-07 13:13:18,13,4,False
e496bca4-997e-4ebf-ac46-461a4062d7c8,CUS-01087,841129.76,bank_transfer,Lagos,Ikorodu,24a0342350f1093d,2025-03-07 13:39:00,13,4,True
917ebc2f-02d5-46b7-b084-608693c88b55,CUS-00676,184.65,pos,Lagos,Oshodi-Isolo,57e05c0116363981,2025-03-07 13:39:51,13,4,False
addfc98b-675a-4944-b658-0ecf15bc0d77,CUS-01060,3650.58,pos,Kebbi,Kebbi-Central,b82de4bf598b7a40,2025-03-07 13:40:37,13,4,False
df04639b-f399-4db4-adcb-85f4c55af512,CUS-00289,3515.21,pos,Kaduna,Kaduna South,b2cf27b1e6b53ab6,2025-03-07 14:19:45,14,4,False
1d994953-c079-414a-b193-e4fd016a28c4,CUS-00092,213.46,pos,Kwara,Kwara-Central,7fe5d743b10ab062,2025-03-07 14:21:25,14,4,False
034a8a57-3e5d-481f-bc98-05e32b8c31ea,CUS-00668,2338.89,mobile_money,Lagos,Oshodi-Isolo,5e53bf0f5aecd7ec,2025-03-07 14:25:13,14,4,False
ba128b4b-410e-421d-bf15-32e45b543479,CUS-00984,1969.22,bank_transfer,Ondo,Ondo-Central,1f37995146c627bd,2025-03-07 14:27:40,14,4,False
eecf6483-f552-458c-b5d4-4d8919b9c165,CUS-00512,120.36,bank_transfer,Yobe,Yobe-Central,163b2a6b6d6c7512,2025-03-07 14:28:43,14,4,False
2db4ce45-d61c-4af1-bd59-78a75c9385b4,CUS-00689,1472.69,pos,Lagos,Ikorodu,4784d171657cbb42,2025-03-07 14:29:10,14,4,False
d363dd99-461e-4c8d-ba82-cde7cd219138,CUS-01147,3505.56,mobile_money,Delta,Warri South,780d811024c2eb53,2025-03-07 14:34:58,14,4,False
356c0a9a-d8b2-4994-acc1-9a3d2c50f664,CUS-01518,80673.01,pos,Lagos,Lagos Mainland,25b3afc72feb3e62,2025-03-07 14:36:36,14,4,False
5c980d6a-2606-4dbe-9e25-55274c77ba16,CUS-00415,46294.42,card,Abuja FCT,Kuje,b708121e15a95f92,2025-03-07 14:39:57,14,4,False
3fa439cd-c9df-417e-8efb-7783b706badd,CUS-00929,49300.2,pos,Kano,Nassarawa,395eff550cc0a560,2025-03-07 14:40:28,14,4,False
70f5cf97-825e-4dca-b010-af346aa15dad,CUS-00910,1219.68,pos,Kaduna,Zaria,21b2603bae87d119,2025-03-07 14:58:27,14,4,False
0f10aa83-d0e8-442c-abf3-ca050002e91a,CUS-00172,70395.52,pos,Abuja FCT,Municipal,eb1fc4a3af643718,2025-03-07 15:09:02,15,4,False
93c5e743-1511-492c-87a7-b76f8154d5ed,CUS-00802,6050.75,ussd,Oyo,Ibadan North,1a7c536b55b08bee,2025-03-07 15:14:20,15,4,False
6a525b46-f20c-491e-8a3b-50dd3b7ea064,CUS-01602,164.29,bank_transfer,Lagos,Lagos Mainland,6ffc16d93e1af1d8,2025-03-07 15:23:16,15,4,False
4e4ec6f4-a76a-450a-a674-3575337ea112,CUS-00845,69355.42,pos,Rivers,Obio-Akpor,a273ddb69945855e,2025-03-07 15:32:52,15,4,False
4dd095b5-c875-4734-ab3d-34c4be26518b,CUS-01157,43789.87,bank_transfer,Kebbi,Kebbi-Central,ae8078b42967eb6d,2025-03-07 15:36:11,15,4,False
727c8876-f3f7-4845-b7db-05a815341d3b,CUS-00258,16065.07,pos,Oyo,Ibadan North,0aef7632c74d2bb0,2025-03-07 15:38:37,15,4,False
916e242f-ebbc-422f-869f-ecc7a422f269,CUS-01655,697954.07,pos,Gombe,Gombe-Central,ee689fc86d725bb6,2025-03-07 15:45:15,15,4,False
087db7c7-3138-4690-8e47-e7d58a2eae03,CUS-01106,424017.15,mobile_money,Rivers,Oyigbo,fa541b676a9458f8,2025-03-07 15:49:48,15,4,False
81e41be4-2094-44c6-84f3-ae74fa396f0e,CUS-01642,3999.35,pos,Abuja FCT,Bwari,d02d3de6b21344b6,2025-03-07 15:50:33,15,4,False
35da3d82-7184-4649-8c5e-2e72eb1b4986,CUS-01751,11493.1,ussd,Lagos,Mushin,d7aa67b01e985885,2025-03-07 15:52:52,15,4,False
730e9c9d-f199-4dcb-975b-07df8de3ea40,CUS-00684,36061.05,pos,Yobe,Yobe-Central,d6b12227f34f21ed,2025-03-07 16:12:04,16,4,False
0d2942ee-493e-44d0-9290-ce2756f74787,CUS-00550,8233.74,pos,Abuja FCT,Municipal,2a98951d2a24f072,2025-03-07 16:13:36,16,4,False
9e2ef55b-36e8-4150-8d53-1cb12ebfe9a6,CUS-01209,78297.38,bank_transfer,Ogun,Ogun-Central,0bbfc21575dc4370,2025-03-07 16:19:48,16,4,False
8d3135d9-6924-495d-b70d-7df85c1da468,CUS-00895,296.06,mobile_money,Lagos,Ikeja,f7e2a24175197bc0,2025-03-07 16:29:29,16,4,False
26b391f3-c310-4bed-ac06-81197d9c267e,CUS-00397,953456.26,pos,Rivers,Oyigbo,226e1605023f9821,2025-03-07 16:36:26,16,4,False
78fa9bcb-c02f-4d69-80cf-22edc8b384db,CUS-01416,49429.55,pos,Lagos,Surulere,ec384e46e51f1e64,2025-03-07 16:36:57,16,4,False
8b7c872d-3a31-4183-8de0-682e2b9da603,CUS-00110,2944.37,pos,Kano,Tarauni,ec463c226c5edd40,2025-03-07 16:39:10,16,4,False
145212d6-556b-4239-90b5-a1539850af47,CUS-00159,103.67,mobile_money,Ondo,Ondo-Central,c626f8b5763e26c1,2025-03-07 16:43:04,16,4,False
02343e59-9beb-4a7e-96c9-7fc6214aadad,CUS-00294,2393.14,pos,Lagos,Ikeja,b4d76a0aefaa7938,2025-03-07 16:44:14,16,4,False
c1d6596a-4afe-4ffe-8305-bf32400be897,CUS-00954,2409.5,ussd,Rivers,Port-Harcourt,209b114ecb6f0b0f,2025-03-07 16:47:52,16,4,False
22d8c3d5-8355-4704-a338-5b72b85378e4,CUS-00258,1724.04,pos,Oyo,Oyo East,0aef7632c74d2bb0,2025-03-07 16:57:04,16,4,False
9769ff6a-50c0-44e4-a81f-f228437bde12,CUS-01205,441.12,mobile_money,Abia,Abia-Central,3b417cdc62736e04,2025-03-07 17:02:00,17,4,True
b20fcf54-73e2-4888-bcb5-32c81794662c,CUS-01205,417.28,pos,Abia,Abia-Central,3b417cdc62736e04,2025-03-07 17:05:00,17,4,True
ea6422de-0283-4381-80eb-4d7c9a787816,CUS-01228,482.89,pos,Ekiti,Ekiti-Central,79b3d8855aaa997b,2025-03-07 17:08:21,17,4,False
a73b688c-b794-4253-80a3-1006da1becb0,CUS-01205,435.52,ussd,Abia,Abia-Central,3b417cdc62736e04,2025-03-07 17:16:00,17,4,True
367881d5-bc79-43e5-b3ef-693ce8e00da2,CUS-01205,256.43,pos,Abia,Abia-Central,3b417cdc62736e04,2025-03-07 17:18:00,17,4,True
1fe9203b-7e93-4b5c-9280-add5ea37a104,CUS-00401,57585.74,pos,Kogi,Kogi-Central,88de5a0ca9c36515,2025-03-07 17:19:05,17,4,False
54bd0f44-755f-4303-bc56-a2908e5161ee,CUS-01498,33341.12,pos,Rivers,Oyigbo,06084f23b47782c5,2025-03-07 17:20:00,17,4,False
a7e2cee4-b8e2-4186-a425-057ed0096d60,CUS-01113,51517.31,pos,Oyo,Ibadan North,380fc2921922c9ea,2025-03-07 17:22:22,17,4,False
23dc1900-42db-4675-b4b6-f032545c422a,CUS-01040,30350.54,ussd,Oyo,Ibadan North,e8144f079b7433da,2025-03-07 17:22:42,17,4,False
6c875d0d-1e0d-43a5-a212-5be85060d61b,CUS-01205,359.27,mobile_money,Abia,Abia-Central,3b417cdc62736e04,2025-03-07 17:26:00,17,4,True
8ddeed44-2492-4971-a2b3-565f3a1b1579,CUS-01205,94.55,pos,Abia,Abia-Central,3b417cdc62736e04,2025-03-07 17:27:00,17,4,True
ee300b6b-0820-4c5b-a88d-0e25398d2aea,CUS-01896,15078.91,pos,Kaduna,Kaduna South,6c0c831c8a5b6324,2025-03-07 17:28:32,17,4,False
837b794a-0ab2-4fac-9fa7-d8597ca3e134,CUS-00367,114.22,bank_transfer,Kogi,Kogi-Central,cde5edbdb69eca2a,2025-03-07 17:28:41,17,4,False
0ad6085b-e670-4d72-b57d-1c824b2c356e,CUS-01173,331.82,pos,Kano,Fagge,835d7ff91e1af072,2025-03-07 17:31:57,17,4,False
b562e965-c47a-4a71-aed1-048903ddadcd,CUS-00790,30030.22,mobile_money,Lagos,Ikorodu,b15e711fa28274c0,2025-03-07 17:42:47,17,4,False
4c76661f-96bf-43d0-9586-1fa280457148,CUS-01205,346.17,pos,Abia,Abia-Central,3b417cdc62736e04,2025-03-07 17:48:00,17,4,True
ea59d7f3-9a3e-46ad-a9b0-dde53e88344d,CUS-01021,3338.61,bank_transfer,Kano,Nassarawa,a14fbfe3ea501645,2025-03-07 17:54:47,17,4,False
ec5d505b-0637-4c34-b3fb-d95a7ccc5e85,CUS-00788,369.43,mobile_money,Abuja FCT,Bwari,cfa2bab673d6b5bb,2025-03-07 18:02:00,18,4,True
7e73e8c3-7c5a-4602-be25-b126bd86f84a,CUS-00848,56419.27,bank_transfer,Abuja FCT,Bwari,b8495cc2e07bf6b9,2025-03-07 18:11:42,18,4,False
936d27c9-c30f-4106-987c-70efcb747837,CUS-00038,35371.35,pos,Anambra,Nnewi North,f0966acb33fd9b19,2025-03-07 18:13:28,18,4,False
b5ba8035-1425-4f5a-985c-2066876ae147,CUS-00788,466.08,ussd,Abuja FCT,Municipal,cfa2bab673d6b5bb,2025-03-07 18:14:00,18,4,True
f907a18c-9479-49c7-ab6f-ae37c16752fc,CUS-00788,202.81,ussd,Abuja FCT,Gwagwalada,cfa2bab673d6b5bb,2025-03-07 18:16:00,18,4,True
2b62dabd-c2ce-4fb2-8eea-ebec4a3e6ec6,CUS-00788,496.15,mobile_money,Abuja FCT,Kuje,cfa2bab673d6b5bb,2025-03-07 18:21:00,18,4,True
28db0068-39cd-41b3-b17d-bd39f77f76dc,CUS-00788,164.69,mobile_money,Abuja FCT,Gwagwalada,cfa2bab673d6b5bb,2025-03-07 18:21:00,18,4,True
1a775483-4e25-44c4-9999-a4349706c73d,CUS-00788,254.32,mobile_money,Abuja FCT,Bwari,cfa2bab673d6b5bb,2025-03-07 18:21:00,18,4,True
dc3d3fe7-d13b-49ee-8ee1-54b0f37b714f,CUS-00788,296.62,mobile_money,Abuja FCT,Bwari,cfa2bab673d6b5bb,2025-03-07 18:22:00,18,4,True
0fcf130e-7fc2-43da-9e2a-92881ef6b76e,CUS-00442,482114.91,mobile_money,Rivers,Eleme,b72e75b2e9754cf1,2025-03-07 18:34:13,18,4,False
3b22e3f6-7cb4-42f6-881c-28cc37ff8f14,CUS-00497,151.76,pos,Lagos,Oshodi-Isolo,fd814a510ea60164,2025-03-07 18:39:00,18,4,False
5d44519a-d7a1-4965-9512-0137cd131162,CUS-00849,53522.88,pos,Kaduna,Kaduna North,c5fb9680abdaabbf,2025-03-07 18:49:17,18,4,False
b975607d-55b5-43dc-9e30-d97933bd3b16,CUS-00680,3348.5,pos,Plateau,Plateau-Central,eed8abc82abd7d4d,2025-03-07 18:50:11,18,4,False
9ec38de2-06c0-4fbe-ac13-b2dc188b97bf,CUS-01671,2660.64,pos,Kebbi,Kebbi-Central,d6462c62f2fa83c7,2025-03-07 18:53:15,18,4,False
37224171-eb14-4782-bedf-e281c4e253eb,CUS-00788,418.73,mobile_money,Abuja FCT,Kuje,cfa2bab673d6b5bb,2025-03-07 18:54:00,18,4,True
7c029b9c-64d1-4bff-b3c8-14a57ab799a4,CUS-00481,238.98,pos,Edo,Egor,62896152bd82ae30,2025-03-07 18:55:23,18,4,False
e3f7e589-2869-41ee-8379-ab2528b40b55,CUS-01654,2742.7,pos,Lagos,Ikorodu,a694ac735d0af4d4,2025-03-07 19:07:03,19,4,False
bd78e43e-600a-41da-89aa-f18e46177171,CUS-01356,326.7,mobile_money,Nassarawa,Nassarawa-Central,853907668826b986,2025-03-07 19:07:11,19,4,False
23200a7a-a213-452c-98f9-906cdae10328,CUS-01524,43370.08,pos,Abuja FCT,Bwari,e9b082843f2915d1,2025-03-07 19:15:31,19,4,False
1d1a9bee-0445-4fc3-8719-5a2663848ea0,CUS-00702,60050.12,pos,Kano,Tarauni,877c724724ceedbd,2025-03-07 19:15:55,19,4,False
aa3bf124-e50a-4d3b-ac9b-3ec23b11238c,CUS-01253,78352.84,pos,Lagos,Ikorodu,c8054b1af1495193,2025-03-07 19:17:04,19,4,False
baf045d1-1d8e-4b6c-ba0f-89ce2cfb921d,CUS-00967,77443.02,pos,Kano,Kumbotso,6f657410240da930,2025-03-07 19:24:42,19,4,False
dc4d2629-0f7e-4b2e-a42b-a9ff0a67373c,CUS-00450,322.61,pos,Abia,Abia-Central,866ad03ed8fb0ca4,2025-03-07 19:31:05,19,4,False
65d2459c-a1f1-4821-802d-cf3a88231798,CUS-01616,1119.03,pos,Ogun,Ogun-Central,be333283103f5129,2025-03-07 19:32:00,19,4,False
46bc0f84-8cdf-4289-9688-b984502ee7c1,CUS-01523,3828.34,pos,Lagos,Agege,b4e06f3228683e87,2025-03-07 19:36:12,19,4,False
886c35d6-c4a9-4548-b2a6-2cd65b4bfc5a,CUS-01748,2600.03,bank_transfer,Kwara,Kwara-Central,e247f88c921fa712,2025-03-07 19:36:49,19,4,False
bc199465-3d30-4911-a592-599c337d4698,CUS-01434,2065.02,mobile_money,Lagos,Ikeja,6f3c984e0fa71f1d,2025-03-07 19:46:17,19,4,False
a023fc83-4d2e-41a8-9f9a-e35d47fcad03,CUS-01344,1352.03,bank_transfer,Osun,Osun-Central,3b2ab3c41753e83d,2025-03-07 19:54:56,19,4,False
78baf0c3-2a2d-4929-b530-48479ed1f5c6,CUS-01609,415.0,card,Oyo,Oyo East,06948fe1f1b46a75,2025-03-07 20:00:52,20,4,False
e18f78d4-cdf8-40c9-ab1e-fba5c7d3ae0b,CUS-01388,275.58,bank_transfer,Bayelsa,Bayelsa-Central,64b0cf503a5e25b7,2025-03-07 20:06:08,20,4,False
6c4c9816-53a8-46ea-ae41-c4d4d8d9c79d,CUS-01135,265.82,ussd,Lagos,Alimosho,ddc7283b773c8f9b,2025-03-07 20:12:00,20,4,True
4c8e5597-65c3-4973-9f53-40fe7891ae9a,CUS-01654,2365.8,pos,Lagos,Ikeja,a694ac735d0af4d4,2025-03-07 20:13:21,20,4,False
6139c53d-ca88-4da5-b1b9-59a3fed6d95f,CUS-01135,459.21,ussd,Lagos,Oshodi-Isolo,ddc7283b773c8f9b,2025-03-07 20:21:00,20,4,True
9a92ce74-3ee8-46d5-ad0e-40a1abbf16c0,CUS-01135,143.69,pos,Lagos,Surulere,ddc7283b773c8f9b,2025-03-07 20:27:00,20,4,True
06d99a70-1e0c-4230-851b-df73ec84eb0e,CUS-01746,2679.2,mobile_money,Lagos,Eti-Osa,bd68d1dee0d2a03f,2025-03-07 20:27:52,20,4,False
b3720115-0ff0-4763-b776-385d5b5dde9b,CUS-01786,469.79,bank_transfer,Enugu,Nsukka,7124e494c7f17efa,2025-03-07 20:28:13,20,4,False
72d5e3de-3b80-4eb9-a1c9-0c9997ff8dc5,CUS-00785,209958.31,bank_transfer,Kogi,Kogi-Central,6292a14b4f110b8f,2025-03-07 20:32:00,20,4,True
54e4be8c-e3a6-4ce1-ae86-ddee22723ffa,CUS-01135,125.6,ussd,Lagos,Surulere,ddc7283b773c8f9b,2025-03-07 20:33:00,20,4,True
a2f976cf-45f0-4828-8678-3c962daf67cf,CUS-01422,4147.19,mobile_money,Lagos,Eti-Osa,c7464d1708c5983c,2025-03-07 20:33:32,20,4,False
88abfc4d-96b1-423a-a8c2-8a25445ba80f,CUS-00572,1892.6,pos,Rivers,Port-Harcourt,45fc6ca0a6b2f981,2025-03-07 20:39:43,20,4,False
d871eb1e-4418-4cf0-88f7-38fbdd512d02,CUS-01634,57.33,pos,Yobe,Yobe-Central,665b394f3b341135,2025-03-07 20:40:10,20,4,False
4fa16bc2-9724-4fbc-a07d-c636e3726f61,CUS-01485,144.71,pos,Rivers,Port-Harcourt,25b0414821785e33,2025-03-07 20:40:59,20,4,False
8f776bae-6204-4209-b389-530879412b61,CUS-00768,75433.72,bank_transfer,Kano,Fagge,68be7d7ed2728f8b,2025-03-07 20:43:01,20,4,False
140fa3b1-3ea9-4531-a8f7-720793eafc03,CUS-00516,24477.53,pos,Rivers,Port-Harcourt,a9e4532a82bbee62,2025-03-07 20:43:22,20,4,False
b060d763-17b6-4292-b075-54fc79d3cd32,CUS-00443,197.57,mobile_money,Rivers,Port-Harcourt,e97edc4f801dfbb8,2025-03-07 20:48:17,20,4,False
e8d903a5-0d32-4a53-b8ab-b5041acfc36f,CUS-01135,171.27,pos,Lagos,Mushin,ddc7283b773c8f9b,2025-03-07 20:49:00,20,4,True
9ca06c88-2e41-4b0a-ab4f-841098125afc,CUS-01135,196.99,pos,Lagos,Mushin,ddc7283b773c8f9b,2025-03-07 20:53:00,20,4,True
408e4524-3c14-45af-807e-4190632fc77b,CUS-01568,99983.11,mobile_money,Enugu,Nsukka,82e3ecb4f65f677b,2025-03-07 20:53:36,20,4,False
719bb6e4-5aef-49eb-bf4b-14e88d3824f9,CUS-01142,127893.32,bank_transfer,Anambra,Awka South,b4f03bc7e8cf05c0,2025-03-07 20:54:52,20,4,False
f8aac545-890e-45f7-b413-d4e8034b4728,CUS-01907,60482.21,pos,Rivers,Oyigbo,e7b4e56a88b72877,2025-03-07 20:57:40,20,4,False
f6ded7f9-0fe0-4e32-945a-c406783d28d1,CUS-01189,49305.59,mobile_money,Edo,Egor,36f1fd8d7d24e817,2025-03-07 21:10:36,21,4,False
687518ce-2750-444d-af9b-bfd251119246,CUS-00447,61123.72,bank_transfer,Osun,Osun-Central,d8251f8e1f73bae6,2025-03-07 21:14:23,21,4,False
4c32bc34-d7d2-4067-9a47-4e8e9220640e,CUS-01560,547.55,mobile_money,Kano,Nassarawa,65fa79b574411b2d,2025-03-07 21:17:38,21,4,False
e4acbf54-58de-44a7-8ce8-045bb32a8406,CUS-01616,223481.39,bank_transfer,Ogun,Ogun-Central,be333283103f5129,2025-03-07 21:19:10,21,4,False
214f64f6-c823-4379-bab5-09b06af40a30,CUS-00623,3434.27,ussd,Abuja FCT,Kuje,49247348eeec8a45,2025-03-07 21:36:03,21,4,False
a30e9c15-8331-4115-8c65-03e52dae83a3,CUS-01827,641.72,bank_transfer,Akwa Ibom,Akwa Ibom-Central,5b30437f9804c74d,2025-03-07 21:48:37,21,4,False
c61eb333-b24b-45f4-9828-a6ba45ca8e0f,CUS-01628,1618.38,mobile_money,Lagos,Mushin,9dba5f6ba727a829,2025-03-07 22:40:19,22,4,False
a637b93a-b9b8-420b-8358-bb156ae52100,CUS-00047,82127.28,mobile_money,Abuja FCT,Municipal,9cd27d694fedb69a,2025-03-07 22:51:11,22,4,False
ce3a93ba-f405-482b-8270-03ac843b3939,CUS-00174,339226.15,pos,Delta,Uvwie,7939dff4afa3065e,2025-03-07 23:06:35,23,4,False
d8f3f8f5-1650-49a6-b6fe-550ba804c603,CUS-00872,250.54,ussd,Delta,Uvwie,07840812b559650f,2025-03-07 23:17:26,23,4,False
777a1ef6-ea40-4cee-8886-995bbe780db5,CUS-00082,374227.85,bank_transfer,Kano,Kumbotso,1b3d2d4d9e9c6adc,2025-03-07 23:36:34,23,4,False
6f204258-ed4e-4527-bff5-0e68c58f566c,CUS-01969,4705.39,pos,Lagos,Alimosho,c2f713ad5e7d40ec,2025-03-08 00:51:58,0,5,False
b0ed4220-28f6-404b-bcee-b8be8c985c7f,CUS-00674,18303.73,ussd,Rivers,Port-Harcourt,5c24032e84ba2da3,2025-03-08 01:00:57,1,5,False
02ba8763-ae82-4dfa-b147-317c3554071d,CUS-01779,390.03,ussd,Bauchi,Bauchi-Central,976df3ec4bd11a74,2025-03-08 01:40:40,1,5,False
16515de2-67b4-4ae7-8e4c-d1f8aff9f00d,CUS-01892,2009.58,mobile_money,Imo,Imo-Central,6614c00a15167cdf,2025-03-08 02:46:42,2,5,False
53d60268-771e-4699-afe7-71fe59230c38,CUS-01544,2027.72,ussd,Akwa Ibom,Akwa Ibom-Central,c55413ca9b16fc13,2025-03-08 02:57:14,2,5,False
833c56e0-859d-47fd-9e98-a79f7fce176f,CUS-00835,80297.14,ussd,Rivers,Port-Harcourt,95de52b480063a6d,2025-03-08 04:11:54,4,5,False
7de784b0-0e89-4472-8bf0-c943c93550c3,CUS-00834,3718.27,pos,Abuja FCT,Bwari,1afab51897635862,2025-03-08 05:13:26,5,5,False
701227ef-d3b1-4f2a-82ae-986ada04fcd1,CUS-01653,640.13,pos,Rivers,Eleme,497df31f5bea514b,2025-03-08 05:34:26,5,5,False
d7f23466-c7a4-477d-a874-6cd78a7d1811,CUS-01503,4166.46,card,Kano,Nassarawa,f209ce9a3a87000b,2025-03-08 07:45:53,7,5,False
7114533b-9fd3-487b-81ce-582357ce8356,CUS-01470,1732.19,pos,Oyo,Ogbomoso,c4455eb10abbc54e,2025-03-08 07:55:38,7,5,False
2521d76a-3830-493f-99ae-5bfcaf97b915,CUS-01181,4356.96,bank_transfer,Kaduna,Kaduna North,9eb56ac542f8f5d3,2025-03-08 08:00:00,8,5,True
423c562a-1802-472d-8f37-42c9ce1364bc,CUS-01129,380.75,mobile_money,Kano,Tarauni,3cb9a5c73af5a620,2025-03-08 08:00:37,8,5,False
216c1de6-d102-44fd-b1b6-9285262b2b05,CUS-01101,160.18,mobile_money,Akwa Ibom,Akwa Ibom-Central,5dbe810827f42c87,2025-03-08 08:09:37,8,5,False
63bc16e6-3686-4c5d-9395-b2328d346232,CUS-01181,2691.41,pos,Cross River,Cross River-Central,9eb56ac542f8f5d3,2025-03-08 08:13:00,8,5,True
c3221b68-6d1e-4888-9b38-c4a7920999b2,CUS-00201,411.36,pos,Lagos,Ikeja,39439305fe5c2f64,2025-03-08 09:12:58,9,5,False
c42d79ee-9c95-4193-9f9d-1f1b99666903,CUS-00654,374.57,mobile_money,Rivers,Eleme,d80e202bf8770361,2025-03-08 09:15:41,9,5,False
fc56c017-4057-4c61-8cbf-d60009aabbf4,CUS-01632,3839.0,bank_transfer,Delta,Warri South,d46257dd5672aef5,2025-03-08 09:20:39,9,5,False
e9421ccd-4100-4a98-9e36-5da8ea96ed4e,CUS-00339,357631.28,bank_transfer,Lagos,Alimosho,293ef86bb3ea45e4,2025-03-08 09:39:19,9,5,False
7392994b-eb38-456d-9fad-73281a0b176f,CUS-00920,55302.94,pos,Zamfara,Zamfara-Central,884feff67bc100f3,2025-03-08 09:46:53,9,5,False
574acf38-5180-4637-9535-d9bf0d4be63e,CUS-01854,82.88,mobile_money,Adamawa,Adamawa-Central,021da314d09bf6f2,2025-03-08 09:48:28,9,5,False
322c021d-64b3-4d7a-8d2a-bb985992e580,CUS-00419,96046.83,pos,Osun,Osun-Central,4eebee10696d2ff4,2025-03-08 09:57:18,9,5,False
04443730-c090-470c-ac29-e07ad4c01407,CUS-00239,26636.19,pos,Lagos,Lagos Mainland,a18fc29097aafe72,2025-03-08 09:59:50,9,5,False
3004ae67-c131-4046-8204-9ebb86952511,CUS-00144,3584.12,bank_transfer,Kano,Gwale,aa29af6cbfa3f2fb,2025-03-08 10:04:37,10,5,False
87d253f3-2771-4859-bdcf-faecf2b7c441,CUS-00987,58793.83,pos,Rivers,Port-Harcourt,01e7a632232003ba,2025-03-08 10:06:16,10,5,False
e35172ff-33a2-40dc-a60d-c8d28356aea8,CUS-01609,68347.85,card,Oyo,Ibadan North,06948fe1f1b46a75,2025-03-08 10:09:52,10,5,False
5d7b8a89-9b22-42ec-9526-ffe35dc384da,CUS-01490,1852.66,pos,Lagos,Ikorodu,7f7694fe3ef66fdb,2025-03-08 10:26:50,10,5,False
34f41735-b15b-4a11-bee5-45c7758c8f14,CUS-00473,204107.7,mobile_money,Niger,Niger-Central,941680179217c16f,2025-03-08 10:29:01,10,5,False
2aa159eb-f1e1-4666-b0f5-87477effe78a,CUS-00872,60505.22,ussd,Delta,Oshimili South,07840812b559650f,2025-03-08 10:43:40,10,5,False
2ec2048c-8128-4e6f-9095-69588392275c,CUS-01909,28510.63,pos,Lagos,Ikeja,7b480d3a742ac838,2025-03-08 10:44:29,10,5,False
abc9c32a-93a7-4bc0-bceb-b5d6e14daff4,CUS-01233,3845.41,pos,Lagos,Alimosho,bb21b8ff72b45704,2025-03-08 10:46:04,10,5,False
96d122d4-ae47-4a6a-8b6c-f44cc2df3c74,CUS-00944,13562.21,mobile_money,Lagos,Surulere,50fc92000a61d043,2025-03-08 10:48:14,10,5,False
b606460b-2456-4bc0-87c0-47b31506e71b,CUS-00174,68.79,pos,Delta,Oshimili South,7939dff4afa3065e,2025-03-08 11:08:47,11,5,False
57f444ef-6f4f-45b7-b53b-01d9991ef8d7,CUS-01129,336.99,mobile_money,Kano,Fagge,3cb9a5c73af5a620,2025-03-08 11:25:53,11,5,False
6b84f636-2e8d-462a-adab-1d721737f6b5,CUS-01971,651.36,bank_transfer,Bauchi,Bauchi-Central,f55c7da2f7e80843,2025-03-08 11:32:53,11,5,False
75faf6a7-ebe3-43a6-8be2-aa00b447c191,CUS-00363,66342.2,bank_transfer,Oyo,Ibadan North,89065733662aeed2,2025-03-08 11:39:58,11,5,False
89e858b5-121b-4b9a-b5f7-545fc967eb1c,CUS-01434,2557.94,mobile_money,Lagos,Oshodi-Isolo,6f3c984e0fa71f1d,2025-03-08 11:44:13,11,5,False
f8aedf04-c50d-4870-bb80-3973f7a6d7a1,CUS-01434,397.88,mobile_money,Lagos,Eti-Osa,6f3c984e0fa71f1d,2025-03-08 12:05:48,12,5,False
6e1b704d-1b14-4437-a347-1be4e6b7ff60,CUS-01014,347.92,bank_transfer,Edo,Oredo,e9ebd95b3430ef73,2025-03-08 12:06:09,12,5,False
55f57770-04a0-4dab-b22b-05f4036d466d,CUS-00632,87948.88,card,Abuja FCT,Kuje,76bdcde9144067f5,2025-03-08 12:06:57,12,5,False
8b774081-c737-480b-a517-7a311c598ffa,CUS-01234,65738.55,pos,Delta,Oshimili South,8319fe633d556a40,2025-03-08 12:31:49,12,5,False
008b287d-acad-42a0-99a4-03c1b824922f,CUS-00841,27649.77,mobile_money,Delta,Warri South,8f8993c755fc5846,2025-03-08 12:35:15,12,5,False
e9015614-bd0d-474d-92f0-0e9183e61f19,CUS-01047,974.47,pos,Lagos,Alimosho,645338b224542c36,2025-03-08 12:38:06,12,5,False
3264a5d6-775d-4e7f-a018-73a3b881adc4,CUS-01440,26016.76,mobile_money,Bayelsa,Bayelsa-Central,497e2d0a46fe1877,2025-03-08 12:48:50,12,5,False
6ea87b55-96b7-4a6d-a2e8-0a8b82ea2bae,CUS-01912,1738.26,bank_transfer,Rivers,Oyigbo,24c0dd025673a221,2025-03-08 13:00:00,13,5,True
d33f42d5-d555-4e18-9c6c-1d0a2f48896f,CUS-01912,2112.49,ussd,Kano,Tarauni,24c0dd025673a221,2025-03-08 13:13:00,13,5,True
9343c440-3f54-435c-9f7b-0210832a2278,CUS-01162,4019.5,pos,Kano,Gwale,4d4fdcee1f176dbe,2025-03-08 13:18:17,13,5,False
012e6c66-fb45-45c1-b2b1-045fe5e2c13c,CUS-00791,181.27,card,Kaduna,Kaduna South,6e4ba221fb73358b,2025-03-08 13:47:05,13,5,False
452aa334-0b84-4415-8f81-a5dd84336894,CUS-00603,826.5,pos,Lagos,Oshodi-Isolo,bb90dbe9236c1ae4,2025-03-08 13:49:25,13,5,False
4f55c052-851d-49ba-984a-c4880265b17c,CUS-00703,143.54,pos,Lagos,Mushin,4720b0e4b3263da4,2025-03-08 14:00:41,14,5,False
b84f9034-a3a0-476c-99b4-9845b81b7ef6,CUS-00695,1971.51,bank_transfer,Kaduna,Kaduna North,81e192968c626dfd,2025-03-08 14:15:23,14,5,False
2572e414-881e-4a0f-b451-3bb27a45e49c,CUS-01973,31263.82,mobile_money,Abuja FCT,Bwari,b0a2e8ccaf3fc8d8,2025-03-08 14:23:50,14,5,False
bb71509a-bb6d-483b-b875-cdad5468a9eb,CUS-00329,470.46,pos,Lagos,Lagos Mainland,7b2bc2bfdc63f934,2025-03-08 14:41:35,14,5,False
852136eb-5df7-4995-a7c6-6691bfcf64b2,CUS-00128,76581.72,ussd,Lagos,Eti-Osa,4fea8b2d9e7b6054,2025-03-08 15:07:10,15,5,False
af088e3f-54d1-4451-834d-8f1b50c43c03,CUS-00034,65183.75,bank_transfer,Akwa Ibom,Akwa Ibom-Central,16d056fcd36c662b,2025-03-08 15:08:04,15,5,False
25f8a5c5-0e47-4811-9b32-57f211d0ffd4,CUS-00284,4033.09,bank_transfer,Oyo,Ibadan North,2521b7e3eb4f932c,2025-03-08 15:15:04,15,5,False
f9042fa5-314d-409b-98b6-3e2adbf5bfaa,CUS-01825,2636.27,pos,Oyo,Ibadan South-West,67bd0a3396337975,2025-03-08 15:16:15,15,5,False
b5a1443f-114b-4c3f-b57d-cc2311a28b83,CUS-00049,94371.48,pos,Lagos,Kosofe,45d1a59f5d7f63e7,2025-03-08 15:26:51,15,5,False
e25dff4d-2842-48a9-9b61-6e9bd49d71b4,CUS-01426,28788.19,bank_transfer,Lagos,Kosofe,3bf75e734c5b5dd8,2025-03-08 15:27:00,15,5,False
8f244e89-3474-4809-8fb1-76a30f21973b,CUS-00289,4440.59,pos,Kaduna,Kaduna North,b2cf27b1e6b53ab6,2025-03-08 15:34:25,15,5,False
61a5474b-d867-43e7-99cc-fa43c1eb77ea,CUS-00579,480845.88,bank_transfer,Kano,Kumbotso,f9d75d8c8fad4688,2025-03-08 15:35:26,15,5,False
47552514-19ca-4507-bef9-82792c166bbe,CUS-00009,552535.16,bank_transfer,Edo,Oredo,792f9fd82adeeeda,2025-03-08 15:39:57,15,5,False
0f4c5b4c-f7d5-453a-9b78-b99b34836c17,CUS-01274,61143.27,bank_transfer,Abuja FCT,Municipal,c8401a675b0291f5,2025-03-08 15:53:29,15,5,False
b6732aeb-646f-4726-a008-b8b579fddeeb,CUS-00401,326.88,pos,Kogi,Kogi-Central,88de5a0ca9c36515,2025-03-08 15:55:45,15,5,False
b78dcd25-45f8-4f7a-a4bc-7aaf74931d81,CUS-00172,2902.94,bank_transfer,Abuja FCT,Bwari,eb1fc4a3af643718,2025-03-08 16:12:15,16,5,False
2cfb9588-e219-4525-8408-bf2a1f73b625,CUS-00217,4302.08,pos,Osun,Osun-Central,d6ffa3499dcf3318,2025-03-08 16:13:44,16,5,False
201764c1-e8b3-4b20-9c12-3985ad19e28a,CUS-00851,1066.27,pos,Osun,Osun-Central,a241b39179d8b34d,2025-03-08 16:17:55,16,5,False
10d718a2-f069-48e0-a7f7-e7aa30acc08e,CUS-01544,48561.65,ussd,Akwa Ibom,Akwa Ibom-Central,c55413ca9b16fc13,2025-03-08 16:43:58,16,5,False
92054122-9156-4a63-af5e-f809316cd1c5,CUS-01957,919.98,bank_transfer,Rivers,Eleme,540af2a595b54ac2,2025-03-08 16:52:51,16,5,False
facc8019-22f5-4099-a4c4-c12b3d4c39c7,CUS-01480,368.88,pos,Plateau,Plateau-Central,50852128a7372d35,2025-03-08 16:54:07,16,5,False
c2c37d52-3367-49b0-877e-09151b6e383c,CUS-01624,18403.26,pos,Lagos,Surulere,766976ee8cdbe429,2025-03-08 16:55:16,16,5,False
7f533c41-4178-47fa-87e3-ed7fdddd7087,CUS-00545,319.91,bank_transfer,Kano,Fagge,816780c3a970fd43,2025-03-08 16:57:44,16,5,False
ef297672-e61e-4291-b9df-8ce8de4e46d2,CUS-01049,1553.74,pos,Lagos,Oshodi-Isolo,317bf6dcd72d237b,2025-03-08 17:05:55,17,5,False
717f8e43-942b-48d4-87f2-4a5c8faec100,CUS-01774,1959.01,mobile_money,Imo,Imo-Central,4416a81ac3c26ad7,2025-03-08 17:14:16,17,5,False
931a3ee1-9f37-4523-b9c3-0a4f1e8bedfe,CUS-01904,3513.03,mobile_money,Osun,Osun-Central,5ef2e52b8d5a94b5,2025-03-08 17:28:36,17,5,False
b6b24503-83b1-4e87-826a-3db8c04ab51a,CUS-00097,464.92,bank_transfer,Rivers,Oyigbo,b6d43539671f700f,2025-03-08 17:29:18,17,5,False
542ddbd0-9cd9-4667-842d-7e08d4d13ea5,CUS-00798,558712.12,pos,Edo,Oredo,02fa2266d8d33c7a,2025-03-08 17:31:47,17,5,False
c1f0661f-68b1-4776-b087-2c3ed7aa1666,CUS-01180,351.67,pos,Akwa Ibom,Akwa Ibom-Central,1eb41ea733304795,2025-03-08 17:35:22,17,5,False
7a5ed6b9-8811-49f4-963f-0347ff07ac0c,CUS-00833,18927.79,pos,Lagos,Alimosho,3304a5aa1d13da71,2025-03-08 17:47:00,17,5,False
7ce78545-8041-4c91-ae8a-d7b879bc670f,CUS-01436,3446.29,ussd,Kano,Kumbotso,407a3276e36403ea,2025-03-08 17:51:03,17,5,False
ad444c6a-f910-41d5-a8da-94aa81fd8e06,CUS-01434,840655.29,mobile_money,Lagos,Lagos Mainland,6f3c984e0fa71f1d,2025-03-08 17:51:44,17,5,False
33dd496a-d2d4-4ac5-95e6-c2e7ae82057a,CUS-01106,391.87,mobile_money,Rivers,Oyigbo,fa541b676a9458f8,2025-03-08 17:52:09,17,5,False
5cd4d0a0-3c2e-49f1-a672-ff69dd52ad75,CUS-01669,3188.14,bank_transfer,Plateau,Plateau-Central,07569bc15837dad6,2025-03-08 17:55:34,17,5,False
6b734d1c-ee6f-4c8a-aaa9-ee33241301c8,CUS-00498,590.17,pos,Ebonyi,Ebonyi-Central,f32247001390f347,2025-03-08 17:57:05,17,5,False
6afa9b0a-95d1-417e-9d5d-81021f186ed6,CUS-00236,437.76,ussd,Kano,Dala,a5603aec39b63960,2025-03-08 18:05:56,18,5,False
4bceb5b5-267c-471a-840d-8a8ab1e9eb3b,CUS-00601,97121.32,bank_transfer,Kano,Tarauni,dc250b6d8147d297,2025-03-08 18:07:38,18,5,False
1d0c6a71-aaa8-422a-9fed-0afba20fb607,CUS-01002,412.04,pos,Kebbi,Kebbi-Central,efcc435f8f743b77,2025-03-08 18:09:11,18,5,False
60ac0f75-6fb2-45bf-a543-165c53fb55b4,CUS-01560,18399.12,pos,Kano,Fagge,65fa79b574411b2d,2025-03-08 18:19:39,18,5,False
13f20ac2-0f9b-4c7e-8734-9a98beec81f2,CUS-00439,315.19,pos,Lagos,Eti-Osa,602b25072990d14e,2025-03-08 18:24:27,18,5,False
86f02aed-728b-4479-9e59-6b7313a20ea6,CUS-00697,13857.74,pos,Oyo,Ibadan South-West,3a7a3a30be3ac3f4,2025-03-08 18:29:04,18,5,False
24ccc3d9-778c-4fba-a344-56ac1574870b,CUS-00037,114.45,pos,Lagos,Agege,72ae7fb6dfe605ed,2025-03-08 18:29:28,18,5,False
3dc94bc4-d7c4-4ba2-8e0d-acf01c911226,CUS-00639,61622.87,mobile_money,Rivers,Oyigbo,e31599e9b6444d86,2025-03-08 18:35:14,18,5,False
d12f6ff5-a6bb-4e93-ad54-385d8c4d2451,CUS-00797,3768.15,bank_transfer,Oyo,Ogbomoso,59420c39724467cb,2025-03-08 18:44:47,18,5,False
cc6248e1-8fb7-4b81-ad71-ac84622bd9e1,CUS-00826,351.21,mobile_money,Kano,Gwale,9fa1a127ce0ae9ca,2025-03-08 18:49:34,18,5,False
142b84f3-12f3-4bea-8a35-0b4550a0de3f,CUS-00480,1825.71,pos,Enugu,Enugu North,6c46edee448434ad,2025-03-08 19:16:54,19,5,False
2a914db2-1ced-468a-ae39-89c4f5109a0f,CUS-01819,90954.53,bank_transfer,Rivers,Eleme,1efef02c81cb87a7,2025-03-08 19:17:44,19,5,False
230894aa-a65e-42e0-8601-67cb96f0323d,CUS-01648,2823.11,card,Abia,Abia-Central,fed032d7d6ce8d9b,2025-03-08 19:29:02,19,5,False
c9e44d85-d9f9-45dd-879d-fb5f6ac3b161,CUS-00709,721206.31,pos,Anambra,Awka South,2af5a68de5b28240,2025-03-08 19:29:23,19,5,False
ed9d2bfe-1229-4e37-8323-6b26a22e3f1f,CUS-01046,2724.17,bank_transfer,Lagos,Agege,c52f52dc913fa04c,2025-03-08 19:34:17,19,5,False
395039ee-2345-40d4-a631-d44462f05054,CUS-01387,1910.18,bank_transfer,Lagos,Ikeja,94ead7a09cb67bfc,2025-03-08 19:37:35,19,5,False
3ff63a8a-7ad2-40da-8731-dff160d26332,CUS-00606,3984.85,pos,Lagos,Alimosho,60733c43bf9bf339,2025-03-08 19:47:42,19,5,False
184ed021-7614-4efb-a53d-93ebaea20bef,CUS-01770,244.62,bank_transfer,Abuja FCT,Municipal,c27f86555385f66b,2025-03-08 19:55:01,19,5,False
941501e6-2021-419c-b0b4-0b6bfece7519,CUS-01840,395.43,bank_transfer,Rivers,Obio-Akpor,f0a551f0ca70f7b7,2025-03-08 19:56:02,19,5,False
4edf4258-261e-435b-a0f6-873db3b09bed,CUS-01573,676.48,card,Zamfara,Zamfara-Central,4f9a7e83b7a2bce0,2025-03-08 19:58:21,19,5,False
e16cc16a-052d-4156-a76f-355385835c9d,CUS-01057,62023.9,bank_transfer,Rivers,Oyigbo,5bf01b42e23bcb1a,2025-03-08 19:58:57,19,5,False
7703aeef-8f73-4cda-b1d0-33750ee33f16,CUS-00192,75674.44,mobile_money,Nassarawa,Nassarawa-Central,3be92bc242be1da2,2025-03-08 20:03:22,20,5,False
9d448138-de70-422e-a712-d21660b12a40,CUS-00112,974241.29,pos,Yobe,Yobe-Central,9b1f8128591d3700,2025-03-08 20:22:13,20,5,False
a99e3fff-c263-4f9c-90b3-fa20c31aab6e,CUS-01479,26162.76,pos,Rivers,Port-Harcourt,ca1f578fbe8c3972,2025-03-08 20:28:02,20,5,False
2d876058-c782-4426-9a7b-8ef943140bfa,CUS-00293,1614.44,bank_transfer,Rivers,Port-Harcourt,3d5162763556b232,2025-03-08 20:45:30,20,5,False
0477af9e-ce8e-4567-b201-54148d0334c2,CUS-01800,11988.23,bank_transfer,Rivers,Oyigbo,495085d7be707495,2025-03-08 21:00:00,21,5,True
139e21dc-d8c5-4693-989e-8bd9d01c712f,CUS-01800,16980.79,pos,Kano,Tarauni,495085d7be707495,2025-03-08 21:06:00,21,5,True
41f55ad0-1944-4eb4-b305-c9e2130470c6,CUS-00190,81193.06,mobile_money,Lagos,Alimosho,2929f682d21c8189,2025-03-08 21:17:09,21,5,False
ece55fbe-9404-4a41-b878-4c67568762b8,CUS-00986,3359.7,pos,Anambra,Awka South,b35f0ea93c48677d,2025-03-08 21:20:06,21,5,False
b070f70a-3f49-4cd6-9e29-fd06084b097e,CUS-01389,738873.66,mobile_money,Abuja FCT,Bwari,8ad5ba7b72d97c12,2025-03-08 21:26:27,21,5,False
8e0868c1-1a95-4957-8354-a2c88c4288c5,CUS-01449,756545.43,bank_transfer,Anambra,Awka South,1136ae79af32c0d4,2025-03-08 22:07:00,22,5,True
3855f3a6-e3d6-45c3-b248-1223e0c02eb8,CUS-01572,223.11,mobile_money,Osun,Osun-Central,3344b7d8ce1fd7e7,2025-03-08 22:07:08,22,5,False
3741d356-7485-46ae-8a70-dce31f9c7fc1,CUS-01220,3008.11,bank_transfer,Katsina,Katsina-Central,a6368f9dab3152f7,2025-03-08 22:46:17,22,5,False
286f13c3-c0c7-41de-859a-6ae9bc59c046,CUS-01334,2734.63,ussd,Ebonyi,Ebonyi-Central,e0982791e49f6f96,2025-03-08 23:44:13,23,5,False
3abf8c77-03d9-4c0a-a999-64b8845ba814,CUS-01802,97799.39,bank_transfer,Kano,Tarauni,709f46eaff6a88ca,2025-03-09 00:29:14,0,6,False
5df9060c-e980-42cf-91e9-b9be9b229dca,CUS-01337,438696.3,bank_transfer,Anambra,Awka South,ea9f50ef925bfd0a,2025-03-09 00:37:00,0,6,True
a7fb22e6-d248-4f8f-bc9f-893268020a7a,CUS-00893,310.89,mobile_money,Rivers,Port-Harcourt,e86cf8938c710ffe,2025-03-09 00:49:16,0,6,False
0198cb16-5bd2-4c5b-bf6c-2b699d0064b9,CUS-01336,52793.31,mobile_money,Lagos,Mushin,c6ca128a241675c1,2025-03-09 01:26:30,1,6,False
d2852cab-a259-4d87-8319-e5bb6ddbb66b,CUS-01168,4175.09,mobile_money,Lagos,Mushin,b9e8174213c89292,2025-03-09 02:43:20,2,6,False
e1b03644-3cfc-4dc3-aa2d-93d09291b584,CUS-00470,77974.49,pos,Lagos,Alimosho,b0cb7539e22a7ed7,2025-03-09 03:22:14,3,6,False
929b5ba8-09a9-41de-89c6-74d0e9fd8bc6,CUS-01509,609330.88,bank_transfer,Kwara,Kwara-Central,5158872a81a9343c,2025-03-09 03:46:00,3,6,True
17508c42-bec7-4d03-82ba-0601bd4ca4d1,CUS-00896,366.98,mobile_money,Kano,Dala,05624b725ce601e5,2025-03-09 04:05:00,4,6,True
6368b2b5-0f41-4e1a-9dbd-72afd33c2330,CUS-00896,373.83,pos,Kano,Nassarawa,05624b725ce601e5,2025-03-09 04:05:00,4,6,True
9e7c29af-e129-45ac-95a0-7676f352c306,CUS-00805,319.51,pos,Osun,Osun-Central,1bd77958d113fdcf,2025-03-09 04:22:00,4,6,True
7186a996-0b43-4fb7-a9bb-be65791e8f1c,CUS-00896,107.71,pos,Kano,Kumbotso,05624b725ce601e5,2025-03-09 04:22:00,4,6,True
7f5c2641-2567-49fc-9307-cd48e8d0f5c8,CUS-00805,179.91,mobile_money,Osun,Osun-Central,1bd77958d113fdcf,2025-03-09 04:28:00,4,6,True
94b725d2-bb8f-4ea4-a2c0-5420d97ef520,CUS-00805,130.82,ussd,Osun,Osun-Central,1bd77958d113fdcf,2025-03-09 04:33:00,4,6,True
d16149e0-d4fd-4396-bacc-6815ed5b52be,CUS-00896,425.5,mobile_money,Kano,Kumbotso,05624b725ce601e5,2025-03-09 04:33:00,4,6,True
185f1940-c45f-4108-9815-418320a487e1,CUS-00805,138.77,mobile_money,Osun,Osun-Central,1bd77958d113fdcf,2025-03-09 04:34:00,4,6,True
10668dbc-2026-40e6-ba0d-7e25386a3b1d,CUS-00896,462.16,ussd,Kano,Nassarawa,05624b725ce601e5,2025-03-09 04:34:00,4,6,True
e5166933-2800-4b8b-b0a3-c4bede791483,CUS-00939,540606.73,pos,Oyo,Ibadan North,ea080fb45b3fdb88,2025-03-09 04:38:57,4,6,False
ad064302-78b1-4fab-8dcc-598c865b09fe,CUS-00896,345.25,ussd,Kano,Nassarawa,05624b725ce601e5,2025-03-09 04:39:00,4,6,True
ae1ac441-1e6a-4169-b2a6-a765324c9a09,CUS-00805,97.24,ussd,Osun,Osun-Central,1bd77958d113fdcf,2025-03-09 04:45:00,4,6,True
212ba397-ec56-496f-9ba4-0465bad7b824,CUS-00805,306.2,ussd,Osun,Osun-Central,1bd77958d113fdcf,2025-03-09 04:48:00,4,6,True
738cd673-b734-4057-ad20-0dca5986ed3e,CUS-00896,382.18,pos,Kano,Dala,05624b725ce601e5,2025-03-09 04:54:00,4,6,True
71144283-79d2-4cf4-91f5-ad45e38253eb,CUS-00632,54672.11,pos,Abuja FCT,Gwagwalada,76bdcde9144067f5,2025-03-09 06:19:36,6,6,False
7f0e6de7-495b-49b8-b10e-9bb7e09c9909,CUS-00473,156.31,bank_transfer,Niger,Niger-Central,941680179217c16f,2025-03-09 07:50:00,7,6,True
a4f129a2-a3b5-4a5d-b2a1-9ad95d57fe50,CUS-01297,790415.09,bank_transfer,Lagos,Kosofe,321568580cd1b7bd,2025-03-09 08:17:00,8,6,True
a89f90c6-098f-47c6-aa85-d142e7d32239,CUS-00957,433.3,ussd,Lagos,Ikeja,bf9f18f4fe279e1c,2025-03-09 08:46:53,8,6,False
76fef1be-402a-4f20-a2fc-93250f4145e5,CUS-01036,329.39,bank_transfer,Kano,Fagge,2600188299f78a75,2025-03-09 08:57:27,8,6,False
75be50e9-5832-4061-b946-1a6176b9e854,CUS-00572,452.88,pos,Rivers,Eleme,45fc6ca0a6b2f981,2025-03-09 09:12:42,9,6,False
6ae917dc-df07-48ee-84ce-5c3c77aca9a9,CUS-00623,47467.62,ussd,Abuja FCT,Kuje,49247348eeec8a45,2025-03-09 09:22:05,9,6,False
1247409b-cbab-45d2-969c-daf10394002c,CUS-00647,2510.52,bank_transfer,Anambra,Nnewi North,0bdd31c20a61a0b5,2025-03-09 09:27:50,9,6,False
33036b02-e393-4744-b0be-c1f1327c3621,CUS-00511,92834.17,pos,Rivers,Obio-Akpor,c0a0002344d6bd5b,2025-03-09 09:30:37,9,6,False
2abab30d-39ec-4972-ae69-3bcf83d98e94,CUS-01770,41684.81,bank_transfer,Abuja FCT,Bwari,c27f86555385f66b,2025-03-09 09:50:56,9,6,False
3da59900-9066-4765-8b5c-196b2ddf196d,CUS-00264,660.53,bank_transfer,Kebbi,Kebbi-Central,e6fc28195d9c3e83,2025-03-09 09:51:33,9,6,False
a414a3b1-9b7f-42e1-b58b-08ddc3fd1104,CUS-00325,371.55,card,Osun,Osun-Central,8c6d91935dee1218,2025-03-09 09:56:36,9,6,False
54bd8df5-0949-45dd-9381-6f128451c52a,CUS-00135,327.67,ussd,Kano,Nassarawa,a4f9096364b81dc6,2025-03-09 10:08:45,10,6,False
83dc7791-2180-4bd5-b4b3-78ef8a3817b0,CUS-00355,171948.44,pos,Delta,Uvwie,4b081c3f4ead9d21,2025-03-09 10:11:08,10,6,False
cf7ede97-22fd-47a5-8e94-fe9e6abf8f28,CUS-00374,198.25,mobile_money,Lagos,Alimosho,398280c5aebe72e8,2025-03-09 10:14:33,10,6,False
2f1584dc-f880-47b5-98bf-c2b756510c03,CUS-01252,2748.73,pos,Lagos,Ikeja,3b4cd92b99bb727d,2025-03-09 10:15:40,10,6,False
93c0b79b-4cdc-4e76-816f-22c9f942080d,CUS-01503,2483.96,pos,Kano,Kumbotso,f209ce9a3a87000b,2025-03-09 10:20:47,10,6,False
acebb104-3625-42a2-a251-ef42536f73da,CUS-00473,90125.19,pos,Niger,Niger-Central,941680179217c16f,2025-03-09 10:30:00,10,6,True
e60a93b7-a647-42d4-84af-4f63018b98df,CUS-00363,137.89,pos,Oyo,Ogbomoso,89065733662aeed2,2025-03-09 10:30:23,10,6,False
8ef5ba98-6a9a-438f-b7d6-efa2c90b5c17,CUS-01323,131.58,bank_transfer,Lagos,Surulere,ab9cd435daa247d3,2025-03-09 10:31:01,10,6,False
ce13a66a-96d2-4bdb-a68a-084e35bee176,CUS-01619,4868.33,mobile_money,Ondo,Ondo-Central,12bbf648320e11ce,2025-03-09 10:31:32,10,6,False
34aa0b96-dbe6-4901-961e-d5c38a766d06,CUS-01868,169.19,bank_transfer,Lagos,Agege,a7cd11e4e6a10447,2025-03-09 10:47:01,10,6,False
ec1edc2a-1281-4d59-83d7-d65c48b08705,CUS-00891,12666.97,pos,Sokoto,Sokoto-Central,50eb9194ca6b0f1e,2025-03-09 10:47:45,10,6,False
d2be9bc4-1363-4efa-89ce-aa3b1ecd4d42,CUS-00473,2851.16,mobile_money,Niger,Niger-Central,941680179217c16f,2025-03-09 10:57:00,10,6,True
adb5b135-0002-4659-a1ae-8f81a1ed5e3f,CUS-01942,62743.26,pos,Abia,Abia-Central,6b9c7c279a6f20f1,2025-03-09 11:10:39,11,6,False
2111ee99-d995-4953-8aed-1d80b02ef13c,CUS-00246,232.91,pos,Rivers,Eleme,ff8ab03394d64642,2025-03-09 11:15:16,11,6,False
ed069536-1183-4ca7-85a2-9e3058e40f4d,CUS-00664,243.37,bank_transfer,Lagos,Mushin,a0143ffa4ba86491,2025-03-09 11:22:06,11,6,False
ffc91668-0163-45c3-a0de-2f15f124b069,CUS-00899,210.27,pos,Lagos,Alimosho,6f982fdfe8b9f332,2025-03-09 11:28:15,11,6,False
aa58b0f7-57a6-4b43-af80-91a89ace2a0f,CUS-00473,2538.5,pos,Niger,Niger-Central,941680179217c16f,2025-03-09 11:32:00,11,6,True
7c9b830b-bf8e-43dd-a180-606551c2db19,CUS-00924,4010.38,pos,Rivers,Port-Harcourt,d494faa3deaae833,2025-03-09 11:46:01,11,6,False
77c69191-e37a-4e2d-bc03-b4a455e6745e,CUS-01988,70862.03,pos,Rivers,Port-Harcourt,888331b4af3c2f9e,2025-03-09 12:00:59,12,6,False
effcd689-55c2-4146-a838-52d9be970558,CUS-00081,47834.19,pos,Enugu,Enugu North,aa0d9f651510b9f0,2025-03-09 12:07:53,12,6,False
032f05ee-53f8-4e9c-a0cf-98cb77777097,CUS-00584,521100.13,bank_transfer,Enugu,Nsukka,ab23b4d2a487e0d3,2025-03-09 12:20:27,12,6,False
f6c24fd1-62b1-4c4b-a478-510bb27707a0,CUS-00473,1618.1,bank_transfer,Niger,Niger-Central,941680179217c16f,2025-03-09 12:23:00,12,6,True
575bb26b-976d-456f-ab53-7a345c8394ea,CUS-01523,76.87,pos,Lagos,Agege,b4e06f3228683e87,2025-03-09 12:23:05,12,6,False
cc06b924-d7b8-485f-a369-918553738f45,CUS-00315,982226.49,pos,Edo,Oredo,57b000e17e353fcd,2025-03-09 12:25:28,12,6,False
14534bdc-004d-4777-8996-5737398b09fa,CUS-00040,4154.99,ussd,Lagos,Ikeja,e73bde132eb863ee,2025-03-09 12:27:54,12,6,False
a2f9bc27-2340-4c0f-a674-6aec5bfc5273,CUS-01703,379.72,mobile_money,Abuja FCT,Bwari,49984962f39ec994,2025-03-09 12:50:40,12,6,False
09fd1ba7-1c85-47af-ac06-3632e9e1fc7c,CUS-00303,81343.89,mobile_money,Enugu,Enugu North,879978b488f0588c,2025-03-09 12:54:21,12,6,False
0bbf7bbd-92f4-4161-bd73-7c2d8ffb3301,CUS-00015,445.31,bank_transfer,Lagos,Kosofe,18c3701a26db3a75,2025-03-09 13:00:26,13,6,False
498d7db6-9e50-4c15-8394-ec29f5869a20,CUS-01986,58367.02,pos,Ondo,Ondo-Central,179c3d78f887cc5d,2025-03-09 13:16:14,13,6,False
0519b86c-d8c1-417e-88b9-15a3b5548538,CUS-01129,4142.27,mobile_money,Kano,Gwale,3cb9a5c73af5a620,2025-03-09 13:22:04,13,6,False
77fc153d-048f-414b-b9ff-3091883cf66e,CUS-01260,2070.92,bank_transfer,Kano,Tarauni,bf2d4785cb46fa2b,2025-03-09 13:23:42,13,6,False
03960c89-6d18-4863-b786-4934adf5f9b4,CUS-00861,3028.33,bank_transfer,Abuja FCT,Gwagwalada,88c623371bdc41ff,2025-03-09 13:32:11,13,6,False
119436c3-971e-4c06-bc4d-cc3a490c4761,CUS-01025,1451.57,pos,Abuja FCT,Bwari,684ecec19204396e,2025-03-09 13:55:15,13,6,False
1f92d3d7-6f1a-45aa-a396-2d0baf34b6b5,CUS-01742,44093.21,bank_transfer,Kwara,Kwara-Central,d2a3e6ca8f72aef1,2025-03-09 13:59:41,13,6,False
221e8a42-7156-4702-a995-813c4d7e406f,CUS-01326,475141.02,mobile_money,Lagos,Oshodi-Isolo,d91f349461d4c224,2025-03-09 14:03:03,14,6,False
bd9c22a0-6846-4af3-85ac-abd533cce24b,CUS-01994,1306.97,bank_transfer,Osun,Osun-Central,24889af499de1e57,2025-03-09 14:10:20,14,6,False
c0c2b9d1-30d4-4ae5-b3ff-ac6c2d10f8a4,CUS-01949,237.33,pos,Rivers,Obio-Akpor,768770528d41dc82,2025-03-09 14:13:03,14,6,False
dcde7922-7586-48e6-8941-3a9a27e434b1,CUS-00249,4891.56,pos,Sokoto,Sokoto-Central,582309303bc8cadb,2025-03-09 14:20:10,14,6,False
efad6a92-a1e2-4606-8203-184bd58901df,CUS-00168,465.2,mobile_money,Lagos,Alimosho,ffd3c25c7bec8d15,2025-03-09 14:21:25,14,6,False
ab02023e-25b6-4a89-a9d0-a30ee82d9cc5,CUS-00424,11968.19,pos,Lagos,Lagos Mainland,91994fb841d39732,2025-03-09 14:30:33,14,6,False
0bcfe1f0-62ae-47b4-a82a-b33a7ace0299,CUS-00925,84.32,ussd,Lagos,Agege,2cefba7709b5a566,2025-03-09 14:35:57,14,6,False
9c7d0c52-26e5-408d-a6d0-a09ae42850e0,CUS-01363,31155.22,pos,Enugu,Enugu East,6e6997728cb47e26,2025-03-09 14:48:00,14,6,False
56816cc6-2640-4d5e-bb2c-5a3950c291a8,CUS-01845,461.7,pos,Lagos,Agege,c2c002b16c321510,2025-03-09 14:55:39,14,6,False
7b57b5d7-d5c4-4add-a56d-f6c31a0019eb,CUS-00945,56794.07,pos,Lagos,Agege,db2cd3afbd5edf20,2025-03-09 15:09:10,15,6,False
e87a0e15-8171-49b4-9c84-9422ad06c121,CUS-01225,39495.93,ussd,Enugu,Nsukka,a1e9aec4d038252e,2025-03-09 15:11:23,15,6,False
0495cbe7-1574-412a-a1ba-7ee16bb7f58a,CUS-00540,2058.6,mobile_money,Katsina,Katsina-Central,eff3c0ac9d23a694,2025-03-09 15:24:04,15,6,False
177a3192-9cb4-481a-80e6-ae3f303a4d14,CUS-00473,73113.69,pos,Niger,Niger-Central,941680179217c16f,2025-03-09 15:34:00,15,6,True
4169e3d9-5e85-4aa4-b5ba-9d4f29daea6a,CUS-01835,80802.61,pos,Delta,Warri South,6efe17208d27ab98,2025-03-09 15:40:35,15,6,False
aecd9849-fb4d-4701-b5c2-049db731adec,CUS-01195,406.93,bank_transfer,Zamfara,Zamfara-Central,6491ebee069e0ad3,2025-03-09 15:43:44,15,6,False
a3efb398-63bd-48e6-a794-2c6d7440ecea,CUS-01348,94.11,mobile_money,Ogun,Ogun-Central,31e67fdd4542a2a3,2025-03-09 15:45:48,15,6,False
27d6255a-2793-472d-b660-ebcba2a33f95,CUS-00203,4263.6,pos,Nassarawa,Nassarawa-Central,28e1a249d12d9596,2025-03-09 15:52:15,15,6,False
6dc01eb5-9f52-40a9-bfb0-2873fbd7fc43,CUS-01725,22666.51,ussd,Lagos,Eti-Osa,4229e96a8075ad7f,2025-03-09 16:01:42,16,6,False
faa3b8d2-cfc8-475e-92d2-6e0d032c0d50,CUS-00161,3048.1,bank_transfer,Enugu,Enugu North,60cf3886193024a7,2025-03-09 16:01:49,16,6,False
6e7b1726-f48c-44b2-a786-720541df08f2,CUS-01063,115.3,bank_transfer,Rivers,Obio-Akpor,9e1a89fd42d907c4,2025-03-09 16:02:43,16,6,False
e15d5fa0-e03e-4187-9e46-370864a640d6,CUS-01508,382.53,mobile_money,Kaduna,Kaduna North,c90ecdd6d89b7004,2025-03-09 16:07:43,16,6,False
f419b2e5-4b34-4eca-8467-90b5c785b41d,CUS-01830,3790.8,pos,Ekiti,Ekiti-Central,0d66db8252412143,2025-03-09 16:08:39,16,6,False
45756e7e-ac0c-43a6-9f3f-d193f7321a9d,CUS-00473,25262.27,bank_transfer,Niger,Niger-Central,941680179217c16f,2025-03-09 16:14:00,16,6,True
0e36b159-ed8e-49b9-92bb-1d8e59f030f0,CUS-00708,8710.26,pos,Lagos,Oshodi-Isolo,c1b6b46709d0c4f0,2025-03-09 16:14:27,16,6,False
7a47015d-a738-4686-acbe-9ce3e12f602e,CUS-00119,3510.51,bank_transfer,Oyo,Oyo East,efdccd91aaddc5d4,2025-03-09 16:14:30,16,6,False
c51fbad5-0fbf-4bcc-a0b0-70c03d567c9e,CUS-00473,97049.72,pos,Niger,Niger-Central,941680179217c16f,2025-03-09 16:20:00,16,6,True
110428d3-776e-4647-b89d-37bc164dd8ff,CUS-00507,182.61,bank_transfer,Plateau,Plateau-Central,f0f00c7123d03468,2025-03-09 16:24:35,16,6,False
e8ccdf99-9f24-48b4-8d79-c5086107fb3a,CUS-01996,22162.22,pos,Cross River,Cross River-Central,1c2e0e7a6f265ff1,2025-03-09 16:44:09,16,6,False
77f986b0-20d7-4395-bf36-979254c02fbb,CUS-00078,2667.8,pos,Kano,Tarauni,e87b8337b2108fa0,2025-03-09 16:58:22,16,6,False
8eda6e25-4380-4b54-a431-6021f304b935,CUS-01609,51903.22,bank_transfer,Oyo,Ibadan North,06948fe1f1b46a75,2025-03-09 17:00:15,17,6,False
a08abf3a-2156-4b7e-a4cd-c35a8a6f73cc,CUS-00473,2955.63,card,Niger,Niger-Central,941680179217c16f,2025-03-09 17:06:00,17,6,True
43dc37c8-a319-461d-bc18-704240462658,CUS-00769,30587.77,mobile_money,Plateau,Plateau-Central,2bf4c4b79c399a09,2025-03-09 17:09:50,17,6,False
9f34689b-8d94-4797-951f-26f9c9b348af,CUS-00113,73132.51,ussd,Benue,Benue-Central,7424f512c08e218e,2025-03-09 17:11:32,17,6,False
1bf3efa4-9b33-4e9f-b3f2-f01e8379fb9c,CUS-00316,465530.06,pos,Rivers,Obio-Akpor,f45621f2c00f78c7,2025-03-09 17:57:53,17,6,False
34ad4f8a-ece0-4b06-8be7-8ffe34e7cc81,CUS-00218,2956.94,mobile_money,Kano,Kumbotso,24abeb697c977db0,2025-03-09 18:00:00,18,6,True
ba034b90-d7a6-48b2-88dc-2a2265051ced,CUS-01737,59713.35,mobile_money,Lagos,Oshodi-Isolo,d65c63cbb8989857,2025-03-09 18:13:36,18,6,False
21b59585-89df-43df-86e1-c60d551e1890,CUS-00555,242.57,pos,Rivers,Eleme,2bb9648d451718fc,2025-03-09 18:13:40,18,6,False
03042bc2-1587-4a71-973a-41cdb76e8ccc,CUS-00751,91310.11,mobile_money,Gombe,Gombe-Central,e8ab3e2376d24773,2025-03-09 18:13:52,18,6,False
9e25383c-4452-48ef-a5cc-932f6b7b65b5,CUS-00218,2947.45,ussd,Delta,Uvwie,24abeb697c977db0,2025-03-09 18:15:00,18,6,True
2f1bac2b-78ef-446d-87a1-a937a153b47b,CUS-01924,57466.13,card,Imo,Imo-Central,a05be818d25c27b2,2025-03-09 18:19:12,18,6,False
504e44e1-7816-4c32-8521-df2cf4280990,CUS-01939,2684.96,pos,Lagos,Ikorodu,8768ba6957f10aa1,2025-03-09 18:21:29,18,6,False
297b327f-70af-4266-88c4-16f47c2fb461,CUS-00473,4617.67,bank_transfer,Niger,Niger-Central,941680179217c16f,2025-03-09 18:26:00,18,6,True
b5558ace-0012-4a19-b193-1c21df141b56,CUS-00473,473.21,bank_transfer,Niger,Niger-Central,941680179217c16f,2025-03-09 18:40:00,18,6,True
64fbfabc-0c8c-424a-8359-e10ba1721823,CUS-00377,18140.29,mobile_money,Lagos,Surulere,404fae11bb5912f0,2025-03-09 19:00:00,19,6,True
1104b56b-6c67-4b3d-9f5f-337b8444672e,CUS-00473,84096.04,bank_transfer,Niger,Niger-Central,941680179217c16f,2025-03-09 19:00:00,19,6,True
1b21ab2d-0ec1-4bd4-b422-1d9c5bfd7ee2,CUS-00626,4398.21,pos,Abuja FCT,Bwari,41a9e832167f09e4,2025-03-09 19:02:40,19,6,False
51657c78-6749-497e-8e08-41a2513092b7,CUS-01471,19097.34,pos,Osun,Osun-Central,9d63300a6714af82,2025-03-09 19:07:01,19,6,False
018f2ada-e88e-4864-80bf-79f465f6d23a,CUS-00377,3895.18,mobile_money,Borno,Borno-Central,404fae11bb5912f0,2025-03-09 19:21:00,19,6,True
80a3a04b-ee21-4797-b6aa-5c2cec3013b2,CUS-01903,295.3,pos,Lagos,Mushin,c66db09d52261777,2025-03-09 19:21:00,19,6,False
2ad53733-c8be-4b09-a6f6-29829d4064e1,CUS-01469,137.98,pos,Abia,Abia-Central,b7d959007e88c959,2025-03-09 19:25:59,19,6,False
ed65acd0-7f28-4731-ba1c-fcab9a3ab726,CUS-00015,4981.68,bank_transfer,Lagos,Ikorodu,18c3701a26db3a75,2025-03-09 19:33:08,19,6,False
35133faf-cd9f-4dbf-a9f5-4a980a5c2b7b,CUS-00411,94395.88,pos,Katsina,Katsina-Central,a3aa5c70552aaa99,2025-03-09 19:37:58,19,6,False
fef16afc-f6f1-4ef8-a232-b4a548c62136,CUS-01254,4853.29,pos,Anambra,Onitsha North,e253a6ae5eaa7b46,2025-03-09 19:39:07,19,6,False
efc407f2-6a05-4ffd-95df-abddcd084793,CUS-00998,1106.54,pos,Katsina,Katsina-Central,8c015b135d544e72,2025-03-09 19:41:46,19,6,False
08b30537-51a8-4c2b-a563-e88823176971,CUS-00263,495.65,pos,Abuja FCT,Municipal,265b06bdfd90b3d9,2025-03-09 19:58:52,19,6,False
e5a1cd13-f22c-4f93-9b27-5e6950b30eaa,CUS-01157,57627.35,pos,Kebbi,Kebbi-Central,ae8078b42967eb6d,2025-03-09 20:14:25,20,6,False
3e514b84-faf4-4c9c-83c0-bc9f9c4dc2ff,CUS-00383,176389.07,bank_transfer,Kebbi,Kebbi-Central,c919c6af242bd317,2025-03-09 20:19:53,20,6,False
f331f6d8-409d-4040-940d-904265916d47,CUS-01431,3661.53,card,Abuja FCT,Municipal,495d3248fee65305,2025-03-09 20:20:39,20,6,False
327dfdc2-fa60-4433-92df-5dea7bd3292e,CUS-00600,473.64,bank_transfer,Lagos,Ikeja,ca8783ddf7b9c102,2025-03-09 20:21:07,20,6,False
0acd3d65-d96c-44e4-b95a-a537967ff113,CUS-00408,104981.11,pos,Kogi,Kogi-Central,113ca9141230a8f2,2025-03-09 20:28:17,20,6,False
28f6c8da-51c2-4ae1-9804-69067692267a,CUS-00436,62668.19,pos,Lagos,Lagos Mainland,68fb798e5b124399,2025-03-09 20:31:45,20,6,False
6846e345-b8ad-46ee-9b5e-a121aa51d37d,CUS-01591,66765.19,pos,Ogun,Ogun-Central,05a03d83a10ae565,2025-03-09 20:41:34,20,6,False
b1f7d0ec-9a7b-441d-82ca-918fda288adf,CUS-00390,95309.52,mobile_money,Ogun,Ogun-Central,f236feca84413f89,2025-03-09 20:44:07,20,6,False
2f1cb0ea-8009-4f45-880a-6dc582f0835c,CUS-00345,3873.96,mobile_money,Kaduna,Kaduna South,808e7a5c5a97600f,2025-03-09 20:53:36,20,6,False
44dcf9a7-e2d1-4b18-b976-07bf43e40e65,CUS-01177,13238.66,ussd,Lagos,Mushin,3f6ef33bcad3ac22,2025-03-09 21:08:41,21,6,False
68e61cd4-034b-424f-be7d-02894ef3eb34,CUS-01254,4896.67,pos,Anambra,Awka South,e253a6ae5eaa7b46,2025-03-09 21:13:48,21,6,False
abd9a3c7-2e86-4690-a64a-745bdfe29120,CUS-01842,9944.35,bank_transfer,Rivers,Obio-Akpor,c34f3404d55f887a,2025-03-09 21:15:51,21,6,False
6b6cdf7e-05ac-4dbd-843e-a6bc84678312,CUS-00473,11369.39,card,Niger,Niger-Central,941680179217c16f,2025-03-09 21:21:00,21,6,True
9c2daada-02a9-4e83-a861-e8ef78096b82,CUS-00536,158.37,mobile_money,Borno,Borno-Central,f1abe6723efdbbfe,2025-03-09 21:34:20,21,6,False
2798ec6e-f924-4ba0-8f9d-02706c420b89,CUS-00509,305.15,ussd,Ondo,Ondo-Central,9fd6e0c80e26c585,2025-03-09 21:38:35,21,6,False
16b53fc2-6330-49e7-980a-b6539c498735,CUS-00954,74959.61,ussd,Rivers,Oyigbo,209b114ecb6f0b0f,2025-03-09 21:40:30,21,6,False
67e7673d-4dc8-46cc-a51d-20aba2bc7ffb,CUS-01922,2919.18,mobile_money,Enugu,Nsukka,60e84694f42e0092,2025-03-09 21:41:17,21,6,False
26550fb4-4a7a-4ebb-a978-139dd4392973,CUS-01581,890908.04,mobile_money,Rivers,Oyigbo,5a9b85d7ec8f8562,2025-03-09 21:43:16,21,6,False
b491d230-3bf3-4666-beee-790bfc406df6,CUS-01233,4604.14,pos,Lagos,Mushin,bb21b8ff72b45704,2025-03-09 21:44:34,21,6,False
602befe3-5a96-4657-8bc8-e4f71df2282e,CUS-00523,161.27,pos,Borno,Borno-Central,433b01211956f054,2025-03-09 21:49:15,21,6,False
a6faaea8-f1f3-4437-a6e6-54be0cd84de6,CUS-00838,2025.14,mobile_money,Oyo,Ibadan North,478f6f1657b2a00c,2025-03-09 21:51:47,21,6,False
a97e66bd-ed51-4334-bff4-1b1e671c7b82,CUS-01979,41291.83,bank_transfer,Borno,Borno-Central,9d5dd236bdaf1bc7,2025-03-09 21:53:39,21,6,False
afb62c56-a05b-43b5-85f1-d5eadbbec0fb,CUS-00178,55397.43,mobile_money,Gombe,Gombe-Central,ae961792de3c8d29,2025-03-09 23:35:47,23,6,False
6270bf4e-3544-4611-9da2-066b8e82671f,CUS-00339,21223.36,bank_transfer,Lagos,Mushin,293ef86bb3ea45e4,2025-03-10 01:29:07,1,0,False
e04c3b72-402d-4a11-8e38-f78a52a10e28,CUS-00037,1352.22,pos,Lagos,Lagos Mainland,72ae7fb6dfe605ed,2025-03-10 02:40:31,2,0,False
7cea8212-a7ce-4cae-8294-58f3a6b9dd5a,CUS-00224,435182.82,bank_transfer,Kano,Tarauni,4dcb9c5799d8cfbf,2025-03-10 02:47:00,2,0,True
edac15a7-ab19-4ce9-971c-a7dbdec9a129,CUS-00264,283405.37,bank_transfer,Kebbi,Kebbi-Central,e6fc28195d9c3e83,2025-03-10 04:19:00,4,0,True
6a9c3d50-a7a0-4fca-bd4e-99c1b14d95f6,CUS-00656,2028.98,mobile_money,Kano,Gwale,52c7f8207abbb9c3,2025-03-10 04:42:25,4,0,False
6915fb2f-e215-4015-9002-997116889103,CUS-01071,858217.7,bank_transfer,Lagos,Oshodi-Isolo,2c2aba826c5a47ac,2025-03-10 05:24:00,5,0,False
178fc48a-7d96-46f1-a169-509ded418430,CUS-01247,209149.15,bank_transfer,Lagos,Ikeja,18e92e4979a08146,2025-03-10 05:39:18,5,0,False
19d26d93-2763-4fef-8b45-be47839d48c0,CUS-00455,3364.45,pos,Abuja FCT,Bwari,b4c3c4f1112b5142,2025-03-10 06:07:58,6,0,False
850e6fd5-f3ea-4e90-a7d8-4cc8bd97f17e,CUS-01198,1848.65,pos,Osun,Osun-Central,01873dcabd0cc646,2025-03-10 06:15:00,6,0,True
4b21b0d6-5e68-43fa-8c1e-07edd0f36363,CUS-00649,4130.94,bank_transfer,Abuja FCT,Gwagwalada,3f03ff507eba6113,2025-03-10 06:19:38,6,0,False
87320d05-9f96-4be1-90a2-9e7952171971,CUS-01644,44985.17,mobile_money,Lagos,Agege,4eb0e2d037f0c5a2,2025-03-10 06:23:21,6,0,False
32036a01-1665-4594-88b3-721f152a4a75,CUS-00247,9390.06,mobile_money,Akwa Ibom,Akwa Ibom-Central,24e158ba75483b7c,2025-03-10 07:02:30,7,0,False
56373f51-2eb3-4d0d-8696-aac10aafba40,CUS-01541,66317.01,mobile_money,Lagos,Lagos Mainland,1891cd5abfb020bb,2025-03-10 07:08:26,7,0,False
3eb59c59-48f2-4303-9e33-5fd61714d1f0,CUS-00285,321.61,pos,Lagos,Lagos Mainland,72450b7e68862ec6,2025-03-10 07:14:51,7,0,False
f19c69ad-4a2d-40be-9412-e27c88618075,CUS-00822,47684.71,pos,Kano,Nassarawa,5f1b5a194feb6b53,2025-03-10 07:40:00,7,0,True
029991c3-6e76-4922-bc3f-f736fc9a32d4,CUS-00822,27569.23,bank_transfer,Kano,Kumbotso,5f1b5a194feb6b53,2025-03-10 08:53:00,8,0,True
be5586a2-dafc-4f07-8c04-b7e7f3b645c4,CUS-00822,4757.65,bank_transfer,Kano,Fagge,5f1b5a194feb6b53,2025-03-10 08:58:00,8,0,True
9f0cb69d-c13d-41dd-a7ca-dcb348254ba2,CUS-00048,521.03,bank_transfer,Oyo,Ibadan South-West,2bed16a79efed2dd,2025-03-10 09:00:09,9,0,False
0b0a4e83-c59d-4ab2-9ff2-34fba47786c7,CUS-01076,335.68,mobile_money,Rivers,Eleme,8fb4ce490c245fca,2025-03-10 09:15:00,9,0,True
a9756543-f5d8-4385-883f-25cfe81dd6e0,CUS-00511,4780.69,pos,Rivers,Oyigbo,c0a0002344d6bd5b,2025-03-10 09:15:35,9,0,False
5eada798-00cb-4def-a7ad-f52866d4e1f1,CUS-01076,332.69,ussd,Rivers,Oyigbo,8fb4ce490c245fca,2025-03-10 09:22:00,9,0,True
2a6f3d5e-216b-4dc4-b439-3c9fc1dd8528,CUS-01076,440.24,ussd,Rivers,Obio-Akpor,8fb4ce490c245fca,2025-03-10 09:22:00,9,0,True
21b3074f-d2a8-4e2e-a8b0-56113f39f249,CUS-01076,441.6,pos,Rivers,Eleme,8fb4ce490c245fca,2025-03-10 09:23:00,9,0,True
b9912cc8-063c-4760-a5f8-a50c1b53690b,CUS-01579,12361.04,bank_transfer,Oyo,Oyo East,98d39056461813d3,2025-03-10 09:27:56,9,0,False
286e3e2e-c903-4ae0-a6ca-19c975741329,CUS-01803,1032.06,mobile_money,Kano,Fagge,c059c9c5a59923b7,2025-03-10 09:30:43,9,0,False
cf9f29b8-b0ea-4976-a6eb-05d71645bf71,CUS-01076,143.65,pos,Rivers,Port-Harcourt,8fb4ce490c245fca,2025-03-10 09:50:00,9,0,True
157b7199-575a-4821-bb3b-2cb6a7d7fc95,CUS-01076,460.7,ussd,Rivers,Obio-Akpor,8fb4ce490c245fca,2025-03-10 09:54:00,9,0,True
66187064-ef76-4ab9-8daf-6b7fe8d7f0f0,CUS-01066,186391.09,pos,Lagos,Eti-Osa,49a6701b8f3838cc,2025-03-10 09:55:42,9,0,False
b5149673-a0d7-4400-84a4-3fc92e8e4b56,CUS-01198,343749.99,mobile_money,Osun,Osun-Central,01873dcabd0cc646,2025-03-10 10:04:00,10,0,True
5c29a837-7744-4ce5-8ebe-a8370c4fd5be,CUS-00224,34965.79,pos,Kano,Kumbotso,4dcb9c5799d8cfbf,2025-03-10 10:05:10,10,0,False
164ec04b-87b4-40ea-8d1f-e67ec73b7135,CUS-01198,4929.23,pos,Osun,Osun-Central,01873dcabd0cc646,2025-03-10 10:07:00,10,0,True
04b73cda-e750-484e-adfa-0cd7b202c801,CUS-00722,504359.47,mobile_money,Lagos,Ikorodu,c446e12fd8320bf5,2025-03-10 10:20:19,10,0,False
99bc7259-92aa-461c-9424-1b82b0fdbd79,CUS-01118,280.79,pos,Kano,Fagge,9906c287df3d4b3d,2025-03-10 10:22:50,10,0,False
aa6deae5-e4b1-4832-b54d-3c80d0a30798,CUS-00845,99948.61,pos,Rivers,Port-Harcourt,a273ddb69945855e,2025-03-10 10:25:30,10,0,False
dfc8cd99-3434-430e-9faa-7afbd72659a2,CUS-00949,1285.57,ussd,Kaduna,Zaria,d6bcd438a77f6c9d,2025-03-10 10:41:45,10,0,False
3b183529-8c14-448b-8ded-c75547f3d98d,CUS-00262,4564.61,ussd,Lagos,Agege,e1ffe6d3e7061f2e,2025-03-10 10:45:16,10,0,False
791ab739-0385-44dd-8216-a94230d0e7ad,CUS-01483,3816.89,pos,Lagos,Surulere,097af9ba3a53d85c,2025-03-10 10:47:16,10,0,False
1b4dad44-a3a4-4b26-92a1-c8d031319deb,CUS-01654,1063.16,pos,Lagos,Alimosho,a694ac735d0af4d4,2025-03-10 10:56:03,10,0,False
27b900f4-c2b9-4c4e-83de-3efddbf220b0,CUS-00433,315.12,mobile_money,Lagos,Kosofe,dc214b9c85be517a,2025-03-10 11:04:00,11,0,True
40ff89c7-a772-4bae-845a-185409372475,CUS-00822,4194.33,ussd,Kano,Nassarawa,5f1b5a194feb6b53,2025-03-10 11:16:00,11,0,True
eb1c532b-8de3-410b-b4a9-95ad9e8179f1,CUS-00433,87.57,mobile_money,Lagos,Kosofe,dc214b9c85be517a,2025-03-10 11:16:00,11,0,True
7b9b2360-6d07-4af1-84a3-a176af9155ee,CUS-00688,251.41,bank_transfer,Kwara,Kwara-Central,06ec4d841c47e02c,2025-03-10 11:18:22,11,0,False
0d745772-d4f9-4951-a61b-ccfd4c5a94b5,CUS-00822,3128.51,bank_transfer,Kano,Dala,5f1b5a194feb6b53,2025-03-10 11:23:00,11,0,True
868d4b05-e489-4541-a05c-8feb57c981ae,CUS-00433,183.04,ussd,Lagos,Ikeja,dc214b9c85be517a,2025-03-10 11:23:00,11,0,True
db0b3caf-3db8-43cf-b01a-86e2a5d4f7e5,CUS-00433,191.82,pos,Lagos,Mushin,dc214b9c85be517a,2025-03-10 11:24:00,11,0,True
c24cfe5c-34a4-41b7-9764-9cd281d66f27,CUS-00210,411.7,mobile_money,Oyo,Ibadan North,e7a908e94677ed3e,2025-03-10 11:25:29,11,0,False
fade78a2-6ef1-4aa5-b902-9c38e5d564d3,CUS-00433,149.72,ussd,Lagos,Oshodi-Isolo,dc214b9c85be517a,2025-03-10 11:32:00,11,0,True
f3e6f321-9afd-48db-b5ed-18f2d8443a95,CUS-00433,401.8,mobile_money,Lagos,Mushin,dc214b9c85be517a,2025-03-10 11:36:00,11,0,True
b2ce54d4-b2cd-4ffd-b00c-55af1743d89a,CUS-00835,59996.57,ussd,Rivers,Port-Harcourt,95de52b480063a6d,2025-03-10 11:36:36,11,0,False
67b3bdf1-8c68-47a6-a666-2f12927e5057,CUS-00433,320.92,ussd,Lagos,Agege,dc214b9c85be517a,2025-03-10 11:51:00,11,0,True
c964be5a-a2b3-479d-8b41-108749f381c2,CUS-00433,343.78,mobile_money,Lagos,Surulere,dc214b9c85be517a,2025-03-10 11:53:00,11,0,True
2ed658ae-763b-4d56-938c-25a19eca0117,CUS-00606,1855.18,pos,Lagos,Ikorodu,60733c43bf9bf339,2025-03-10 11:56:30,11,0,False
c4d322c9-8764-4078-97ff-f4fc07994add,CUS-00694,2156.41,card,Lagos,Agege,b03f929a59bb3f8b,2025-03-10 12:12:31,12,0,False
81ad5f69-99c5-4367-96f8-7e30a0a92535,CUS-01913,2885.88,card,Rivers,Port-Harcourt,bdf92898e045a617,2025-03-10 12:14:54,12,0,False
67cc397e-1078-4506-bafe-5c8fd427d166,CUS-01814,400.12,mobile_money,Lagos,Oshodi-Isolo,46056a504b319207,2025-03-10 12:20:00,12,0,True
8d56284c-d7c9-451e-a4c9-f5b43fd9cfac,CUS-00740,94884.93,pos,Abuja FCT,Bwari,3c0b1d114141c593,2025-03-10 12:20:41,12,0,False
e03c4ea5-f86f-4169-bc17-12f513c3b593,CUS-00757,1818.22,bank_transfer,Oyo,Ogbomoso,8c3b578b37eec62e,2025-03-10 12:21:10,12,0,False
90b45f17-0cb0-494d-9448-d1d5832b7141,CUS-01574,489.86,ussd,Lagos,Oshodi-Isolo,63f248344992f732,2025-03-10 12:23:28,12,0,False
7b36cc8c-cac1-4d82-828e-da9ac75313ee,CUS-01335,25888.88,mobile_money,Delta,Warri South,a0018e030f7510b3,2025-03-10 12:27:56,12,0,False
0a0ef9d6-2a6d-4b8b-bcc7-55eff8eac224,CUS-01198,114.12,mobile_money,Osun,Osun-Central,01873dcabd0cc646,2025-03-10 12:29:00,12,0,True
dac6e728-1ec0-4d20-8ae6-86f1c4a3e7a5,CUS-01814,4454.47,pos,Lagos,Ikorodu,46056a504b319207,2025-03-10 12:30:00,12,0,True
44d4c1d4-49b5-4779-ad5c-a5662ea9c7c2,CUS-01198,2449.59,mobile_money,Osun,Osun-Central,01873dcabd0cc646,2025-03-10 12:37:00,12,0,True
8447cf32-e7f9-4f8d-8644-137b1dd40d9e,CUS-00631,4303.92,mobile_money,Nassarawa,Nassarawa-Central,214f4c3615026b4e,2025-03-10 12:38:21,12,0,False
3caceb24-ed51-4152-a5f3-9c4d8e9088b0,CUS-01891,129.7,bank_transfer,Rivers,Port-Harcourt,3a1ec13f14ce0f06,2025-03-10 12:41:49,12,0,False
d3608d58-504c-4515-bce5-f28e2c601ea4,CUS-00321,3630.36,mobile_money,Ondo,Ondo-Central,8712e0b7021fe925,2025-03-10 12:50:40,12,0,False
9ba87037-fef1-4916-9233-e499a987e0da,CUS-00825,11810.88,mobile_money,Adamawa,Adamawa-Central,3dfac513d348b765,2025-03-10 12:51:25,12,0,False
24f8b84b-0aeb-4a96-a5da-46c033aca19c,CUS-00850,936382.63,pos,Lagos,Oshodi-Isolo,e9094fbd4615343d,2025-03-10 12:52:06,12,0,False
28035ec6-3a4a-410c-9735-4838d496693e,CUS-01470,1608.23,pos,Oyo,Ibadan North,c4455eb10abbc54e,2025-03-10 12:54:57,12,0,False
668fc147-3070-4342-b341-b5c8e8eaf88e,CUS-01562,13028.03,pos,Abia,Abia-Central,30c69cd206591d60,2025-03-10 13:01:42,13,0,False
f7ea1be1-a92d-4539-899f-11d16203214f,CUS-01577,4633.83,bank_transfer,Delta,Warri South,9fb196909d1c3443,2025-03-10 13:04:32,13,0,False
418ee9b3-f949-4183-81c2-ed9618c82736,CUS-00933,3463.61,bank_transfer,Oyo,Oyo East,e024c9658ed25f99,2025-03-10 13:12:43,13,0,False
b43d41bf-4073-47d4-8082-78c93d031f36,CUS-01667,815530.51,bank_transfer,Yobe,Yobe-Central,7e4e3afc85b0c8b0,2025-03-10 13:14:00,13,0,True
e7d24882-bbce-405d-9c65-a5639461b54a,CUS-00822,3758.78,pos,Kano,Kumbotso,5f1b5a194feb6b53,2025-03-10 13:18:00,13,0,True
d9fb4ccc-c834-4ba7-b32b-b27b14c13228,CUS-00269,88161.1,ussd,Kano,Tarauni,e94f5eada21225d1,2025-03-10 13:20:01,13,0,False
d2f905e0-fac9-40a5-b19a-0551af4e4bf3,CUS-01439,918621.5,ussd,Anambra,Awka South,ee6a1de6a1ba11f5,2025-03-10 13:38:16,13,0,False
303fd542-20c5-4063-9ff2-6afd3cbcdeba,CUS-00078,241.83,card,Kano,Fagge,e87b8337b2108fa0,2025-03-10 13:47:47,13,0,False
d07e83c0-c601-46d0-8fe4-67bc69140cf6,CUS-00904,55275.26,bank_transfer,Rivers,Port-Harcourt,d0e1243f2b62d140,2025-03-10 14:00:34,14,0,False
20b1802c-6a2b-4de7-b689-a3d01b400b9b,CUS-01377,97235.95,pos,Abuja FCT,Kuje,0df666d41c1ea0b3,2025-03-10 14:04:58,14,0,False
eacf2594-7a2f-470d-996c-4036ae2122e5,CUS-00193,4035.26,bank_transfer,Enugu,Enugu North,d152fd56ffcd3512,2025-03-10 14:05:07,14,0,False
c19f48fc-65e6-4c19-9d95-9b0b61c497ff,CUS-01458,756.38,bank_transfer,Lagos,Oshodi-Isolo,c18dc73f7df72ee5,2025-03-10 14:12:38,14,0,False
de9b0122-4e1b-474b-9355-67e5eef21199,CUS-00906,963688.78,pos,Plateau,Plateau-Central,98117148c7a5e4fa,2025-03-10 14:22:45,14,0,False
70270a8d-063e-4f07-b009-9d9afa9f942f,CUS-01198,1362.67,bank_transfer,Osun,Osun-Central,01873dcabd0cc646,2025-03-10 14:24:00,14,0,True
144ea63f-a14e-4016-85cf-c268bcee85fb,CUS-00868,1951.6,pos,Sokoto,Sokoto-Central,6367985943441b19,2025-03-10 14:24:12,14,0,False
fdebbd64-9ca1-4825-9a87-c61d654bc153,CUS-01228,93769.92,pos,Ekiti,Ekiti-Central,79b3d8855aaa997b,2025-03-10 14:32:07,14,0,False
55579e4b-7905-4a0d-a303-10747625e4f8,CUS-00766,10020.96,bank_transfer,Kwara,Kwara-Central,6ff0ddcda0bc1969,2025-03-10 14:33:04,14,0,False
bb16ee3c-48ec-4cf2-be33-945d3d338a39,CUS-00204,1639.55,mobile_money,Kaduna,Kaduna South,dacf1ca0cd2282a4,2025-03-10 14:40:30,14,0,False
26cee00c-9403-43dc-9bbf-96aff6c26fea,CUS-01455,418829.34,bank_transfer,Yobe,Yobe-Central,6d93573997f3a028,2025-03-10 14:46:00,14,0,True
3b67617f-3d5e-40fe-95ca-82e4a635e19a,CUS-01006,88957.74,ussd,Anambra,Nnewi North,91de6e8e293c33a0,2025-03-10 14:49:49,14,0,False
d33ab9fe-79a4-4983-9237-f76dfd2301a7,CUS-00549,50603.42,pos,Abia,Abia-Central,1fd68e751cdf9d32,2025-03-10 14:50:56,14,0,False
615be63b-bf60-472f-9ef4-c446002b7652,CUS-01470,3074.43,pos,Oyo,Oyo East,c4455eb10abbc54e,2025-03-10 14:56:33,14,0,False
69cc607e-c068-4fe3-9e69-3fec710ef134,CUS-01790,4424.02,bank_transfer,Lagos,Alimosho,451e302ca37d6129,2025-03-10 14:58:53,14,0,False
00f6d467-ab1f-4f99-bf9b-c5b91172c6f6,CUS-00438,78955.3,bank_transfer,Edo,Ikpoba-Okha,13939ba62a5e19d3,2025-03-10 14:58:57,14,0,False
40a56fe2-14c0-49dc-a4d5-65e7c1d48513,CUS-00096,471.54,bank_transfer,Abuja FCT,Municipal,24a4796a15bd8fee,2025-03-10 15:01:29,15,0,False
832d9bcd-c63e-4cbc-a3b7-748d7252f1bb,CUS-01254,3904.74,pos,Anambra,Nnewi North,e253a6ae5eaa7b46,2025-03-10 15:25:25,15,0,False
6e0b40d8-a0a6-46cd-b1c9-7fca1472b66c,CUS-01814,671606.38,pos,Lagos,Agege,46056a504b319207,2025-03-10 15:39:00,15,0,True
12cae7a2-c8e3-4e40-9ca8-70ec949b6917,CUS-00149,37947.95,mobile_money,Kano,Tarauni,ab33a8613e43d0f0,2025-03-10 15:42:03,15,0,False
c9074648-4a0a-408c-82c9-70133adb3bf6,CUS-01814,19581.55,pos,Lagos,Alimosho,46056a504b319207,2025-03-10 15:45:00,15,0,True
d33d6293-fab2-4a46-862e-df9653cfd4b2,CUS-01842,380.22,bank_transfer,Rivers,Port-Harcourt,c34f3404d55f887a,2025-03-10 15:47:08,15,0,False
503b4e72-2395-465e-897a-ddc7f98df930,CUS-00515,372.82,ussd,Lagos,Eti-Osa,599f7cd83a5b96e1,2025-03-10 16:00:56,16,0,False
b6a37583-646c-459c-bbfa-31479b481ce8,CUS-00759,241.07,pos,Imo,Imo-Central,23919a584a845bba,2025-03-10 16:06:21,16,0,False
73ffc2fd-847b-41be-ad90-7dfb3cf9c218,CUS-00052,32649.25,pos,Gombe,Gombe-Central,d3dbc8c315fe35d8,2025-03-10 16:13:12,16,0,False
cc32d53c-280a-4d50-a3fc-fa20906bd85c,CUS-00835,3493.42,ussd,Rivers,Eleme,95de52b480063a6d,2025-03-10 16:18:07,16,0,False
1c35c045-af3b-47e2-b3d5-f682d99bede9,CUS-00822,93.94,mobile_money,Kano,Kumbotso,5f1b5a194feb6b53,2025-03-10 16:22:00,16,0,True
889731fb-48c3-4d14-acf0-f9b16198f077,CUS-01198,513216.06,pos,Osun,Osun-Central,01873dcabd0cc646,2025-03-10 16:25:00,16,0,True
280e81cb-eee1-4416-9123-68f1926afe7e,CUS-00993,184.85,bank_transfer,Kaduna,Zaria,0931b04fa7a3e5a7,2025-03-10 16:28:31,16,0,False
f6472da4-413a-4edd-bbd3-e38299697f8f,CUS-01198,38626.84,pos,Osun,Osun-Central,01873dcabd0cc646,2025-03-10 16:30:00,16,0,True
4c4d3208-c061-4352-ba9c-22192dfa6072,CUS-00917,153.41,pos,Katsina,Katsina-Central,d31247c5f3e24d3c,2025-03-10 16:33:36,16,0,False
ab5c89ca-2e36-4170-b95b-48c3ce303755,CUS-01303,87.05,pos,Oyo,Oyo East,da79e85123761826,2025-03-10 16:37:02,16,0,False
e89500a9-0452-41e6-8964-1b830ecdd090,CUS-00972,3574.59,bank_transfer,Ondo,Ondo-Central,b8958a1a3d1c964a,2025-03-10 16:39:38,16,0,False
509fcfb4-c461-4c52-a69b-b8b4a46477d1,CUS-01334,1790.75,ussd,Ebonyi,Ebonyi-Central,e0982791e49f6f96,2025-03-10 16:41:13,16,0,False
a81e70a9-3155-4d15-a611-ee0af2cbef54,CUS-00860,489.11,pos,Abia,Abia-Central,0fc42ad3f8af3841,2025-03-10 16:48:50,16,0,False
f8829178-ab32-404c-8e1d-718f05dd87a7,CUS-00821,49832.68,pos,Lagos,Ikeja,28ef841e7a9516fb,2025-03-10 16:50:22,16,0,False
c6777865-3ed8-4deb-be8c-774880352158,CUS-00822,292440.79,mobile_money,Kano,Nassarawa,5f1b5a194feb6b53,2025-03-10 16:52:00,16,0,True
be20c645-6d32-46ae-bfc1-e60e88215eaf,CUS-01690,252948.24,mobile_money,Lagos,Mushin,4973206afd627a10,2025-03-10 17:11:26,17,0,False
060431b6-2a37-4a7f-b66f-5b5abda20e83,CUS-00455,1359.41,pos,Abuja FCT,Kuje,b4c3c4f1112b5142,2025-03-10 17:16:12,17,0,False
53553f1a-6d06-4c17-bc5b-8928a1e30c37,CUS-01198,3747.97,mobile_money,Osun,Osun-Central,01873dcabd0cc646,2025-03-10 17:31:00,17,0,True
edf789ae-9cae-44c3-af2e-fcd90f5b7529,CUS-01539,202.07,pos,Oyo,Ogbomoso,bea45a284a1b1e7e,2025-03-10 17:32:51,17,0,False
cbd6b2ce-1fab-40cb-bcfe-0674b9b8203c,CUS-00767,262256.83,bank_transfer,Kebbi,Kebbi-Central,b60a92927087472a,2025-03-10 17:33:00,17,0,True
2a2103df-84b5-4ca2-a600-41bf1d43e4d4,CUS-01100,2267.38,pos,Lagos,Oshodi-Isolo,df1461afa6ea20c9,2025-03-10 17:37:39,17,0,False
f74060b2-581d-4134-8e55-6a27cc1c1188,CUS-01189,62954.46,mobile_money,Edo,Oredo,36f1fd8d7d24e817,2025-03-10 17:48:54,17,0,False
223b19ad-11dc-45c7-9d13-162d5d8db8a4,CUS-00668,746.13,mobile_money,Lagos,Oshodi-Isolo,5e53bf0f5aecd7ec,2025-03-10 17:52:47,17,0,False
557ff3e1-88cb-40f0-88ee-ad52cd65ec37,CUS-00531,3360.9,mobile_money,Ogun,Ogun-Central,e31655b45463dd12,2025-03-10 18:00:49,18,0,False
c541767e-d665-459c-987c-bedbcd93f285,CUS-01102,8212.94,ussd,Niger,Niger-Central,4c4b65688afe127d,2025-03-10 18:03:11,18,0,False
a03321c9-749e-4313-ab43-627529348402,CUS-00356,1514.79,ussd,Lagos,Kosofe,887a44be65fd4c5e,2025-03-10 18:04:44,18,0,False
32acec12-0eca-4c49-9bad-64db43be274b,CUS-00243,4563.74,card,Rivers,Port-Harcourt,5ea01e4f6f06691c,2025-03-10 18:07:49,18,0,False
3c54450d-60a6-4b8b-9a7d-bc95096a4db2,CUS-01814,2699.26,mobile_money,Lagos,Agege,46056a504b319207,2025-03-10 18:11:00,18,0,True
77d3eb5c-608f-4a33-a7ef-96dc8c335b2d,CUS-00493,281.26,pos,Lagos,Agege,e90398b9a0d79849,2025-03-10 18:18:03,18,0,False
4d981d47-c4f1-4002-87a3-bdbebd4ba8d0,CUS-01814,58875.72,mobile_money,Lagos,Lagos Mainland,46056a504b319207,2025-03-10 18:22:00,18,0,True
0c6a9822-8a96-4ad8-8bb7-947bab52d385,CUS-01236,2325.33,pos,Zamfara,Zamfara-Central,d68479e2a9eb270f,2025-03-10 18:22:38,18,0,False
94d0d6e6-6b57-4878-8a1f-72057ce4d0b1,CUS-01647,234.47,pos,Plateau,Plateau-Central,5257b92dfae63a07,2025-03-10 18:25:45,18,0,False
6778783b-2400-4bdb-8f5f-8781ebfdc784,CUS-01814,26316.27,bank_transfer,Lagos,Lagos Mainland,46056a504b319207,2025-03-10 18:27:00,18,0,True
85064ab8-ac00-4847-bfb7-505dd3fc3402,CUS-00216,123.18,mobile_money,Kano,Dala,48b45369cc93bdd8,2025-03-10 18:44:30,18,0,False
8a47f352-15ab-450c-9042-d648d471c5f5,CUS-01168,95806.86,mobile_money,Lagos,Surulere,b9e8174213c89292,2025-03-10 18:45:33,18,0,False
56083c6c-94f3-49f5-8f18-d4fcb1f88f19,CUS-01814,1062.89,bank_transfer,Lagos,Eti-Osa,46056a504b319207,2025-03-10 18:47:00,18,0,True
1a5c4bb8-4b1b-495a-95a5-c78a6f5bbed2,CUS-01187,513494.87,pos,Lagos,Alimosho,b3f9592ad1d5de57,2025-03-10 18:52:46,18,0,False
0a26dddf-27c7-4f10-926f-a76063cdb02c,CUS-01878,450.31,bank_transfer,Kano,Tarauni,2887345003145782,2025-03-10 18:52:49,18,0,False
55cc8800-a495-4eda-9325-fab1f3046433,CUS-01433,621971.91,bank_transfer,Delta,Warri South,2966b413eb51f515,2025-03-10 18:59:09,18,0,False
82c14e18-31dc-40e8-8591-71e7c3e7ed76,CUS-01198,250.82,mobile_money,Osun,Osun-Central,01873dcabd0cc646,2025-03-10 19:05:00,19,0,True
45313e75-0349-49c0-a045-59fec1a761b1,CUS-00748,169.05,mobile_money,Kogi,Kogi-Central,998b89625c438d01,2025-03-10 19:06:00,19,0,False
f82bb7e5-1e51-4c07-a850-39e147e8a1a2,CUS-00462,2786.36,pos,Osun,Osun-Central,da005172e3bfeaf9,2025-03-10 19:08:38,19,0,False
77b31a58-1d63-4fe7-ac88-060826e5ba31,CUS-00036,272.22,pos,Kano,Dala,92bbe47fe9f49240,2025-03-10 19:09:11,19,0,False
25bfa9ba-9f87-41f0-b232-a8df97003e1c,CUS-00353,54119.96,ussd,Lagos,Surulere,69f11513ba62981e,2025-03-10 19:10:29,19,0,False
1e07fd70-c5b9-4284-aff0-9eb82f588b19,CUS-01415,178.96,bank_transfer,Gombe,Gombe-Central,fd345b5c9c2bc51a,2025-03-10 19:15:52,19,0,False
3095d3ae-77d6-40dd-ab72-aee4f9c52bf7,CUS-00032,3732.93,pos,Lagos,Kosofe,6b07c6774a8a35ea,2025-03-10 19:25:49,19,0,False
9fda4182-1b6a-4d77-99ed-fff6ef622269,CUS-01881,861.01,mobile_money,Kebbi,Kebbi-Central,cc777f8275aeca85,2025-03-10 19:31:07,19,0,False
0b7da5d4-41ab-43ec-9b1d-dde8b91b189e,CUS-00053,62.82,ussd,Nassarawa,Nassarawa-Central,a61dd7c00eb08ac9,2025-03-10 19:45:23,19,0,False
ef459c52-88ed-4cdd-85c4-f9d39917cf4a,CUS-01877,3729.28,ussd,Abuja FCT,Bwari,fcd99e89f421daa0,2025-03-10 19:46:52,19,0,False
f913c24b-9851-40c4-9796-a443710869f4,CUS-00822,3431.25,pos,Kano,Gwale,5f1b5a194feb6b53,2025-03-10 19:56:00,19,0,True
05edbd81-02a5-49dc-b29a-263a9bd3fe18,CUS-00723,3612.98,bank_transfer,Osun,Osun-Central,184b6168e7b760ac,2025-03-10 19:59:30,19,0,False
ef3f5808-b6ef-4e7b-9bf8-69bb46d67462,CUS-01939,3098.6,bank_transfer,Lagos,Mushin,8768ba6957f10aa1,2025-03-10 20:01:09,20,0,False
9f43d52d-a78a-4963-a4b7-1c1e9bcd7dbd,CUS-01598,36360.62,pos,Lagos,Ikorodu,4fb23adca810bdd7,2025-03-10 20:05:27,20,0,False
27d0c71c-56ee-47ba-89b5-6af2d0751eba,CUS-01198,284.94,bank_transfer,Osun,Osun-Central,01873dcabd0cc646,2025-03-10 20:06:00,20,0,True
ec7f5217-457a-43e8-8616-c52ecac18c20,CUS-01804,414.52,pos,Kano,Dala,1732d316c82cf99c,2025-03-10 20:09:50,20,0,False
1ec789aa-915e-431b-90e2-f24a5b366165,CUS-01967,63.68,pos,Rivers,Oyigbo,965675831981c69d,2025-03-10 20:12:23,20,0,False
5932ccc1-e9e1-4c67-b955-69b842692e2d,CUS-00822,3302.67,bank_transfer,Kano,Tarauni,5f1b5a194feb6b53,2025-03-10 20:15:00,20,0,True
ec9a8b96-7267-41a5-b4ee-bb703aa0656c,CUS-00406,97554.2,pos,Rivers,Obio-Akpor,9cf20e3e6a349dd5,2025-03-10 20:18:53,20,0,False
24c666b4-8d48-42ed-98be-8d7e0b0e618c,CUS-01716,261.66,ussd,Lagos,Eti-Osa,876514bdb0606ae7,2025-03-10 20:24:06,20,0,False
e1113ff2-2111-46d0-a8f7-6b2581b2298f,CUS-00611,37464.05,pos,Imo,Imo-Central,4fd5ba40c68d9677,2025-03-10 20:25:11,20,0,False
087121d9-10d2-4634-bb13-f71989d0b9db,CUS-00756,2117.43,bank_transfer,Enugu,Enugu East,e37fedd220386e09,2025-03-10 20:28:15,20,0,False
928ad896-d5ed-45dc-b812-239daebddd61,CUS-01808,486.09,pos,Lagos,Kosofe,82f5a1f1904224bf,2025-03-10 20:41:34,20,0,False
3e85a51a-7fbb-4ff7-9eeb-e344f04adfc9,CUS-01814,3199.67,pos,Lagos,Ikeja,46056a504b319207,2025-03-10 20:46:00,20,0,True
ca860c54-2c72-46f2-8ad6-7aa65642ff68,CUS-00782,3372.35,card,Lagos,Kosofe,f792e29885654616,2025-03-10 20:48:56,20,0,False
b464ffc5-9e9c-4a4f-979b-110ec4115139,CUS-01814,49545.29,pos,Lagos,Surulere,46056a504b319207,2025-03-10 20:49:00,20,0,True
35a92cf9-ae6f-4934-8091-9c5df2f7b872,CUS-01715,4950.75,pos,Ogun,Ogun-Central,542b8868a3076c1b,2025-03-10 20:49:59,20,0,False
ca825757-ddbb-4f98-a7cb-344a16caa7a2,CUS-01792,2414.55,bank_transfer,Abuja FCT,Kuje,58f65a3d58004213,2025-03-10 21:04:22,21,0,False
8327133f-5482-4570-92c0-02afc2c99e48,CUS-00766,975343.95,bank_transfer,Kwara,Kwara-Central,6ff0ddcda0bc1969,2025-03-10 21:11:43,21,0,False
cc9c2af4-7542-400e-9231-d13917ad522b,CUS-01198,50305.97,pos,Osun,Osun-Central,01873dcabd0cc646,2025-03-10 21:13:00,21,0,True
7d2fc48f-44a2-4043-aae7-cd36204b3970,CUS-01814,4715.54,pos,Lagos,Eti-Osa,46056a504b319207,2025-03-10 21:25:00,21,0,True
d0166d60-c346-4903-ad56-9a47b6b9d5b9,CUS-00020,13841.97,card,Kaduna,Zaria,17432577a0f31ee4,2025-03-10 21:32:43,21,0,False
674b6c74-5e5b-4772-8cff-d9804b3407fa,CUS-00635,246214.19,mobile_money,Abuja FCT,Municipal,d3e87928d9822db9,2025-03-10 21:50:53,21,0,False
8c4802ce-9082-4723-aab5-52968d4bcbe6,CUS-00553,65832.53,ussd,Oyo,Ibadan North,04817bd46d407d52,2025-03-10 21:55:22,21,0,False
759ee48e-ec31-497b-a969-6d44fc204b34,CUS-00822,266.26,card,Kano,Kumbotso,5f1b5a194feb6b53,2025-03-10 22:30:00,22,0,True
76b198e0-0d43-4efc-a953-7381fca53995,CUS-01814,367687.36,bank_transfer,Lagos,Lagos Mainland,46056a504b319207,2025-03-10 22:42:00,22,0,True
1e477acb-5bf1-4486-9707-b94274acb554,CUS-01198,50070.56,mobile_money,Osun,Osun-Central,01873dcabd0cc646,2025-03-10 22:56:00,22,0,True
d9631bf9-4566-4fb0-ae20-08a310f259d7,CUS-00689,4714.32,bank_transfer,Lagos,Kosofe,4784d171657cbb42,2025-03-11 01:12:21,1,1,False
aeeb7159-c175-48c4-8d03-ac7f384530f8,CUS-00067,794645.37,bank_transfer,Benue,Benue-Central,2ce9fcf68f9d3141,2025-03-11 03:26:00,3,1,True
3ccd0f22-4b81-465a-ae67-564efd698715,CUS-01396,64073.29,mobile_money,Rivers,Oyigbo,98610eeb8849a59b,2025-03-11 03:43:23,3,1,False
d3efc558-0d44-4bad-8e57-e7ef42508b14,CUS-01599,94461.8,mobile_money,Nassarawa,Nassarawa-Central,c4762c97dfed483f,2025-03-11 05:10:41,5,1,False
3bda6f81-670a-425d-ba9b-f61cc708afde,CUS-00921,3477.51,mobile_money,Abuja FCT,Gwagwalada,c65673b7915bf99e,2025-03-11 06:07:00,6,1,True
14f94356-1062-432e-b6da-853e6975f2d2,CUS-01996,1329.92,bank_transfer,Lagos,Alimosho,1c2e0e7a6f265ff1,2025-03-11 07:00:00,7,1,True
62cbe191-69a4-4649-937b-8e1c8bdfcc9b,CUS-00921,568270.68,pos,Abuja FCT,Gwagwalada,c65673b7915bf99e,2025-03-11 07:10:00,7,1,True
8d960fbc-ca58-4872-9719-681a8e92d2d1,CUS-01996,790.92,pos,Yobe,Yobe-Central,1c2e0e7a6f265ff1,2025-03-11 07:15:00,7,1,True
d5084a57-1ece-4ea8-a587-8eeaf4ae34fe,CUS-00921,543.72,bank_transfer,Abuja FCT,Bwari,c65673b7915bf99e,2025-03-11 07:56:00,7,1,True
3b15c838-f516-419d-bb24-31dd419ef7fe,CUS-00921,3873.44,bank_transfer,Abuja FCT,Gwagwalada,c65673b7915bf99e,2025-03-11 08:13:00,8,1,True
fec62f95-a5f1-43e9-b285-8fdab9a0aa05,CUS-00921,38076.65,pos,Abuja FCT,Kuje,c65673b7915bf99e,2025-03-11 08:19:00,8,1,True
4607dd41-9d8f-4f82-9c2b-5d6120f6a33a,CUS-00487,124.63,ussd,Kano,Kumbotso,421f45f1a22d16d0,2025-03-11 09:03:10,9,1,False
ad2ce18b-112b-4307-a582-32e080dac2f4,CUS-00161,736585.36,bank_transfer,Enugu,Enugu North,60cf3886193024a7,2025-03-11 09:14:28,9,1,False
d6273f16-2b2c-45dd-95a2-bd61da34eeb9,CUS-00114,88704.68,mobile_money,Enugu,Nsukka,94888243a11da8b1,2025-03-11 09:29:21,9,1,False
8a56b174-62c2-450d-85a4-f0cd56c2295c,CUS-00327,116.11,pos,Kaduna,Kaduna North,83677903174a360f,2025-03-11 09:37:25,9,1,False
471530a8-60af-4053-a694-cbc68b0bb456,CUS-00018,957.72,pos,Rivers,Port-Harcourt,64be6769e0ecccb4,2025-03-11 09:40:18,9,1,False
298322cb-0f74-4d98-980b-cc9538e04e41,CUS-01246,5908.36,bank_transfer,Lagos,Surulere,3fde53d02cb1d927,2025-03-11 09:43:26,9,1,False
a2f40148-0492-42da-8461-a1968b64c0bc,CUS-01517,86947.46,pos,Nassarawa,Nassarawa-Central,beeded9bdc46ff19,2025-03-11 09:55:58,9,1,False
0a03b60b-6fed-487b-b86f-1e435d5bc29c,CUS-01213,2907.96,mobile_money,Imo,Imo-Central,762447a64e707775,2025-03-11 09:59:09,9,1,False
86936629-027e-492e-990e-274cb160a122,CUS-01081,2901.94,ussd,Lagos,Kosofe,d32760edf470473b,2025-03-11 10:14:00,10,1,False
e73bf296-c301-4ece-b4bf-ed2643d3aa89,CUS-01490,59.48,pos,Lagos,Lagos Mainland,7f7694fe3ef66fdb,2025-03-11 10:17:22,10,1,False
0246f89c-1aab-4eb3-86a3-e44c3310f69b,CUS-01945,936810.07,card,Abuja FCT,Kuje,901c7b925f57772f,2025-03-11 10:33:04,10,1,False
de38afcd-f911-4d04-b9e2-7838fe024991,CUS-00232,285.94,ussd,Oyo,Ibadan South-West,ea03ae9c877f8c0b,2025-03-11 10:39:04,10,1,False
dc15c5ae-9039-4f01-b1d8-51af52787a0b,CUS-01674,3875.58,bank_transfer,Imo,Imo-Central,7cf45476250f1cf9,2025-03-11 10:46:52,10,1,False
76a5ec99-7b17-47e2-9fd6-63e351e3ed79,CUS-00921,2774.1,ussd,Abuja FCT,Gwagwalada,c65673b7915bf99e,2025-03-11 10:52:00,10,1,True
bca8cc28-2598-4214-bfd6-da673540b183,CUS-01412,2734.1,pos,Kano,Nassarawa,f6ccae4908f13600,2025-03-11 10:53:13,10,1,False
7cd91ed9-548d-4605-acf1-4efa73210c5d,CUS-01626,906335.69,pos,Lagos,Eti-Osa,cacac985ee6dde77,2025-03-11 10:56:59,10,1,False
1dfa1daa-d35b-486e-936f-da66fc365fc0,CUS-01557,4945.8,mobile_money,Rivers,Oyigbo,581d8d836fa71304,2025-03-11 11:09:15,11,1,False
8e7df252-df39-440f-abbb-b466b393c24f,CUS-00260,300.62,mobile_money,Kaduna,Kaduna North,b36ce793582718ee,2025-03-11 11:13:39,11,1,False
43c82829-abf9-47b0-9bca-d51245291f8f,CUS-00452,83358.09,bank_transfer,Rivers,Oyigbo,42de18a74e13aeb6,2025-03-11 11:19:25,11,1,False
b18b41cc-6ede-4a81-b640-816b2f8a010e,CUS-00210,2534.24,mobile_money,Oyo,Ibadan South-West,e7a908e94677ed3e,2025-03-11 11:21:58,11,1,False
cfb648a5-dbc5-417f-818d-3d15d255fabd,CUS-01720,108.08,pos,Lagos,Agege,d367b754b9943828,2025-03-11 11:42:54,11,1,False
8d46b82f-f03f-42bd-b352-20d47eb64c8e,CUS-00055,295.13,mobile_money,Adamawa,Adamawa-Central,59d4333d73c25113,2025-03-11 11:53:12,11,1,False
c1721728-bf19-4b9e-8c95-ccefe50bcd8d,CUS-00495,13112.78,bank_transfer,Kano,Fagge,f1024ed0b10e31cb,2025-03-11 11:57:32,11,1,False
521c566a-3b04-4180-9156-0356bfbbd3b5,CUS-01188,242.71,mobile_money,Kano,Gwale,fe8326e203ab14be,2025-03-11 12:00:29,12,1,False
4b93ed03-f86d-46b7-8fc2-aaa875a2c188,CUS-00599,2312.39,pos,Lagos,Oshodi-Isolo,c886c35c1c884c22,2025-03-11 12:12:46,12,1,False
3e653140-b58d-444a-9fd7-e88be781c3fd,CUS-01401,4112.33,pos,Lagos,Agege,819745d3500a43cf,2025-03-11 12:32:37,12,1,False
619d2b22-6ec2-48ec-b09b-51062dfe7ea8,CUS-01256,68562.8,mobile_money,Lagos,Agege,ec47f332f0057a59,2025-03-11 12:42:14,12,1,False
ca86a487-11c2-4c30-8d74-5f02e441bebd,CUS-00921,666.44,bank_transfer,Abuja FCT,Kuje,c65673b7915bf99e,2025-03-11 12:44:00,12,1,True
beabf45e-1e77-45a9-89b2-3763bf464b02,CUS-00131,725.37,pos,Lagos,Alimosho,a998c56406964f82,2025-03-11 12:48:17,12,1,False
934040a4-24e2-4a6b-b0e3-870807465d14,CUS-01670,77118.09,pos,Rivers,Port-Harcourt,c21817c50f2234d3,2025-03-11 12:59:40,12,1,False
4dcc1b8e-c2ed-41c2-8a7e-88eb42601cc0,CUS-01496,49535.31,pos,Enugu,Enugu East,3ac019d4fb43e753,2025-03-11 13:05:41,13,1,False
1af7a785-fbe9-4e74-accd-998231d88adc,CUS-00700,28634.37,bank_transfer,Oyo,Ibadan North,4aef78b85c3be624,2025-03-11 13:09:22,13,1,False
50220cd1-0735-4a6e-9270-b30ef0e2399b,CUS-01702,225.64,pos,Kano,Dala,f22f0d78734c4760,2025-03-11 13:16:30,13,1,False
ba35cb68-af39-4552-92c9-878acdd3bc05,CUS-01276,588.77,mobile_money,Lagos,Ikeja,990dec7a88b42303,2025-03-11 13:17:25,13,1,False
f235f9e7-2dde-4092-8884-09909fd2b5ba,CUS-00921,12716.87,bank_transfer,Abuja FCT,Bwari,c65673b7915bf99e,2025-03-11 13:28:00,13,1,True
d3830eca-37c9-48f2-879d-d0eb4a914acd,CUS-00034,3227.08,pos,Akwa Ibom,Akwa Ibom-Central,16d056fcd36c662b,2025-03-11 13:34:27,13,1,False
cde86f4d-2249-458d-b15b-dc3dde9f99f1,CUS-01726,155.51,pos,Abuja FCT,Bwari,bd622d69a1d09731,2025-03-11 13:54:12,13,1,False
b61a9915-e7f8-49bf-8b38-6944b4d3fe00,CUS-01343,81185.87,mobile_money,Ondo,Ondo-Central,22c2fd795ceb667f,2025-03-11 13:57:56,13,1,False
6185f55c-9e2c-46b3-bad0-6d5e20b2ed5a,CUS-00420,353.23,pos,Imo,Imo-Central,76a8c25473272d18,2025-03-11 14:02:56,14,1,False
4d3be820-4cb2-45e1-9f39-99ba20b5645d,CUS-01877,140.2,ussd,Abuja FCT,Municipal,fcd99e89f421daa0,2025-03-11 14:03:24,14,1,False
66a445ab-68cd-45b7-ae94-c64fde3757b3,CUS-01431,46999.14,ussd,Abuja FCT,Gwagwalada,495d3248fee65305,2025-03-11 14:03:32,14,1,False
4d79a855-8af9-447c-8c40-5af993fe1026,CUS-00325,7028.08,card,Osun,Osun-Central,8c6d91935dee1218,2025-03-11 14:05:09,14,1,False
4531b7c2-5071-47da-b72c-80887b093c2b,CUS-00098,41930.54,mobile_money,Lagos,Kosofe,2a59164cbbab5589,2025-03-11 14:18:30,14,1,False
56ceb71b-8975-45b5-b7de-3b64d8d85aa0,CUS-00389,4765.09,pos,Benue,Benue-Central,3433de2d776d5914,2025-03-11 14:20:20,14,1,False
f093fe59-b0c3-482b-8ee4-875d1cbc5681,CUS-00227,252.09,bank_transfer,Rivers,Port-Harcourt,5520f23bfce438f4,2025-03-11 14:33:35,14,1,False
63b7045f-8cf0-4e00-b372-5be8831212fb,CUS-01605,43013.19,pos,Abuja FCT,Gwagwalada,e888ec392f115231,2025-03-11 14:33:58,14,1,False
1b42c440-968b-4dd8-a33a-7fdd09b773ce,CUS-01526,236.31,card,Kano,Dala,9cf5f93aa4a4b335,2025-03-11 14:41:35,14,1,False
90684fe8-e322-451e-a702-afa097708615,CUS-01225,57159.53,ussd,Enugu,Enugu North,a1e9aec4d038252e,2025-03-11 14:49:52,14,1,False
996d46b1-9aee-4695-a265-c94b09efce4d,CUS-01164,3475.39,pos,Lagos,Ikeja,b81424f4757118ea,2025-03-11 15:04:58,15,1,False
917c05da-fd73-49b3-933c-4672eea6b229,CUS-00921,1741.85,pos,Abuja FCT,Gwagwalada,c65673b7915bf99e,2025-03-11 15:05:00,15,1,True
2421e117-a4da-4f00-b572-0b5f706fbc85,CUS-00762,291.55,bank_transfer,Lagos,Mushin,209d1ceb642d37e1,2025-03-11 15:08:48,15,1,False
71440621-a0d6-4866-a486-606019043a62,CUS-00514,1977.23,bank_transfer,Lagos,Ikorodu,f596f20231d78a05,2025-03-11 15:09:14,15,1,False
c1654095-ef86-4873-9e15-ac4237248473,CUS-01434,3885.14,mobile_money,Lagos,Agege,6f3c984e0fa71f1d,2025-03-11 15:11:41,15,1,False
b00cf26d-c0db-46f3-ba1f-65acbfa34fb7,CUS-00972,33805.41,mobile_money,Ondo,Ondo-Central,b8958a1a3d1c964a,2025-03-11 15:20:25,15,1,False
24e11527-1d97-41f8-adb2-80ee68ff5514,CUS-01738,947.56,mobile_money,Rivers,Eleme,a1b70eee008f9afd,2025-03-11 15:43:28,15,1,False
4921ace8-03ad-4995-8f0c-1693c48029c6,CUS-01706,366.13,mobile_money,Enugu,Enugu East,86372c2220b851b3,2025-03-11 15:57:02,15,1,False
5c16db53-6c6b-415e-827a-714a8b98dd2a,CUS-00004,19866.6,pos,Lagos,Agege,37995ca70dfdc7f4,2025-03-11 16:05:13,16,1,False
5ba87273-5c1c-4a1f-b004-516d6db87937,CUS-00784,290.46,ussd,Lagos,Eti-Osa,3fa31762f92bb220,2025-03-11 16:12:01,16,1,False
7989a771-b096-4500-81f3-efb42ec44677,CUS-00422,11231.13,mobile_money,Lagos,Mushin,ed6303f978217ba5,2025-03-11 16:19:32,16,1,False
1f4e14dc-9b7e-4bf0-8c5b-aa063f78b113,CUS-01413,80556.43,bank_transfer,Lagos,Ikorodu,f3169884d2025deb,2025-03-11 16:27:12,16,1,False
641064a2-42ac-482f-a2f3-efcbaba2c461,CUS-00602,78392.45,bank_transfer,Lagos,Mushin,2f63c3ceec0cd786,2025-03-11 16:29:48,16,1,False
ce575e8e-a794-4e34-a48d-5816ba65706e,CUS-00921,4909.3,bank_transfer,Abuja FCT,Kuje,c65673b7915bf99e,2025-03-11 16:36:00,16,1,True
7a8fd458-6c36-43f1-84fc-27c34e563136,CUS-00427,1826.56,card,Niger,Niger-Central,cc5fd57c9ca71698,2025-03-11 16:44:58,16,1,False
f029f8d9-d39c-4ee4-825d-1a8e9ab8630d,CUS-00995,76926.76,ussd,Lagos,Lagos Mainland,5fae574986916801,2025-03-11 16:49:52,16,1,False
db970380-b6d0-4b4c-a32f-46dacdc053d4,CUS-00921,994.24,pos,Abuja FCT,Kuje,c65673b7915bf99e,2025-03-11 17:03:00,17,1,True
7f451752-eb07-49e8-bf8f-1e759ed38d95,CUS-00318,1593.05,bank_transfer,Lagos,Mushin,bf5945441b1f31c0,2025-03-11 17:03:14,17,1,False
6ae08725-a53a-49ab-bca2-b9f44c861df5,CUS-00325,1737.72,card,Osun,Osun-Central,8c6d91935dee1218,2025-03-11 17:05:16,17,1,False
ea98c8e5-a9f4-4f58-9237-fdea9146ee24,CUS-00579,39430.88,bank_transfer,Kano,Gwale,f9d75d8c8fad4688,2025-03-11 17:09:11,17,1,False
1fe2242a-9c30-4a50-8a1e-3e3fde901183,CUS-00090,346.71,mobile_money,Lagos,Alimosho,fcd524f43913e0eb,2025-03-11 17:10:53,17,1,False
ba117cf5-703e-42e2-ae77-694d52cedded,CUS-00629,32474.4,pos,Lagos,Surulere,df45b1aef8e52b4d,2025-03-11 17:18:13,17,1,False
b8fc0441-71d6-496c-b4d2-ac0b74cf5935,CUS-00797,58438.58,bank_transfer,Oyo,Ogbomoso,59420c39724467cb,2025-03-11 17:20:06,17,1,False
1c9994bd-2f3c-4af4-87e0-46aff16aea3d,CUS-01972,104942.26,pos,Kano,Gwale,148853bb0db7c749,2025-03-11 17:34:16,17,1,False
ee0b39aa-d891-4731-9a2f-b65a52565733,CUS-01117,1260.51,pos,Kebbi,Kebbi-Central,d53cc1c3960e3eea,2025-03-11 17:36:52,17,1,False
0ed5e378-88a8-41bd-8b10-3b7bc3166821,CUS-01981,405.17,mobile_money,Benue,Benue-Central,2e3ca59fe7d431e5,2025-03-11 17:37:26,17,1,False
5d01226c-3298-4533-b19d-3eb075ce75ef,CUS-00757,4464.93,ussd,Oyo,Ogbomoso,8c3b578b37eec62e,2025-03-11 17:41:09,17,1,False
bd52d30e-7bae-4aac-b6c8-26335f7f516b,CUS-00137,422.59,mobile_money,Edo,Oredo,9e1e07433aaacd7f,2025-03-11 17:42:51,17,1,False
0c373824-da85-444c-a176-8061c1763dde,CUS-00921,1232.68,pos,Abuja FCT,Municipal,c65673b7915bf99e,2025-03-11 17:43:00,17,1,True
9c2ca09b-6fdf-4b46-abad-e51943737c86,CUS-00498,481.21,card,Ebonyi,Ebonyi-Central,f32247001390f347,2025-03-11 17:44:46,17,1,False
5d38b2e2-27f2-400c-af79-9a194d9664c3,CUS-00724,327.53,pos,Oyo,Ibadan South-West,4efd26d3ea3c9cf3,2025-03-11 17:45:55,17,1,False
8accb3ed-2af8-4ba8-91a1-8a856923ef53,CUS-01320,21092.42,bank_transfer,Lagos,Alimosho,1cea17001a33563e,2025-03-11 18:00:33,18,1,False
ba6a9b9b-2fba-44cb-9890-c438413f1e6d,CUS-01148,187.57,mobile_money,Borno,Borno-Central,7dad1b3771045202,2025-03-11 18:00:59,18,1,False
106bc7cd-374f-4016-a895-d369c98aa8ab,CUS-01410,708.45,bank_transfer,Lagos,Ikorodu,cb7e9f278717c254,2025-03-11 18:06:27,18,1,False
1a1809ac-e898-4035-b478-ff88e6d70b80,CUS-01001,466.41,ussd,Oyo,Ogbomoso,537f88949a0d8fb6,2025-03-11 18:08:00,18,1,True
7a85c97d-98d3-4c96-898e-4f05955f6d19,CUS-01001,132.39,ussd,Oyo,Ibadan North,537f88949a0d8fb6,2025-03-11 18:13:00,18,1,True
8c025f23-3595-41c7-9cca-532f6a4f0117,CUS-01668,621942.46,bank_transfer,Lagos,Agege,b9c57314348e2c32,2025-03-11 18:15:00,18,1,True
e857407e-13a5-485d-b6da-331e9af18e5a,CUS-01979,619.24,bank_transfer,Borno,Borno-Central,9d5dd236bdaf1bc7,2025-03-11 18:25:50,18,1,False
b3e31add-05be-4a44-be6d-404285873128,CUS-01001,356.38,pos,Oyo,Ibadan North,537f88949a0d8fb6,2025-03-11 18:37:00,18,1,True
afb8f22d-481f-4dee-9af6-f3de01d4d47c,CUS-00170,504.62,mobile_money,Anambra,Awka South,b30937a8ff222503,2025-03-11 18:39:03,18,1,False
361dadd6-6999-4cc8-92cb-15ffc89a7086,CUS-01001,205.29,ussd,Oyo,Ibadan South-West,537f88949a0d8fb6,2025-03-11 18:42:00,18,1,True
0028b014-0b0a-438d-b432-4d55be79264d,CUS-01001,227.82,pos,Oyo,Ogbomoso,537f88949a0d8fb6,2025-03-11 18:43:00,18,1,True
fad63183-c145-4f6e-83b0-db1788a168cb,CUS-01001,298.45,pos,Oyo,Ogbomoso,537f88949a0d8fb6,2025-03-11 18:45:00,18,1,True
8078fbcf-a50d-45a1-901c-acd3cb06660f,CUS-01001,183.64,pos,Oyo,Oyo East,537f88949a0d8fb6,2025-03-11 18:48:00,18,1,True
668d655e-2fcd-4efe-838e-42d66af146ea,CUS-01882,767628.38,card,Enugu,Enugu North,0849820d9e69d4aa,2025-03-11 18:53:18,18,1,False
b5cfc9cd-d6cc-4c1c-8962-5e59c3706163,CUS-00018,1592.89,pos,Rivers,Port-Harcourt,64be6769e0ecccb4,2025-03-11 18:55:00,18,1,False
d5f1291d-e29a-4a94-a363-9e1450bfbf5a,CUS-01603,138.84,card,Kano,Dala,73ddb92252538ec9,2025-03-11 19:01:51,19,1,False
5d867981-c49a-47af-bdf0-521a3745ddea,CUS-01663,334.7,pos,Abuja FCT,Municipal,e87a1054d8b9be6b,2025-03-11 19:03:55,19,1,False
eb071425-c196-4401-91ed-8591d5ffc534,CUS-00711,2299.08,bank_transfer,Kaduna,Kaduna South,66205d88b166ccba,2025-03-11 19:06:56,19,1,False
6babc895-4306-40eb-af2e-a98f94af601a,CUS-01646,803161.58,bank_transfer,Lagos,Oshodi-Isolo,47fd3830210a5886,2025-03-11 19:15:29,19,1,False
c365016a-5343-4f09-af54-80d26d7cf965,CUS-01753,14920.13,mobile_money,Lagos,Eti-Osa,6711f7f87a08894a,2025-03-11 19:19:33,19,1,False
8c6ebee4-8521-4dcd-a8e1-6f191cf0e8e3,CUS-00870,55974.12,ussd,Rivers,Port-Harcourt,48e1653cc2040db1,2025-03-11 19:46:03,19,1,False
7ec95eb4-6e77-4330-a392-9420535ca792,CUS-00643,58.63,pos,Kano,Kumbotso,1903043ff21160e0,2025-03-11 19:46:38,19,1,False
5ca8fc0f-8e6d-45e2-9603-36ab4f2953af,CUS-01868,257.42,mobile_money,Lagos,Ikeja,a7cd11e4e6a10447,2025-03-11 19:50:16,19,1,False
9334db40-307b-409a-8bb5-091cf2347c0d,CUS-00340,72.19,mobile_money,Abuja FCT,Bwari,42fe7616398a23da,2025-03-11 19:51:30,19,1,False
219d6ecf-6778-4b35-9955-fa133fe0ecb4,CUS-00464,423.55,bank_transfer,Akwa Ibom,Akwa Ibom-Central,ff4c1464f33acdfe,2025-03-11 19:55:03,19,1,False
e4e5794f-c098-4550-86bd-b5eeee2ee8fe,CUS-00005,4244.58,mobile_money,Lagos,Lagos Mainland,690985c0ae071827,2025-03-11 20:12:28,20,1,False
cbed2c43-93b6-408d-ae02-90284f58be45,CUS-01261,457.16,bank_transfer,Imo,Imo-Central,d70bafe3ceb6d5ee,2025-03-11 20:14:28,20,1,False
c85b1631-0b0a-44a9-83ae-2a02ee245f52,CUS-01332,69105.93,pos,Lagos,Agege,4ca97245da0a0e27,2025-03-11 20:21:19,20,1,False
1882dc86-9307-4476-818e-482c40753f65,CUS-01923,3205.82,pos,Kano,Nassarawa,19a94d961a7b33d9,2025-03-11 20:27:35,20,1,False
68d7defa-d279-43d8-930f-c0272cacf807,CUS-00701,2168.06,card,Lagos,Kosofe,103556a324a9a49d,2025-03-11 20:32:44,20,1,False
7170c2a9-8168-4c4b-90eb-9656c54344c3,CUS-01611,487.55,ussd,Delta,Warri South,aa648247ee837f3b,2025-03-11 20:39:50,20,1,False
817fdc0c-b2fa-479b-8f46-f8086eb1d4ac,CUS-01068,91386.59,pos,Kano,Gwale,8d576c7efcc7de85,2025-03-11 20:47:32,20,1,False
6a32f4c5-7697-45bd-8b5e-c0db375f8981,CUS-00424,484952.96,pos,Lagos,Ikeja,91994fb841d39732,2025-03-11 20:52:56,20,1,False
dd47b836-4484-4e4a-975c-f31ec3b0c4aa,CUS-01577,3328.88,bank_transfer,Delta,Uvwie,9fb196909d1c3443,2025-03-11 20:53:50,20,1,False
949b6c5d-6aa2-4a97-8b62-966d2faf0ea7,CUS-00764,3863.49,bank_transfer,Lagos,Kosofe,505092f3fbd319a1,2025-03-11 20:53:50,20,1,False
3d02bebb-5d8b-4f1d-951d-ecac390e98c7,CUS-01041,1495.99,card,Imo,Imo-Central,e8b1e78dda5fdc05,2025-03-11 20:55:58,20,1,False
5c6e4816-dd77-4582-a935-a5d17cca26c6,CUS-00154,447125.1,bank_transfer,Ogun,Ogun-Central,bec8cb887466247e,2025-03-11 21:03:00,21,1,True
9a8e09c4-cfe1-470f-acca-73acd66bb945,CUS-01779,1740.14,ussd,Bauchi,Bauchi-Central,976df3ec4bd11a74,2025-03-11 21:17:44,21,1,False
a4335f13-0c28-4621-9426-f1c2ef2ade35,CUS-01605,30930.05,pos,Abuja FCT,Kuje,e888ec392f115231,2025-03-11 21:21:39,21,1,False
fcfd2b6a-ca82-48b2-8909-2c02d793b022,CUS-00547,87338.28,bank_transfer,Anambra,Onitsha North,4b6eccd02320fe46,2025-03-11 21:24:30,21,1,False
a5ac9b74-f2e4-4729-a1a3-48ac94a0249f,CUS-00914,2843.9,pos,Oyo,Oyo East,42ac2c60f8f7aa0a,2025-03-11 21:24:56,21,1,False
4aa82c5f-42e9-48ef-9d24-9843f1a98f6b,CUS-01623,71.43,ussd,Cross River,Cross River-Central,7920e42ca329656c,2025-03-11 21:27:40,21,1,False
6abde6c1-41f3-4794-b2ff-3204c9b718d8,CUS-01532,24027.32,pos,Ondo,Ondo-Central,ef2c51163b7b1b11,2025-03-11 21:30:36,21,1,False
ebbfd5b1-1260-41f6-8ff3-7b289bb5b441,CUS-01585,1023.01,pos,Lagos,Surulere,9d4d8197c0ce1b15,2025-03-11 21:32:35,21,1,False
27d215a6-6303-4abb-bd00-d36948392a01,CUS-01800,63.36,pos,Cross River,Cross River-Central,495085d7be707495,2025-03-11 21:35:40,21,1,False
b04cae03-72ab-4372-a634-707f5a2d7fca,CUS-00083,1896.11,bank_transfer,Lagos,Kosofe,d08d1bc4a38fcfc5,2025-03-11 21:36:58,21,1,False
74032c0c-b14c-4df1-899b-5a05e8a4b993,CUS-01642,1846.34,bank_transfer,Abuja FCT,Kuje,d02d3de6b21344b6,2025-03-11 21:40:27,21,1,False
d561a9a3-db58-497f-9e98-d4fbb2c6bc65,CUS-01347,22863.32,pos,Rivers,Oyigbo,ec76fa108fd59db4,2025-03-11 21:46:02,21,1,False
095d1ddd-97f9-4ea1-acfc-b69ddd34cea2,CUS-01039,7930.22,bank_transfer,Kano,Fagge,f45c910b731e4816,2025-03-11 21:49:09,21,1,False
97877c79-a4c2-47e4-ac91-d14ba9742e27,CUS-00921,33718.02,mobile_money,Abuja FCT,Municipal,c65673b7915bf99e,2025-03-11 22:03:00,22,1,True
e32af05f-6cd8-4bfb-89c0-fddd96b40398,CUS-01548,73153.24,pos,Lagos,Surulere,4c6c2fda7eb08019,2025-03-11 22:11:23,22,1,False
73a4bc4e-d60c-48d5-a427-378668154688,CUS-00638,1963.68,ussd,Kano,Dala,10a3f70099baa52a,2025-03-11 23:01:11,23,1,False
2fd71a7c-8357-4c57-a4f4-f73787161881,CUS-00345,222.9,mobile_money,Kaduna,Kaduna North,808e7a5c5a97600f,2025-03-11 23:03:01,23,1,False
26aab6d7-8fe2-49c1-9520-13cbb4758b46,CUS-01960,4017.63,card,Lagos,Ikorodu,4940f9f60c439d5c,2025-03-11 23:24:20,23,1,False
f8845e7b-283f-44bf-90ca-e6f4816c09fe,CUS-01121,5559.38,pos,Cross River,Cross River-Central,b60436e580150064,2025-03-12 00:03:42,0,2,False
88f451c2-599f-4917-850f-7fb32bf371bd,CUS-00428,58295.46,mobile_money,Kano,Fagge,e99fa23fc8e6faf1,2025-03-12 00:08:01,0,2,False
410e7a8d-6d05-41e6-9bb4-5b80acfb979e,CUS-01468,403.9,mobile_money,Zamfara,Zamfara-Central,3267f29956f279f7,2025-03-12 01:09:34,1,2,False
c8539529-5e4c-48a7-88d9-64d896d56627,CUS-01787,491.09,pos,Kaduna,Kaduna North,d28e308dde8dbfd0,2025-03-12 01:23:34,1,2,False
7b4baaee-295e-437d-b3fe-d39d7e1e468b,CUS-01432,408226.88,bank_transfer,Abuja FCT,Kuje,93530302c2ac579f,2025-03-12 01:34:00,1,2,True
47cfc7dd-7c26-420e-90ed-e1438a3f43ac,CUS-00483,350.6,pos,Enugu,Enugu North,f578d51fdcfff376,2025-03-12 02:17:00,2,2,True
a247c19f-acaa-409a-ba4d-e3f3d8098513,CUS-00483,243.91,pos,Enugu,Nsukka,f578d51fdcfff376,2025-03-12 02:25:00,2,2,True
79731c2d-6245-4073-8164-013582f4b2a7,CUS-00483,194.1,pos,Enugu,Nsukka,f578d51fdcfff376,2025-03-12 02:29:00,2,2,True
61c90224-e72a-4918-8841-801930aee415,CUS-00483,400.8,mobile_money,Enugu,Nsukka,f578d51fdcfff376,2025-03-12 02:33:00,2,2,True
46973727-68ba-433d-aba3-4eef9b43b437,CUS-00483,373.82,ussd,Enugu,Nsukka,f578d51fdcfff376,2025-03-12 02:50:00,2,2,True
a043b434-0bc3-4774-bfa3-e135040813f6,CUS-01338,68240.17,pos,Lagos,Mushin,c6c45b4746ea7af7,2025-03-12 04:41:13,4,2,False
31d5f083-59e8-470a-b9f6-b6c51c9488f8,CUS-00068,310.26,pos,Lagos,Alimosho,4e173537ea95bb34,2025-03-12 05:23:35,5,2,False
e003c6bb-aa2c-4e66-aeb5-9fcc22740e5c,CUS-00782,125.59,card,Lagos,Alimosho,f792e29885654616,2025-03-12 07:02:24,7,2,False
c3224872-b35e-45bb-9329-edaa3a609046,CUS-01867,17605.42,mobile_money,Lagos,Surulere,6ac201ad911de038,2025-03-12 07:07:37,7,2,False
488cb318-5051-478b-8698-6fbdd657e2af,CUS-00954,1572.12,pos,Rivers,Port-Harcourt,209b114ecb6f0b0f,2025-03-12 07:57:00,7,2,False
ffbfa2c8-e702-4b02-8aa0-dfda56b39fd9,CUS-01437,56084.59,bank_transfer,Edo,Egor,686cf0e43bad9564,2025-03-12 09:02:46,9,2,False
0e155b86-6505-4c23-bab4-52197840a2ac,CUS-01016,76996.33,mobile_money,Lagos,Surulere,b37267bda873e2af,2025-03-12 09:05:25,9,2,False
ff482e6a-1f33-4785-9c09-b0c4927cdd7a,CUS-00364,63371.25,bank_transfer,Jigawa,Jigawa-Central,a373311aaf47ce29,2025-03-12 09:55:21,9,2,False
2d6d1420-76d4-44f2-8904-2300cbccd45d,CUS-00536,38506.11,mobile_money,Borno,Borno-Central,f1abe6723efdbbfe,2025-03-12 10:02:46,10,2,False
5aa212bf-297f-4432-9c6b-4400b7b50670,CUS-01660,4220.62,pos,Kaduna,Zaria,47d98a681f2232b5,2025-03-12 10:07:14,10,2,False
3438cb84-3d0f-47e3-bae9-8b77ea6b16e4,CUS-00164,3977.22,bank_transfer,Lagos,Alimosho,cb6a2f6a6e372299,2025-03-12 10:38:06,10,2,False
5815200e-9088-4a98-a1d8-ff6aec543a6f,CUS-00760,4093.37,pos,Lagos,Alimosho,a5121d1898c9d913,2025-03-12 10:40:27,10,2,False
79d44be5-29d3-48a3-bff8-bab9004d724a,CUS-01282,2122.4,ussd,Oyo,Oyo East,dc18e0f8c5a69a14,2025-03-12 10:46:45,10,2,False
1733f37b-fc4c-40b1-b954-8c5b48ee2560,CUS-00166,1052.92,bank_transfer,Kano,Nassarawa,e4ecfe82156fb964,2025-03-12 11:16:13,11,2,False
792dac1a-db69-468a-9727-f09ab763eb20,CUS-01258,3055.55,pos,Lagos,Alimosho,b76535faa81b1618,2025-03-12 11:28:13,11,2,False
e5313b18-dce1-4aa6-8ed4-fae92799dc54,CUS-00661,86247.51,ussd,Ogun,Ogun-Central,94d166e2cf615c3e,2025-03-12 11:35:41,11,2,False
f6e0b815-af90-4719-b72b-98fd90ac6e3f,CUS-01184,733.58,bank_transfer,Lagos,Kosofe,1240f0ee08331360,2025-03-12 11:36:21,11,2,False
6aa00fc9-60e9-41cf-ae95-547f505fc10d,CUS-01412,89745.59,mobile_money,Kano,Tarauni,f6ccae4908f13600,2025-03-12 11:44:38,11,2,False
b1ac7e8c-f28c-43e5-8f70-fccf80275504,CUS-01795,884.86,ussd,Lagos,Oshodi-Isolo,8bb741d421fd10f3,2025-03-12 11:51:31,11,2,False
cce92981-e978-4cb4-b0ad-f5a795eb3151,CUS-01215,69307.29,pos,Lagos,Ikorodu,fcf96970900d7074,2025-03-12 12:12:28,12,2,False
c1340d5d-2301-4be7-a08c-ca6f1aae1c68,CUS-00350,21549.19,bank_transfer,Abuja FCT,Bwari,b27e4fcd31057a4f,2025-03-12 12:13:49,12,2,False
968fd828-5e98-4ca6-950e-51b79cb8a1c3,CUS-01913,1258.71,card,Rivers,Obio-Akpor,bdf92898e045a617,2025-03-12 12:22:20,12,2,False
7aaae7f6-f909-4bb8-8b2a-6a650a97e41f,CUS-01277,4126.9,mobile_money,Ogun,Ogun-Central,add5c891c349873a,2025-03-12 12:31:28,12,2,False
e3e329b5-6d38-4cdc-82c9-4aaf380087c6,CUS-01637,163.74,ussd,Lagos,Mushin,f8158692bfebfc89,2025-03-12 12:57:38,12,2,False
8f118862-45ad-4617-ab9c-a60da77ec1ad,CUS-01408,11432.26,pos,Kaduna,Kaduna North,f620b73c52c3b107,2025-03-12 13:01:25,13,2,False
51a101c8-7fd7-417d-9bdc-4c3b006e4de7,CUS-00308,12937.52,pos,Imo,Imo-Central,c2e5844899480571,2025-03-12 13:03:02,13,2,False
e2d1875d-b033-4d55-904f-e4c23678a921,CUS-00692,61867.11,pos,Abuja FCT,Municipal,a23dd42d3a699c35,2025-03-12 13:06:22,13,2,False
44c9e4ab-ca67-442b-a6a1-a8f99813104a,CUS-00950,879.62,mobile_money,Kaduna,Kaduna South,7660a9858ed161d4,2025-03-12 13:22:32,13,2,False
9ae67349-e9aa-440f-b9e6-d3791438de45,CUS-01505,1017.03,bank_transfer,Rivers,Obio-Akpor,9f574008966d27f8,2025-03-12 13:23:49,13,2,False
e56c2e6c-1cff-4e2a-8d3d-ddbf09600e1e,CUS-01449,281.93,pos,Anambra,Nnewi North,1136ae79af32c0d4,2025-03-12 13:27:27,13,2,False
84d84d91-3106-4e73-bdb1-42856686ee32,CUS-00290,85907.26,bank_transfer,Lagos,Lagos Mainland,9182df30e6018f89,2025-03-12 13:33:11,13,2,False
a633b1e5-e254-4478-a5d4-492abf5d77df,CUS-01130,586887.61,mobile_money,Ondo,Ondo-Central,00577bc6026132e0,2025-03-12 13:34:29,13,2,False
4ab8590a-d209-4077-b618-7927b47c2662,CUS-01585,64497.22,pos,Lagos,Agege,9d4d8197c0ce1b15,2025-03-12 13:42:31,13,2,False
a956d7b0-4887-4ab9-b2a8-12c980499ca6,CUS-00148,4876.64,bank_transfer,Lagos,Oshodi-Isolo,60928649e7eb9481,2025-03-12 13:48:15,13,2,False
ad523008-a987-4630-83b1-2532fa5fddfd,CUS-00884,944.9,pos,Imo,Imo-Central,fa41306184b74757,2025-03-12 13:51:17,13,2,False
aeaa14f6-687b-476d-9741-2a306bd86779,CUS-01855,352.68,pos,Lagos,Kosofe,5f2890bf6a138d02,2025-03-12 14:00:38,14,2,False
0e0772d4-9d23-4e5f-806e-33a19f5a8b81,CUS-01156,56884.69,ussd,Lagos,Ikorodu,031d6ab684c1b05f,2025-03-12 14:01:12,14,2,False
bc57dc4b-1e94-40b2-849f-b33591ec93c7,CUS-00942,246.42,bank_transfer,Delta,Oshimili South,f7c21e7a847ebee4,2025-03-12 14:05:11,14,2,False
dca57135-3486-42a0-801c-3c31d11c865d,CUS-00699,93784.49,mobile_money,Abuja FCT,Municipal,4d53a36d0b28e08f,2025-03-12 14:08:17,14,2,False
96ced0d0-8c68-45bf-b833-ba15458cfa3a,CUS-01362,62.07,mobile_money,Enugu,Enugu North,97bd9276d63af312,2025-03-12 14:12:55,14,2,False
692aa4ff-641a-4ad5-86b4-db0aa04bdc6f,CUS-01883,28315.7,pos,Kwara,Kwara-Central,2ae91dfda8953f4b,2025-03-12 14:14:37,14,2,False
55243693-fafb-49d5-a286-20fa145cf3e4,CUS-00804,328997.14,ussd,Rivers,Oyigbo,77e85fd09a04681d,2025-03-12 14:19:07,14,2,False
a7b9969c-dba6-4446-a4ec-8c98a358b082,CUS-01504,372.94,ussd,Rivers,Port-Harcourt,f335f5754e24756b,2025-03-12 14:21:14,14,2,False
13698990-1bea-4a10-ace5-5a8d0b045b96,CUS-00737,3610.3,pos,Plateau,Plateau-Central,b3fcfe129e0f1e6a,2025-03-12 14:21:22,14,2,False
5f89f4a8-2dee-41f4-91db-5a7c97f3be33,CUS-01465,483.91,mobile_money,Lagos,Oshodi-Isolo,4ea35215245db93a,2025-03-12 14:21:26,14,2,False
7bb32ec1-1a95-4daf-ab95-f2be9ef55691,CUS-00457,1636.69,bank_transfer,Abuja FCT,Municipal,bf419fd9bf1b95cb,2025-03-12 14:35:22,14,2,False
136d11ef-56c2-4185-9a0e-4a5b50ffff4f,CUS-01605,824835.94,pos,Abuja FCT,Kuje,e888ec392f115231,2025-03-12 14:39:02,14,2,False
54b55175-d032-4469-9630-57596a9d1777,CUS-00740,281677.11,bank_transfer,Abuja FCT,Bwari,3c0b1d114141c593,2025-03-12 14:43:00,14,2,True
311ee7af-9aec-471a-8491-15dbeb636b33,CUS-01366,2452.03,pos,Ondo,Ondo-Central,bb1761bfcb6e4105,2025-03-12 14:48:21,14,2,False
db57e8b7-0de4-4214-a643-fff1c42ccab2,CUS-01276,38190.3,mobile_money,Lagos,Mushin,990dec7a88b42303,2025-03-12 14:57:11,14,2,False
86f93a68-bea0-4fa5-9cca-a164bc5a9acf,CUS-01141,465.97,ussd,Kano,Nassarawa,d0913cca917fcf09,2025-03-12 15:13:09,15,2,False
a84bf6a9-35c5-4106-a818-132c527bdbfc,CUS-01890,379834.97,mobile_money,Lagos,Oshodi-Isolo,c84a562ccf107b05,2025-03-12 15:14:19,15,2,False
5ac1b357-5daf-4f6d-991a-c506afa4205a,CUS-01494,109.37,mobile_money,Kaduna,Kaduna South,acf36f5ac3721732,2025-03-12 15:14:29,15,2,False
98e60679-7117-485f-8ce7-ed361430fcd0,CUS-01899,25482.86,mobile_money,Abia,Abia-Central,4800f88391a66586,2025-03-12 15:17:53,15,2,False
8dbb3291-13a5-4042-a116-0e876f0af625,CUS-00453,611.56,pos,Kogi,Kogi-Central,540bb66ff44d3712,2025-03-12 15:23:26,15,2,False
834132c5-bb39-4139-874b-f9d77a88f85d,CUS-01350,50101.79,pos,Zamfara,Zamfara-Central,7a1763d6a096d54e,2025-03-12 15:41:33,15,2,False
346f11bd-b99f-498e-bdb9-f0e0d1627966,CUS-00223,483182.46,bank_transfer,Rivers,Oyigbo,c12a7918695dc12e,2025-03-12 15:46:00,15,2,True
856498f5-0246-4e13-8ca1-6ed162285cf5,CUS-01980,77662.03,mobile_money,Lagos,Eti-Osa,a42dd9da04c1821e,2025-03-12 15:54:06,15,2,False
c6e7a760-d3c0-4301-85e0-0c442f6def30,CUS-01677,239.6,mobile_money,Rivers,Port-Harcourt,283f6dc9c1ece240,2025-03-12 16:00:00,16,2,True
8eb857c7-4f5e-49ed-87d0-8d821ce8d7d5,CUS-00767,431.58,pos,Kebbi,Kebbi-Central,b60a92927087472a,2025-03-12 16:09:32,16,2,False
499edfed-4945-4d7a-8ac5-b9b88ef7f337,CUS-01677,201.71,ussd,Rivers,Port-Harcourt,283f6dc9c1ece240,2025-03-12 16:10:00,16,2,True
982cc4c3-787b-48bc-8ad3-9616cf25d992,CUS-00143,663670.99,pos,Kano,Gwale,66fd566c77024e1a,2025-03-12 16:10:42,16,2,False
c7a8baf0-a785-4056-b6f6-aaeebae3b7ed,CUS-01875,765915.54,bank_transfer,Oyo,Oyo East,e2ff9bcd14190600,2025-03-12 16:13:47,16,2,False
d7289c61-8ea4-45df-aab1-0f4d3eaa7378,CUS-01677,469.28,ussd,Rivers,Obio-Akpor,283f6dc9c1ece240,2025-03-12 16:14:00,16,2,True
05ed58d6-d011-4994-9917-c2a7e18d55a4,CUS-01001,917.91,mobile_money,Oyo,Oyo East,537f88949a0d8fb6,2025-03-12 16:17:23,16,2,False
dc397b2e-953a-44dd-8d41-92476d728b83,CUS-01677,316.72,pos,Rivers,Eleme,283f6dc9c1ece240,2025-03-12 16:21:00,16,2,True
8329a265-ddcc-4dd1-9409-5d6c6f447326,CUS-01677,428.53,pos,Rivers,Eleme,283f6dc9c1ece240,2025-03-12 16:24:00,16,2,True
adc47fc7-fe15-40dd-aa8d-e26114b709ee,CUS-01332,653770.47,pos,Lagos,Ikeja,4ca97245da0a0e27,2025-03-12 16:34:18,16,2,False
67868b7c-d279-4434-8858-d078be091fe4,CUS-00288,235.98,bank_transfer,Kano,Dala,2303bb40e0492b07,2025-03-12 16:36:48,16,2,False
84d22614-e5ed-4168-94e5-77ec580b2b85,CUS-01775,9807.25,ussd,Kano,Dala,d9a299ad346ab25c,2025-03-12 16:37:35,16,2,False
63d06bf4-8f81-4514-addf-8f82c6656a05,CUS-01314,52013.56,pos,Abuja FCT,Kuje,c3e6a458eded1ae6,2025-03-12 16:41:16,16,2,False
0aa955ec-9932-4057-be77-23798854fe22,CUS-00581,12586.13,ussd,Ekiti,Ekiti-Central,776ab7b687026c79,2025-03-12 16:44:22,16,2,False
c929f41d-4a5f-4743-9839-f51543a63a41,CUS-01677,85.43,pos,Rivers,Port-Harcourt,283f6dc9c1ece240,2025-03-12 16:47:00,16,2,True
12d8baa9-d108-4086-bfc2-e1ee635b21f7,CUS-01199,4755.33,pos,Lagos,Surulere,87823df2b69fc0a4,2025-03-12 16:47:13,16,2,False
fcf1053c-a032-4c2f-8e67-d6e175c5821d,CUS-01226,31383.73,pos,Rivers,Obio-Akpor,def91623b5e943da,2025-03-12 16:47:23,16,2,False
f5fc0dbe-9e28-48c0-9ad6-fd3af5144a9e,CUS-01958,434066.33,pos,Enugu,Enugu East,35d71c040875cc99,2025-03-12 16:51:15,16,2,False
9a9a3e66-762f-4ffb-bff6-dd02a7bf7cad,CUS-00733,4939.35,mobile_money,Abuja FCT,Bwari,47a5dfc0b178c136,2025-03-12 16:52:00,16,2,False
1e8ce374-b0ff-4d5e-8b04-eb339ce1bfc5,CUS-01981,14912.07,mobile_money,Benue,Benue-Central,2e3ca59fe7d431e5,2025-03-12 16:55:58,16,2,False
39af0e31-088f-4d4e-9cf5-1d95856c434a,CUS-01771,4465.15,pos,Abia,Abia-Central,9bef20b0925967ba,2025-03-12 16:58:31,16,2,False
08b6e989-f421-42c5-9fe8-b854cd5540a4,CUS-01274,162.24,mobile_money,Abuja FCT,Bwari,c8401a675b0291f5,2025-03-12 17:12:15,17,2,False
3b1714c4-490d-48eb-9d27-461f588d1c15,CUS-01380,51412.87,pos,Lagos,Mushin,43e0a205888c9d8d,2025-03-12 17:20:05,17,2,False
c1cfcf73-932c-4b5c-b05d-656f7bb6ee64,CUS-01276,3070.46,mobile_money,Lagos,Ikeja,990dec7a88b42303,2025-03-12 17:21:33,17,2,False
75dbcb99-1053-40f4-82aa-bc42d1d5d2f6,CUS-00992,4951.06,mobile_money,Kano,Kumbotso,9efb5fcc24e336a3,2025-03-12 17:23:37,17,2,False
c76d94d8-6441-491b-bc9c-d82c21fd1891,CUS-00012,123.5,ussd,Bauchi,Bauchi-Central,e79bb123ff92969b,2025-03-12 17:31:41,17,2,False
b722bc7d-428b-4088-8f27-8501a64b4cac,CUS-00246,1304.32,pos,Rivers,Eleme,ff8ab03394d64642,2025-03-12 17:40:22,17,2,False
9542a5bb-d9f2-4cfa-956e-e73c9fb42c98,CUS-01075,49847.39,ussd,Rivers,Oyigbo,6acbe7b85ae03a41,2025-03-12 17:45:56,17,2,False
86cbe7d2-27ef-4d79-b9d2-3e3cd69c00ef,CUS-00210,68697.86,ussd,Oyo,Ogbomoso,e7a908e94677ed3e,2025-03-12 17:48:54,17,2,False
fa4917cd-48cf-4744-a631-e26681c22e43,CUS-00725,3330.4,pos,Bauchi,Bauchi-Central,9102998f6f03a951,2025-03-12 17:56:57,17,2,False
1abdc395-ddba-478c-bd34-a83d069797d1,CUS-00085,64494.63,bank_transfer,Kano,Nassarawa,bbe1ca633613948f,2025-03-12 18:02:34,18,2,False
11712ed7-61a0-4b49-901f-f05dbe79d970,CUS-01146,12256.95,ussd,Imo,Imo-Central,76f5ffdd3a544aea,2025-03-12 18:05:05,18,2,False
4f99e673-da34-4ba8-b5e7-aafe2bf70435,CUS-00549,3512.07,pos,Abia,Abia-Central,1fd68e751cdf9d32,2025-03-12 18:06:35,18,2,False
eed0707c-330d-4aae-8c43-55112fc13640,CUS-00098,264425.33,mobile_money,Lagos,Ikorodu,2a59164cbbab5589,2025-03-12 18:16:00,18,2,False
21a7c227-decb-4bd0-b99c-43f7e0f10290,CUS-00732,4025.21,pos,Delta,Warri South,d2fa86ca5f1299e7,2025-03-12 18:24:47,18,2,False
b42353fa-9a33-44f5-a751-2d08b2bd2707,CUS-01061,802.02,pos,Ekiti,Ekiti-Central,483102c8c509fdd4,2025-03-12 18:29:34,18,2,False
f1b0e82b-981e-4e43-84ce-3dddd4f76bee,CUS-01518,381.58,pos,Lagos,Mushin,25b3afc72feb3e62,2025-03-12 18:30:44,18,2,False
d81f18b7-655e-49af-a90d-06969eb6d41f,CUS-00877,25690.86,pos,Delta,Warri South,dbdece7179f3f47e,2025-03-12 18:34:27,18,2,False
3d024e8d-f0c2-46b3-8da3-0111fb88281a,CUS-00386,93216.96,pos,Kano,Gwale,273baa91f71df6fc,2025-03-12 18:52:12,18,2,False
6c186057-5eed-4da9-a913-daae838a10f3,CUS-01783,584.28,mobile_money,Enugu,Enugu North,2d29a4303c9d0ac3,2025-03-12 19:05:37,19,2,False
4a102b1a-5e15-45c6-a06e-328487031a05,CUS-01702,4055.98,pos,Kano,Gwale,f22f0d78734c4760,2025-03-12 19:06:22,19,2,False
f6896876-b4f8-4910-9664-36f0a96ac588,CUS-01327,4158.13,bank_transfer,Imo,Imo-Central,eb2337efa4835881,2025-03-12 19:08:26,19,2,False
fe2dc561-0367-4c51-9840-cb55c082d1ba,CUS-00573,90917.85,pos,Enugu,Nsukka,20cc363a9d220ed3,2025-03-12 19:24:37,19,2,False
3f779752-0382-41b6-8f34-149076e2571c,CUS-01485,35341.92,bank_transfer,Rivers,Port-Harcourt,25b0414821785e33,2025-03-12 19:28:10,19,2,False
e1767f12-d305-48fb-9247-5ae2e191e5ee,CUS-01896,3029.01,pos,Kaduna,Zaria,6c0c831c8a5b6324,2025-03-12 19:40:39,19,2,False
07b0876a-fe2b-4821-ae7e-3b7963af902d,CUS-01779,2302.04,pos,Bauchi,Bauchi-Central,976df3ec4bd11a74,2025-03-12 19:55:11,19,2,False
a3c57bbe-3f57-4a09-9fa0-47f3a35c3514,CUS-01588,161.35,pos,Rivers,Eleme,66d4c5dbca5c27b5,2025-03-12 19:55:41,19,2,False
67f687cc-6ac1-4148-9dcd-015f82cd2055,CUS-01839,369042.45,mobile_money,Lagos,Eti-Osa,9ec5d5657a2201e2,2025-03-12 20:07:24,20,2,False
e70911c3-9c33-457a-994c-2898fc365103,CUS-01461,662.0,pos,Delta,Warri South,1f5002689c96a0c3,2025-03-12 20:14:33,20,2,False
8d84a556-b211-4626-958f-912021007fe4,CUS-00461,2438.11,ussd,Delta,Warri South,981e3f54a7831fcb,2025-03-12 20:37:35,20,2,False
159b41a0-4e63-4bfe-8cc8-2e2c8ec84f0b,CUS-00694,96604.06,card,Lagos,Mushin,b03f929a59bb3f8b,2025-03-12 20:38:27,20,2,False
9f815593-2211-4350-a83a-8c4902f58104,CUS-00045,127.33,pos,Delta,Oshimili South,6711970ae6af006e,2025-03-12 20:43:37,20,2,False
2c84897e-fe96-4784-bad0-4dbeaf3d8211,CUS-00904,15091.36,bank_transfer,Rivers,Port-Harcourt,d0e1243f2b62d140,2025-03-12 21:01:11,21,2,False
8e39e8a7-589b-4c23-8200-110096962c15,CUS-00866,41365.91,bank_transfer,Lagos,Mushin,e2829db4416371b8,2025-03-12 21:04:37,21,2,False
206f01c6-79d5-46a7-bd6e-0b8887de0779,CUS-00860,468947.66,ussd,Abia,Abia-Central,0fc42ad3f8af3841,2025-03-12 21:09:19,21,2,False
f66824cb-541a-46cd-a7f9-24baa02fc886,CUS-00483,78139.62,pos,Enugu,Enugu East,f578d51fdcfff376,2025-03-12 21:15:58,21,2,False
673931d4-39dc-4a06-8d26-a0139e7150a1,CUS-01455,3373.65,pos,Yobe,Yobe-Central,6d93573997f3a028,2025-03-12 21:17:08,21,2,False
1551ceb4-5b91-4387-9538-78361f786615,CUS-01305,800136.41,pos,Zamfara,Zamfara-Central,dfc9ae6662f00748,2025-03-12 21:17:17,21,2,False
4b7bfe86-8d49-4a55-b7e2-d4752c578ccd,CUS-00193,40226.75,bank_transfer,Enugu,Enugu East,d152fd56ffcd3512,2025-03-12 21:21:01,21,2,False
6b47e94c-e531-4e21-8777-9a048b662729,CUS-00477,3907.66,mobile_money,Oyo,Ibadan North,4a04eeeb911cfe41,2025-03-12 21:21:10,21,2,False
3fd712b5-f1af-4a9a-99cd-9374bee4912f,CUS-00925,77.19,ussd,Lagos,Eti-Osa,2cefba7709b5a566,2025-03-12 21:34:29,21,2,False
8cc58271-019a-4884-8049-54bc1f52cee1,CUS-01866,1330.5,bank_transfer,Lagos,Ikeja,f5c9c28a915088f1,2025-03-12 21:35:17,21,2,False
57de02eb-ea6d-49d1-b46d-f21bebbed916,CUS-01725,83853.31,ussd,Lagos,Oshodi-Isolo,4229e96a8075ad7f,2025-03-12 21:37:33,21,2,False
4491070f-e206-499d-a94f-e68f62bc6485,CUS-01393,2066.36,pos,Abuja FCT,Municipal,713de381805278a1,2025-03-12 21:39:28,21,2,False
e82383a7-3c02-49d9-9f14-b2fd50d043a1,CUS-01072,282.34,pos,Lagos,Eti-Osa,5e8f9450d294cb82,2025-03-12 21:45:49,21,2,False
5d3b42ee-b6dc-4b23-9cbb-0fca2edb71dd,CUS-01711,236.06,mobile_money,Lagos,Lagos Mainland,17b68a7cdec7e709,2025-03-12 23:28:16,23,2,False
70a49fb6-493c-4c46-bb19-cca1a11ebc85,CUS-01147,44644.06,pos,Delta,Uvwie,780d811024c2eb53,2025-03-12 23:49:14,23,2,False
216ca639-12a2-4102-940e-8072be014610,CUS-01178,389.94,mobile_money,Kwara,Kwara-Central,94f90507e81b387e,2025-03-13 00:20:43,0,3,False
53ac4220-52ee-4085-b530-f4e5ae747018,CUS-01427,3886.23,bank_transfer,Katsina,Katsina-Central,c2f17c1bd5b25fd5,2025-03-13 00:35:25,0,3,False
54562d55-53a5-4934-9337-ed2705f4d248,CUS-01898,405.06,bank_transfer,Kano,Gwale,73da0890ffb3c362,2025-03-13 02:15:51,2,3,False
c8c1bcaa-1946-41ca-b647-d418fe077f13,CUS-01128,4182.52,pos,Rivers,Oyigbo,4768fdad9f4a852b,2025-03-13 02:33:15,2,3,False
8fe71502-a7ef-4076-8b42-dae87baf24ec,CUS-00423,21427.83,bank_transfer,Abuja FCT,Kuje,11676efe42bc94c7,2025-03-13 03:17:18,3,3,False
2948c5e1-a2cc-4fb9-bf57-a561499e58ac,CUS-01940,1058.84,mobile_money,Lagos,Surulere,07e3e3257383f7f3,2025-03-13 03:30:15,3,3,False
3319cfd1-6f24-4de4-9cb0-768615efda8d,CUS-00544,25883.44,pos,Enugu,Enugu East,7c1e957e56743c52,2025-03-13 03:45:51,3,3,False
e8f733c0-1e5d-4ccf-bf18-8d74078a540b,CUS-01817,178.79,pos,Kwara,Kwara-Central,303a9e8e2b3d6b5a,2025-03-13 04:20:30,4,3,False
08e71b11-8efe-4da8-9c5a-569395c0e0f1,CUS-01980,355.13,mobile_money,Lagos,Kosofe,a42dd9da04c1821e,2025-03-13 05:22:06,5,3,False
4a0d3be8-b693-4074-91b6-3e4efd074b61,CUS-01817,49733.03,mobile_money,Kwara,Kwara-Central,303a9e8e2b3d6b5a,2025-03-13 06:10:51,6,3,False
08353238-b286-47dc-9822-cf7504634efc,CUS-01686,7044.67,ussd,Adamawa,Adamawa-Central,7628d342554142c5,2025-03-13 07:48:58,7,3,False
562b7c8d-cc16-4777-bcf0-2385425897bb,CUS-00460,39871.15,card,Lagos,Oshodi-Isolo,8b26a630ac3a5c27,2025-03-13 09:02:44,9,3,False
93a88cbd-61ee-4428-9799-afcb686b0e7b,CUS-00754,1159.41,pos,Lagos,Mushin,050f9e3bad7016e4,2025-03-13 09:15:46,9,3,False
83e9c057-4737-45c4-96fe-63d6ac025cb8,CUS-01103,314.64,bank_transfer,Yobe,Yobe-Central,8d3a44d119f34b76,2025-03-13 09:25:36,9,3,False
b2bd9a1e-d1ad-431c-8f58-c5491f33beec,CUS-00489,3493.95,pos,Niger,Niger-Central,6fd9e9e2be5896c6,2025-03-13 09:36:59,9,3,False
0d8d21fb-5bd6-4333-8510-c90cd121226e,CUS-00597,934.58,bank_transfer,Lagos,Agege,c0926ee4a0783d90,2025-03-13 10:24:49,10,3,False
38e1deea-e598-483a-98b6-ed486b123c2c,CUS-00161,27447.22,pos,Enugu,Enugu North,60cf3886193024a7,2025-03-13 10:41:26,10,3,False
323301b9-015c-48bd-8e69-17c92d493256,CUS-01350,2963.61,pos,Zamfara,Zamfara-Central,7a1763d6a096d54e,2025-03-13 10:44:54,10,3,False
67af1de0-df49-4c65-aebb-871637cdad5b,CUS-01579,64716.52,bank_transfer,Oyo,Oyo East,98d39056461813d3,2025-03-13 10:46:26,10,3,False
1d6410a0-8043-4346-9d42-6e49d7eea093,CUS-00687,73014.11,bank_transfer,Kano,Nassarawa,861f932bcda67d65,2025-03-13 10:47:57,10,3,False
b042ff81-ec07-4875-8df1-6a6d2ade3114,CUS-00956,343.09,mobile_money,Abuja FCT,Kuje,bb3872e548a09f75,2025-03-13 10:50:43,10,3,False
359b68a6-7b5a-4d25-b0fb-070429563a7e,CUS-01998,9873.51,bank_transfer,Lagos,Kosofe,1b723b7d1e316182,2025-03-13 10:51:58,10,3,False
4127b6a2-6ca9-4b70-a60c-335438bb1e3e,CUS-01751,740763.02,ussd,Lagos,Agege,d7aa67b01e985885,2025-03-13 10:56:25,10,3,False
979c5d25-327e-4adb-8e14-e594c4d35a71,CUS-01721,2764.39,mobile_money,Lagos,Surulere,2c0eac63a6a92e4e,2025-03-13 11:04:21,11,3,False
76c90bc2-bbca-432f-9aba-13fc509ccf19,CUS-00543,62857.26,bank_transfer,Anambra,Nnewi North,e27f3865854040c1,2025-03-13 11:25:03,11,3,False
c5bd3639-d862-43d7-a4c8-839304cdb739,CUS-00894,1245.48,pos,Anambra,Onitsha North,4d7414a6f0f8e763,2025-03-13 11:53:59,11,3,False
8fabdf22-5f9d-419f-aa61-a5335387b0e2,CUS-01580,4781.7,bank_transfer,Lagos,Alimosho,e37c823dc8776661,2025-03-13 11:54:18,11,3,False
cc695a78-9011-4528-9be0-b362fe391fcb,CUS-01400,477.82,pos,Lagos,Eti-Osa,5cde144e0f72a982,2025-03-13 11:59:47,11,3,False
9f3b2847-d13e-45f9-b9e8-78ad8ce49946,CUS-00633,69456.37,pos,Oyo,Oyo East,588850e3ca7f47b7,2025-03-13 12:06:02,12,3,False
aa960ebf-73be-4e63-bb8b-d9107bbd07d2,CUS-01778,6029.29,mobile_money,Lagos,Kosofe,88867b61ceb71236,2025-03-13 12:23:31,12,3,False
3cf1b515-956e-4ee4-b397-5ee219a6c42f,CUS-00675,18244.61,pos,Ekiti,Ekiti-Central,ee2d9866f851f434,2025-03-13 12:32:29,12,3,False
4464fe45-737f-4149-ba11-c1c2fb1fb4e2,CUS-01764,433.6,bank_transfer,Lagos,Kosofe,168fd9369822d366,2025-03-13 12:33:39,12,3,False
7a22bfdb-1647-4276-8acc-1409059db2f5,CUS-00163,56835.91,mobile_money,Oyo,Oyo East,8d5738008732b193,2025-03-13 12:37:35,12,3,False
e4fbd380-fd33-415a-80bf-eb3413c68d63,CUS-01808,65540.87,pos,Lagos,Kosofe,82f5a1f1904224bf,2025-03-13 12:41:50,12,3,False
3d63f6c3-5eae-4796-9213-baf2c7fb36a5,CUS-00746,1957.23,bank_transfer,Rivers,Eleme,e9d240424aae87b1,2025-03-13 12:50:25,12,3,False
f01f3d37-7b1e-4a02-aa59-32f8c5f4895e,CUS-00598,460.35,pos,Lagos,Surulere,d5c97c675731bd9e,2025-03-13 12:59:49,12,3,False
d93ac258-592d-451a-bf36-a6fe47f65a3d,CUS-00787,1348.03,pos,Rivers,Obio-Akpor,f8a43fab67f661de,2025-03-13 13:14:25,13,3,False
aa9b1e74-7632-45c4-b749-477d162aed47,CUS-01298,3997.49,pos,Enugu,Enugu North,8316a52fadfdb58f,2025-03-13 13:26:43,13,3,False
de99b7a2-458a-4ac6-9acf-456a49fc15a2,CUS-00499,2233.71,bank_transfer,Ogun,Ogun-Central,24073aefc48b8a94,2025-03-13 13:31:07,13,3,False
fb97c6a7-08e1-4d06-9bc2-cdfa74580c54,CUS-01723,2907.07,pos,Lagos,Alimosho,b8469a7d5c27212d,2025-03-13 13:35:06,13,3,False
ff2ec3a0-a1e5-4abd-be34-ad8ccf08aa76,CUS-01814,3398.68,pos,Lagos,Oshodi-Isolo,46056a504b319207,2025-03-13 13:35:51,13,3,False
1af730c4-a30e-436c-8139-5cadb83a1505,CUS-01220,86807.37,bank_transfer,Katsina,Katsina-Central,a6368f9dab3152f7,2025-03-13 13:50:19,13,3,False
3c7f76df-2e9f-46ff-b759-11d89d607e63,CUS-01416,83056.43,pos,Lagos,Surulere,ec384e46e51f1e64,2025-03-13 13:56:40,13,3,False
77797754-8e17-40bf-b843-8a216eab8da7,CUS-00642,762003.64,pos,Lagos,Lagos Mainland,913f865737af793f,2025-03-13 13:58:55,13,3,False
42b5eb52-b013-480c-af40-68118111e1c5,CUS-00668,69745.32,mobile_money,Lagos,Eti-Osa,5e53bf0f5aecd7ec,2025-03-13 14:03:12,14,3,False
211d28df-299f-4864-bdf4-f0bf83974642,CUS-01796,124.03,bank_transfer,Ondo,Ondo-Central,35497b8b7e62e84e,2025-03-13 14:05:29,14,3,False
bfb99483-b30a-4b4e-9986-479220e89239,CUS-01420,3972.16,mobile_money,Kano,Tarauni,eff694d3bbf74ab9,2025-03-13 14:08:54,14,3,False
834fef2a-3267-442c-81bc-e79d68c3b141,CUS-00198,2646.25,pos,Niger,Niger-Central,9af1733f50cf9816,2025-03-13 14:19:03,14,3,False
4ce6bcbf-970e-4225-b625-7e7c2c2da5f7,CUS-00914,147.72,pos,Oyo,Ibadan South-West,42ac2c60f8f7aa0a,2025-03-13 14:19:44,14,3,False
c946d184-4092-46dd-8104-f9168b29e96b,CUS-00879,396732.73,pos,Lagos,Agege,4f8acc0ab1ef2e45,2025-03-13 14:26:01,14,3,False
12611a5c-ba4c-4c80-b39d-7467443b6c30,CUS-01276,2386.57,mobile_money,Lagos,Ikorodu,990dec7a88b42303,2025-03-13 14:30:48,14,3,False
4fe4e320-123a-4c19-a36a-0520f6dc7133,CUS-01130,38992.35,mobile_money,Ondo,Ondo-Central,00577bc6026132e0,2025-03-13 14:36:10,14,3,False
35e1af6f-b585-4d77-925b-999acee2f034,CUS-00075,68.16,ussd,Ondo,Ondo-Central,a51136303b3a0a60,2025-03-13 14:42:29,14,3,False
6f97faa7-a75a-4e8e-bc25-1c385073b751,CUS-00399,462.4,bank_transfer,Osun,Osun-Central,7ad897b38bbadf7c,2025-03-13 14:45:38,14,3,False
41fd2d07-af8c-49f9-ae06-b3cd4c766013,CUS-00424,3017.81,pos,Lagos,Alimosho,91994fb841d39732,2025-03-13 14:46:01,14,3,False
6244f281-ac4a-462d-99db-8f72096d53da,CUS-01263,381.45,pos,Abuja FCT,Gwagwalada,a2d63acc0293b2db,2025-03-13 14:49:48,14,3,False
0d0be94b-ce61-4ba4-afbf-fa5502afaf46,CUS-01916,733.52,pos,Niger,Niger-Central,5cc192455973d5fe,2025-03-13 14:54:15,14,3,False
eb7d5709-3ab9-44ad-bd17-31e8e82a8459,CUS-00082,3681.34,bank_transfer,Kano,Tarauni,1b3d2d4d9e9c6adc,2025-03-13 15:02:07,15,3,False
47dee3d3-e73f-4069-9848-4044e0d7b504,CUS-00642,956835.93,mobile_money,Lagos,Ikeja,913f865737af793f,2025-03-13 15:16:13,15,3,False
94834f9f-5aa1-4653-aa52-0b9b20774dc3,CUS-01904,4996.07,mobile_money,Osun,Osun-Central,5ef2e52b8d5a94b5,2025-03-13 15:22:01,15,3,False
f3ddd549-e887-41e7-a238-35c9c931607c,CUS-00791,4470.07,pos,Kaduna,Kaduna South,6e4ba221fb73358b,2025-03-13 15:25:12,15,3,False
d1c9fa9d-ecde-437c-bc65-dd41f523ef91,CUS-00791,65140.78,card,Kaduna,Zaria,6e4ba221fb73358b,2025-03-13 15:26:24,15,3,False
b2617bd0-bf7a-4907-8339-f642c56849e8,CUS-01928,499.95,mobile_money,Delta,Uvwie,3b3cf79cd7b03c7e,2025-03-13 15:29:17,15,3,False
898eb549-de8b-474d-b2e1-59510ca63207,CUS-00514,154.57,bank_transfer,Lagos,Ikeja,f596f20231d78a05,2025-03-13 15:30:28,15,3,False
4666c152-f41a-45b5-a3dd-1390a40c0a42,CUS-00365,33012.24,pos,Rivers,Obio-Akpor,54e2be4f9b9a36b4,2025-03-13 15:48:38,15,3,False
2589d23e-0b89-472b-b172-e8bd724fa7ed,CUS-00460,891292.72,ussd,Lagos,Mushin,8b26a630ac3a5c27,2025-03-13 16:16:23,16,3,False
2617133b-9f26-4488-b5b2-bd76bce1009f,CUS-01960,88919.11,bank_transfer,Lagos,Ikorodu,4940f9f60c439d5c,2025-03-13 16:17:14,16,3,False
49a41b84-a55e-4ce7-825b-15774896c26e,CUS-01742,1981.0,mobile_money,Kwara,Kwara-Central,d2a3e6ca8f72aef1,2025-03-13 16:18:18,16,3,False
a5583ae3-5f79-4ba7-a4ca-af56361116e1,CUS-00774,4671.1,pos,Imo,Imo-Central,0cb0597db7a27c83,2025-03-13 16:27:45,16,3,False
fd4a6336-91db-4519-a8db-922d26c881fb,CUS-00638,69777.42,card,Kano,Dala,10a3f70099baa52a,2025-03-13 16:28:08,16,3,False
57e630a9-581a-4f4c-b7d8-9fe550602123,CUS-00237,90715.31,pos,Lagos,Ikorodu,780e328ca59b422a,2025-03-13 16:35:21,16,3,False
3aa3ec7f-6cd2-4771-ad7b-432f2efd2c94,CUS-01230,195.02,bank_transfer,Nassarawa,Nassarawa-Central,e80635d7cc7194ff,2025-03-13 16:35:25,16,3,False
7e3eea20-508d-43af-99c9-90c2cc725c85,CUS-00166,23271.58,bank_transfer,Kano,Dala,e4ecfe82156fb964,2025-03-13 16:36:59,16,3,False
e14d1cdf-20c8-41bb-9d56-a7675a882c1f,CUS-00289,29477.79,pos,Kaduna,Kaduna North,b2cf27b1e6b53ab6,2025-03-13 16:44:22,16,3,False
54a7ca7c-2157-4eca-b555-7d7e771e2a8c,CUS-00979,417.96,card,Kaduna,Kaduna North,6e449854f903e547,2025-03-13 16:59:39,16,3,False
017a9032-1e81-4535-ac1c-fa5a2c01fbb2,CUS-00174,3692.74,pos,Delta,Oshimili South,7939dff4afa3065e,2025-03-13 17:04:29,17,3,False
74fc3c5b-32b2-48c4-bb8b-f4fccce83280,CUS-01462,41804.25,bank_transfer,Lagos,Kosofe,0d73f85c4e1721ca,2025-03-13 17:06:56,17,3,False
92862c70-b431-4dda-a7df-39ef08452ded,CUS-01204,17003.77,pos,Abuja FCT,Kuje,7fc10fe4ca5124d6,2025-03-13 17:17:29,17,3,False
a16850df-d0ea-4cf4-b709-b0498b84c4b1,CUS-00350,1418.08,bank_transfer,Abuja FCT,Municipal,b27e4fcd31057a4f,2025-03-13 17:21:22,17,3,False
d24133ca-f55f-44ea-9863-1ef6a72cd749,CUS-00944,122.95,mobile_money,Lagos,Eti-Osa,50fc92000a61d043,2025-03-13 17:24:48,17,3,False
632945dc-82f3-402d-9af6-72abb5f21ec6,CUS-01401,229.83,pos,Lagos,Agege,819745d3500a43cf,2025-03-13 17:31:52,17,3,False
dbd10821-766a-4f0b-a633-455dfc62b988,CUS-00007,601.74,mobile_money,Zamfara,Zamfara-Central,d8d2a6dd35f76c1f,2025-03-13 17:33:02,17,3,False
87ff8c74-fe27-4790-bf6e-6e70a7ec7aa5,CUS-00467,14524.13,pos,Zamfara,Zamfara-Central,bbda5494e485c011,2025-03-13 17:44:21,17,3,False
ff2e8512-4389-4492-a7fa-11e8cd88fbdf,CUS-00368,2841.26,pos,Lagos,Surulere,fbea58cfa25efa40,2025-03-13 17:55:31,17,3,False
634a476c-edc4-492e-b9f7-28ef2c34d8d1,CUS-01707,2246.89,pos,Lagos,Lagos Mainland,9fd922cd16970c90,2025-03-13 18:00:13,18,3,False
b2b51370-0e73-4d7f-b9e4-d97840da7662,CUS-00689,3837.46,bank_transfer,Lagos,Ikeja,4784d171657cbb42,2025-03-13 18:01:46,18,3,False
63fda086-1767-4406-b413-6c4832c59744,CUS-01513,42528.85,mobile_money,Lagos,Ikeja,bdecb2a312b96c1c,2025-03-13 18:01:46,18,3,False
0fadf9df-d010-4eb0-8a3d-6108dc431ce9,CUS-00722,1900.14,mobile_money,Lagos,Surulere,c446e12fd8320bf5,2025-03-13 18:05:25,18,3,False
c387c590-df23-4f85-9e58-8a8830a900e5,CUS-00745,359.24,mobile_money,Nassarawa,Nassarawa-Central,29e2cbcd28a19312,2025-03-13 18:11:14,18,3,False
5c47066e-4189-40fe-8842-4a9089c121ef,CUS-01585,2090.31,pos,Lagos,Lagos Mainland,9d4d8197c0ce1b15,2025-03-13 18:12:37,18,3,False
d20082c4-e8ec-4651-80ab-9f035b74c370,CUS-01097,834.25,bank_transfer,Lagos,Ikorodu,8547f78879fe432c,2025-03-13 18:31:13,18,3,False
9b3658ac-de08-4b8b-9a1a-241e9607c5f9,CUS-01462,71529.1,bank_transfer,Lagos,Eti-Osa,0d73f85c4e1721ca,2025-03-13 18:33:03,18,3,False
fede56dc-b040-4ef4-801f-7fc09c6c9bd5,CUS-01107,1138.23,pos,Kwara,Kwara-Central,3a15b34bb5d0c2d2,2025-03-13 19:07:53,19,3,False
80a4221d-ee00-4cce-afd1-c7e2ecf9a9df,CUS-01759,1512.47,mobile_money,Oyo,Ibadan South-West,f38f2638e200cb90,2025-03-13 19:08:27,19,3,False
de6f85b0-3ab9-4537-bc0c-ad731f8fd8f3,CUS-01846,79247.14,card,Lagos,Ikorodu,467f415db3efcd6d,2025-03-13 19:17:57,19,3,False
df21fd7a-1f41-4f2e-a384-b4a3c7f96864,CUS-01299,37620.89,mobile_money,Edo,Egor,463bb7d0d1220095,2025-03-13 19:39:31,19,3,False
80c6eb18-c07e-4017-bd6a-a6eec1495f62,CUS-01251,92138.54,pos,Abuja FCT,Gwagwalada,5a175e48ff0f0f21,2025-03-13 19:41:48,19,3,False
7c437e01-fda3-486b-abb2-253f51d97921,CUS-00357,21924.79,pos,Kaduna,Kaduna South,8638c1721d400034,2025-03-13 19:43:12,19,3,False
df2d1fb7-d5f5-417c-a4f0-4359bbf191d4,CUS-01382,3705.47,pos,Bayelsa,Bayelsa-Central,e574935d513d27c9,2025-03-13 20:21:26,20,3,False
18d7ba60-7a91-46ba-9618-718d0482ef0d,CUS-00402,825.91,bank_transfer,Abuja FCT,Bwari,f2b2f87b00141bb9,2025-03-13 20:38:51,20,3,False
84a7a59f-3d04-48d3-b732-358128810e2d,CUS-01343,60572.01,pos,Ondo,Ondo-Central,22c2fd795ceb667f,2025-03-13 20:48:56,20,3,False
9d5057c7-d06e-4098-9014-a1e5a1111a27,CUS-01767,134.52,bank_transfer,Abuja FCT,Bwari,3e2929fc96a5c0f6,2025-03-13 20:53:54,20,3,False
633379b8-028c-4ed9-9e3c-f75bbd3f9bf0,CUS-00906,93366.33,card,Plateau,Plateau-Central,98117148c7a5e4fa,2025-03-13 21:01:54,21,3,False
e82f5429-def3-4a5b-96af-de8c40d01357,CUS-01337,93799.71,mobile_money,Anambra,Awka South,ea9f50ef925bfd0a,2025-03-13 21:25:25,21,3,False
95081481-6879-48c0-990f-e11433f9ce2d,CUS-00613,46277.79,mobile_money,Lagos,Lagos Mainland,ad26363bc4d3b3d8,2025-03-13 21:30:31,21,3,False
30c59b21-1474-4ae5-8b7c-886fb7ecd820,CUS-00328,29960.99,bank_transfer,Rivers,Oyigbo,c6ea48448e01a500,2025-03-13 21:34:41,21,3,False
d0ecfcfe-8b6f-45b0-a89b-f8e95cbf094a,CUS-01741,2725.86,mobile_money,Ondo,Ondo-Central,dc9d7491b3c3e3a0,2025-03-13 21:40:10,21,3,False
049cd4e3-a664-487b-8dbc-23f6a8372b16,CUS-01592,23051.24,bank_transfer,Lagos,Agege,86fee91f56ea58c2,2025-03-13 21:56:35,21,3,False
12727fd6-09bd-4479-be0a-96738f68fcfe,CUS-01426,8261.51,bank_transfer,Lagos,Kosofe,3bf75e734c5b5dd8,2025-03-13 21:58:24,21,3,False
d86d9aeb-579a-4f2c-b188-f7035dd54f16,CUS-01061,2450.3,pos,Ekiti,Ekiti-Central,483102c8c509fdd4,2025-03-13 21:58:55,21,3,False
42a91ef9-3d77-4afd-9dbc-9b9d48c11c98,CUS-01963,1325.05,bank_transfer,Rivers,Eleme,555417b66f8a3e57,2025-03-13 22:17:25,22,3,False
3f08ca87-82f2-4e40-b4cb-84029d320d19,CUS-01614,135.67,pos,Kano,Tarauni,1b4932f290b1fc00,2025-03-14 00:08:13,0,4,False
22cc2ab7-68ea-4ee9-99ff-7a9a9d4bd4d6,CUS-00664,53789.14,bank_transfer,Lagos,Agege,a0143ffa4ba86491,2025-03-14 01:00:54,1,4,False
508bd210-5c2d-4e28-b183-ad28e1066e50,CUS-00261,31815.94,bank_transfer,Ogun,Ogun-Central,c338947ed685978d,2025-03-14 01:39:55,1,4,False
6e9b2545-e080-4379-9823-ebe3c29d91f4,CUS-00511,208269.53,ussd,Rivers,Oyigbo,c0a0002344d6bd5b,2025-03-14 02:38:08,2,4,False
23ce9f67-2d67-473b-80f4-abba72952331,CUS-00497,49017.36,ussd,Lagos,Ikorodu,fd814a510ea60164,2025-03-14 02:43:27,2,4,False
a5c866a9-9f2c-4353-93b5-d9200ec96702,CUS-00552,798299.06,bank_transfer,Oyo,Ogbomoso,39540e3ee814dbfd,2025-03-14 03:42:00,3,4,True
236b5ad4-9463-4b31-a9db-87cacd8a52ef,CUS-01689,251954.46,mobile_money,Kwara,Kwara-Central,db07aa24ceea0121,2025-03-14 05:03:00,5,4,False
8c8eff45-36cc-43c5-a908-bae3dd620f56,CUS-00704,200.15,mobile_money,Lagos,Eti-Osa,9a02fdf96a93b861,2025-03-14 06:00:00,6,4,True
fae277d3-f9eb-4172-a0d5-0e4a493a5e01,CUS-01151,845882.27,pos,Bauchi,Bauchi-Central,12846136115c5e9c,2025-03-14 06:10:13,6,4,False
732a604a-32ed-431e-845d-e5c674d9bdc6,CUS-01410,12330.24,bank_transfer,Lagos,Eti-Osa,cb7e9f278717c254,2025-03-14 07:06:45,7,4,False
3ae24f49-f676-4c42-ab63-593d10eb4bc2,CUS-00266,2999.32,bank_transfer,Edo,Oredo,eb35fb1933325042,2025-03-14 07:40:25,7,4,False
6a9f3c7d-b026-4f6b-aa2d-a72f1c0fad02,CUS-01617,1107.88,mobile_money,Delta,Warri South,649e38bb07b7b488,2025-03-14 08:04:52,8,4,False
f7379041-961b-4c08-94d4-e7e9a3d4b0d7,CUS-01845,48875.62,mobile_money,Lagos,Ikeja,c2c002b16c321510,2025-03-14 08:17:00,8,4,True
a31b23d9-9507-4875-be19-41601b4ba970,CUS-00704,405.58,bank_transfer,Lagos,Surulere,9a02fdf96a93b861,2025-03-14 08:24:00,8,4,True
1af78b4d-d0bb-4717-ad1f-600e0fec9638,CUS-00059,4611.99,mobile_money,Kano,Kumbotso,75d2af6a62a0cb52,2025-03-14 08:29:00,8,4,True
140dbbbb-9268-440e-ab8e-ed0f43135838,CUS-01208,4205.92,bank_transfer,Kano,Nassarawa,e98a5e1c5dd09287,2025-03-14 08:46:44,8,4,False
e47eb419-6c37-4246-8814-0dc81a98d168,CUS-01135,26785.3,bank_transfer,Lagos,Ikorodu,ddc7283b773c8f9b,2025-03-14 09:03:27,9,4,False
7c08ad47-09ad-4a2d-8781-7df5f019efe2,CUS-00554,1225.05,pos,Kebbi,Kebbi-Central,899bca59a4169d29,2025-03-14 09:07:32,9,4,False
b9aab6ce-3188-4e06-9d73-5c211f916fdb,CUS-01099,451.27,bank_transfer,Kano,Kumbotso,2b981b38772e1c60,2025-03-14 09:12:20,9,4,False
7224d594-1264-49f2-83f0-74f79d0fcf60,CUS-01549,351553.05,bank_transfer,Enugu,Nsukka,51f26c68350dec47,2025-03-14 09:16:21,9,4,False
75bd30a2-1d1f-4be0-be5f-5bc1c9abdd32,CUS-01813,59976.56,bank_transfer,Lagos,Surulere,0d3260ac2320f98e,2025-03-14 09:17:42,9,4,False
30986253-259d-43f3-9975-191aff1e7987,CUS-01018,168.22,pos,Taraba,Taraba-Central,b4ff7a153fc4dff5,2025-03-14 09:21:25,9,4,False
9db4c1ad-2a10-48ff-8fa7-2934e23994df,CUS-01845,397.02,pos,Lagos,Alimosho,c2c002b16c321510,2025-03-14 09:24:00,9,4,True
6c485ff3-0664-435d-b586-d154bc2e5b21,CUS-01300,131.24,pos,Lagos,Agege,2c4c0203c97a20fc,2025-03-14 09:29:34,9,4,False
2e5d0243-0b90-4be8-8f63-85aa64b378e4,CUS-00059,298.98,pos,Kano,Kumbotso,75d2af6a62a0cb52,2025-03-14 09:30:00,9,4,True
0b04ecb5-c2a0-486e-925a-77c4244371da,CUS-01845,633656.58,bank_transfer,Lagos,Oshodi-Isolo,c2c002b16c321510,2025-03-14 09:31:00,9,4,True
b9b15db4-3aa8-456d-b12b-38d1c552dfe5,CUS-00059,4562.98,ussd,Kano,Tarauni,75d2af6a62a0cb52,2025-03-14 09:38:00,9,4,True
c2def108-cf58-4c56-aa5a-5e18a8e7f79d,CUS-01992,80143.13,mobile_money,Kaduna,Kaduna North,edc83e826575ddd6,2025-03-14 09:41:37,9,4,False
43241c83-79ac-4f6c-a6d3-d329da3ac755,CUS-01845,4378.43,pos,Lagos,Ikeja,c2c002b16c321510,2025-03-14 09:45:00,9,4,True
3cd7f07b-cd26-4b62-9b60-2f8747dbfd2b,CUS-00310,848033.44,bank_transfer,Rivers,Port-Harcourt,320091fe12a777cf,2025-03-14 09:53:32,9,4,False
118c18e3-17f3-4cd7-8c00-276d0f116035,CUS-00528,429.38,pos,Lagos,Ikeja,97f0bebd566ad442,2025-03-14 09:58:09,9,4,False
1509b4b7-e621-42d5-bd43-a05d4d4707b8,CUS-00741,40168.7,pos,Kano,Fagge,1bb58da37496630e,2025-03-14 10:13:20,10,4,False
040d70f8-c4b0-476a-8b02-cc86c6c11a49,CUS-00277,1351.13,bank_transfer,Delta,Oshimili South,05fd2ce1901ce713,2025-03-14 10:15:01,10,4,False
f44b2c35-58f9-4995-81ad-5c36805266a4,CUS-01841,66288.39,pos,Rivers,Eleme,a9155ef7b8a0e463,2025-03-14 10:22:27,10,4,False
816e8eca-a7cc-4c8e-bb27-27c599df6d15,CUS-01845,126.81,bank_transfer,Lagos,Agege,c2c002b16c321510,2025-03-14 10:23:00,10,4,True
ec98f5ac-7d51-48fd-96f5-17061fcb8a09,CUS-00059,1470.08,mobile_money,Kano,Fagge,75d2af6a62a0cb52,2025-03-14 10:36:00,10,4,True
c1f16bbf-2c21-4110-8118-09a6c751a658,CUS-00704,2354.38,pos,Lagos,Oshodi-Isolo,9a02fdf96a93b861,2025-03-14 10:41:00,10,4,True
bb83b01d-0793-4e38-a98e-53b059dfafcf,CUS-00798,54506.19,card,Edo,Ikpoba-Okha,02fa2266d8d33c7a,2025-03-14 10:48:18,10,4,False
04348f71-eb71-4c87-a7ef-8e9d95b0a0e5,CUS-01845,3729.54,bank_transfer,Lagos,Mushin,c2c002b16c321510,2025-03-14 10:50:00,10,4,True
7862b6d8-0282-44f2-a412-49036f33125f,CUS-00595,18342.65,mobile_money,Abuja FCT,Gwagwalada,1fc14ea080410264,2025-03-14 10:57:49,10,4,False
d211c3e0-93d5-4594-b9eb-b34c22296c1d,CUS-01845,4619.1,bank_transfer,Lagos,Oshodi-Isolo,c2c002b16c321510,2025-03-14 10:58:00,10,4,True
67e5714a-05d4-43ea-ba48-521f8ef63d08,CUS-01334,2001.17,ussd,Ebonyi,Ebonyi-Central,e0982791e49f6f96,2025-03-14 11:10:18,11,4,False
dbb30ac0-a68b-463a-8b1e-f82332eadddf,CUS-00898,424.83,bank_transfer,Lagos,Agege,836f5054e1ab3d9e,2025-03-14 11:12:20,11,4,False
b9e677fc-d813-4154-9bd5-5a80ef332f0e,CUS-01845,340.66,card,Lagos,Alimosho,c2c002b16c321510,2025-03-14 11:14:00,11,4,True
c6791306-a303-455d-a683-7da65ce4fe80,CUS-01364,1852.43,ussd,Ondo,Ondo-Central,a3bd73f6d74cc38c,2025-03-14 11:25:16,11,4,False
8ef24ac9-3991-49aa-a4cf-89ccc0213437,CUS-00059,2687.81,bank_transfer,Kano,Gwale,75d2af6a62a0cb52,2025-03-14 11:26:00,11,4,True
efb0f749-3bda-4873-aee0-454d0d1694e8,CUS-00275,241.44,bank_transfer,Abuja FCT,Kuje,83c12336ca22990b,2025-03-14 11:26:54,11,4,False
12063499-d447-4b49-9023-bb671ded5996,CUS-00504,3002.92,pos,Anambra,Nnewi North,e3e9b5adc18b4128,2025-03-14 11:27:08,11,4,False
1b724e96-53f4-45dd-af2c-de7ec85cd857,CUS-01673,329.12,pos,Benue,Benue-Central,1a980ceb564f067f,2025-03-14 11:38:28,11,4,False
8e25d803-f24f-469e-95e5-52048b51a466,CUS-00615,214116.48,pos,Adamawa,Adamawa-Central,70794346772b0ba7,2025-03-14 11:41:22,11,4,False
be8e4255-8cdc-48f0-ad19-dd556b6a2e59,CUS-00533,99804.34,pos,Oyo,Ibadan North,ed52fa7157600cd1,2025-03-14 11:41:25,11,4,False
d9f861c6-ee59-4083-98e7-e5108a26d6ae,CUS-01716,68.2,pos,Lagos,Ikorodu,876514bdb0606ae7,2025-03-14 11:45:32,11,4,False
599c31fb-be02-486d-8500-ba0f14b08336,CUS-01798,37652.4,pos,Lagos,Alimosho,da09249edbf8957c,2025-03-14 11:56:43,11,4,False
dbcca4fb-e034-4deb-9a6b-3cdd9d365be8,CUS-01298,91.34,pos,Enugu,Enugu East,8316a52fadfdb58f,2025-03-14 11:58:00,11,4,False
5207310a-69b9-4f5b-af54-8fba108d6025,CUS-00769,3316.64,pos,Kaduna,Zaria,2bf4c4b79c399a09,2025-03-14 12:00:00,12,4,True
6c4301c3-d0e6-4320-b676-db9a075809b3,CUS-01577,3173.3,bank_transfer,Delta,Uvwie,9fb196909d1c3443,2025-03-14 12:01:03,12,4,False
a202583a-b204-477c-ad2a-c2874ca8df52,CUS-01905,186.98,mobile_money,Lagos,Surulere,63c9a98938fd6b95,2025-03-14 12:02:11,12,4,False
2cef2a19-2061-47e2-a608-c8b325b04d9f,CUS-00769,3835.84,mobile_money,Cross River,Cross River-Central,2bf4c4b79c399a09,2025-03-14 12:11:00,12,4,True
1de5608b-74fb-41cb-b172-03a818aa5f4a,CUS-00771,162.6,pos,Borno,Borno-Central,d59a3a8ad97e5503,2025-03-14 12:25:28,12,4,False
f46e458b-487a-4412-836f-921bb4759fba,CUS-00184,4449.6,mobile_money,Kano,Nassarawa,2612a20c83785e17,2025-03-14 12:29:27,12,4,False
cd83ee8a-ebf8-4d6d-9621-fda3a39b9fe4,CUS-00140,98100.58,mobile_money,Akwa Ibom,Akwa Ibom-Central,26931b3f53dc8f43,2025-03-14 12:31:56,12,4,False
ce17f949-5efc-4390-945c-63b00ccb4434,CUS-00532,125.21,pos,Ogun,Ogun-Central,76d5d2e4a57db02d,2025-03-14 12:34:13,12,4,False
9329333c-5202-48c9-80b0-0d2d8c9ce57f,CUS-01364,751530.4,ussd,Ondo,Ondo-Central,a3bd73f6d74cc38c,2025-03-14 12:38:04,12,4,False
25ad359a-7fb2-4f31-ab60-378b4c440fd2,CUS-00589,23445.5,mobile_money,Lagos,Kosofe,5e6a801e67834684,2025-03-14 12:42:51,12,4,False
a188570b-2613-47e3-a037-1a9774bfa3c9,CUS-00937,4917.43,bank_transfer,Taraba,Taraba-Central,db6c0c9551210daa,2025-03-14 12:43:32,12,4,False
77a25897-620d-4c13-9c93-7ff0be2d6039,CUS-00197,4958.61,ussd,Nassarawa,Nassarawa-Central,5a1a0842daf75e05,2025-03-14 12:44:36,12,4,False
88fe56a9-b00a-40a9-b0ab-5b7e4318b1e1,CUS-01173,439.36,pos,Kano,Tarauni,835d7ff91e1af072,2025-03-14 12:46:35,12,4,False
65f8e126-f5ac-4d94-b0a4-be4032c83c82,CUS-00953,98070.72,pos,Taraba,Taraba-Central,9edc2ab58fdb1c78,2025-03-14 12:47:06,12,4,False
216a0279-8bfc-4ad9-a121-0713c53a0599,CUS-01089,3520.45,bank_transfer,Lagos,Eti-Osa,4a1fc1354e8f9be2,2025-03-14 12:52:04,12,4,False
2dcafffd-8e70-4178-9f3e-6f72c38e7b4b,CUS-00261,3762.94,ussd,Ogun,Ogun-Central,c338947ed685978d,2025-03-14 13:01:48,13,4,False
a2255416-53d9-42f7-b2f7-790ae7e29fa4,CUS-01522,1761.93,pos,Kano,Dala,943007d4f4e03d9f,2025-03-14 13:02:33,13,4,False
1eb4b097-64b1-4053-96bf-a8498dc072e8,CUS-00458,65096.36,bank_transfer,Lagos,Oshodi-Isolo,a9c04aa00827864e,2025-03-14 13:09:21,13,4,False
771d3d10-d90a-4157-a156-ad4717537a76,CUS-00317,665.29,pos,Lagos,Eti-Osa,f36089e1e301c38d,2025-03-14 13:16:54,13,4,False
d9d4622e-b600-4e8f-9c2a-666c649fe963,CUS-00185,2661.79,mobile_money,Delta,Warri South,d898e5104d1303b0,2025-03-14 13:21:53,13,4,False
0aa9d2d1-b973-46a6-935c-04973f61cd6e,CUS-00376,43767.25,pos,Borno,Borno-Central,30d2cce2a11ef3e3,2025-03-14 13:33:24,13,4,False
13059791-8613-4df9-808e-7f9b00c88a3f,CUS-00059,898.43,mobile_money,Kano,Tarauni,75d2af6a62a0cb52,2025-03-14 13:38:00,13,4,True
3a5a00c6-34db-424b-b71e-f35248e851f3,CUS-00077,8993.62,bank_transfer,Lagos,Mushin,002e09c381b02971,2025-03-14 13:48:41,13,4,False
3c2b80df-8115-4d40-9fd4-969aa7a26f80,CUS-00059,1686.41,bank_transfer,Kano,Kumbotso,75d2af6a62a0cb52,2025-03-14 13:50:00,13,4,True
b0b1042b-47f7-4137-8e26-dd27389d212f,CUS-00010,40455.59,pos,Lagos,Lagos Mainland,aa25619cccb967cf,2025-03-14 13:51:23,13,4,False
1fcba5aa-5875-4ad9-98c7-b6d91ce75dd0,CUS-00059,2527.3,pos,Kano,Nassarawa,75d2af6a62a0cb52,2025-03-14 14:03:00,14,4,True
9f553d76-8992-438e-aef6-80cd90acc838,CUS-00309,384.63,pos,Kano,Dala,8db672274e891d06,2025-03-14 14:13:36,14,4,False
7c41ddb6-65e1-453f-9563-4b99097f4e66,CUS-01551,84910.43,pos,Kaduna,Kaduna South,edf0c9922b691d14,2025-03-14 14:16:00,14,4,False
90e80954-3021-450d-9504-9b8e90624057,CUS-01845,3014.51,mobile_money,Lagos,Kosofe,c2c002b16c321510,2025-03-14 14:19:00,14,4,True
e716f5f5-6b50-4a09-8111-04671d9b6e61,CUS-00824,327.1,pos,Oyo,Ibadan South-West,e5648df22a55e5b7,2025-03-14 14:19:07,14,4,False
9a4d241c-2aa0-46a9-a906-2af7511d61c5,CUS-00252,2572.35,mobile_money,Borno,Borno-Central,0d2d209831150098,2025-03-14 14:20:42,14,4,False
5af0ff4d-ea0b-4959-8b2a-20e849fe7a3f,CUS-00709,25882.42,pos,Anambra,Nnewi North,2af5a68de5b28240,2025-03-14 14:21:26,14,4,False
b5571ee5-3c3a-4948-854b-7559e3c59a6f,CUS-00704,61947.63,ussd,Lagos,Oshodi-Isolo,9a02fdf96a93b861,2025-03-14 14:22:00,14,4,True
a901dbb9-b9bb-476b-a499-2b7e8cfcddce,CUS-00463,78932.68,bank_transfer,Oyo,Ogbomoso,ffff23e7a0acf476,2025-03-14 14:26:43,14,4,False
d15d4822-5cce-4fee-825c-a482524ea76d,CUS-01408,48874.27,pos,Kaduna,Zaria,f620b73c52c3b107,2025-03-14 14:29:14,14,4,False
aea83b05-4aba-4a42-ab1a-b9dcda78a203,CUS-00059,858.53,mobile_money,Kano,Gwale,75d2af6a62a0cb52,2025-03-14 14:30:00,14,4,True
1ba5dacb-efd8-447c-bf3d-d3e1b8c13abe,CUS-00344,59659.36,ussd,Rivers,Port-Harcourt,60b0ed642f41442e,2025-03-14 14:31:16,14,4,False
d2ab527b-fdbe-473d-a4d2-7269358ce5c3,CUS-01250,67885.21,bank_transfer,Imo,Imo-Central,0731972790fd691c,2025-03-14 14:41:16,14,4,False
7d54bb3f-f237-4a78-bd9d-d40775146a7d,CUS-01438,4309.03,pos,Lagos,Alimosho,9e67975ac1e802bd,2025-03-14 14:42:40,14,4,False
8d06fd78-102d-4da7-9a06-07593fba1bfe,CUS-01132,28176.95,mobile_money,Lagos,Alimosho,cda0f4186c3affa8,2025-03-14 14:48:34,14,4,False
295cadb8-3dc7-4004-9dda-07c7d20cf1d7,CUS-01262,321.54,bank_transfer,Kano,Gwale,1ab742983a1d648b,2025-03-14 14:48:49,14,4,False
5fd3e824-f394-4afd-bf48-cc0fdc230c50,CUS-00704,64197.06,mobile_money,Lagos,Agege,9a02fdf96a93b861,2025-03-14 14:55:00,14,4,True
8be23cae-14c4-4fb6-94af-5dcdaa1f7e88,CUS-01708,614809.73,pos,Enugu,Nsukka,4211ce21fda32873,2025-03-14 14:55:33,14,4,False
6cdc7827-69b4-42b7-922d-9b773190f4f9,CUS-01417,908874.4,pos,Lagos,Lagos Mainland,b56e5ca0db4f72a5,2025-03-14 14:56:24,14,4,False
15daf170-63fa-43cb-a789-db4782f38d79,CUS-00444,47112.22,bank_transfer,Benue,Benue-Central,591aeb78db1a362f,2025-03-14 15:05:27,15,4,False
be3b5f69-a5af-47bc-b310-859e2ca23119,CUS-00726,501.82,pos,Lagos,Surulere,dafcccd8fd9e36a8,2025-03-14 15:08:43,15,4,False
deb4dcec-8ff4-4c12-86a7-876f212545e5,CUS-00168,53996.63,mobile_money,Lagos,Ikeja,ffd3c25c7bec8d15,2025-03-14 15:16:30,15,4,False
1a80df98-48bc-4ec9-9cd4-f456a8eb87b7,CUS-00448,98.83,pos,Rivers,Oyigbo,b927a8f5291e9e13,2025-03-14 15:18:38,15,4,False
d040aaa1-04e3-4013-9b86-10411ae5e563,CUS-00631,18131.87,mobile_money,Nassarawa,Nassarawa-Central,214f4c3615026b4e,2025-03-14 15:40:43,15,4,False
1f173b2f-08fc-4858-af20-9cc418f18b92,CUS-01390,50359.6,pos,Lagos,Agege,756193f687c0cdba,2025-03-14 15:40:54,15,4,False
334c5dcb-ea75-4345-8f0d-235327b8fbed,CUS-01845,74.84,pos,Lagos,Lagos Mainland,c2c002b16c321510,2025-03-14 15:52:00,15,4,True
056bf35b-f936-4aae-9a06-3e7344dd992e,CUS-01817,64029.31,mobile_money,Kwara,Kwara-Central,303a9e8e2b3d6b5a,2025-03-14 16:06:06,16,4,False
836973b9-97f5-4f02-8fbd-5070787a7324,CUS-00783,218.69,mobile_money,Kano,Kumbotso,6bc82361eb609984,2025-03-14 16:06:15,16,4,False
729969c0-7f24-4101-9790-1744949c0dc4,CUS-01298,1215.97,pos,Enugu,Enugu North,8316a52fadfdb58f,2025-03-14 16:09:34,16,4,False
225d795e-6d0a-4dfd-89fc-d2109bc06607,CUS-00687,768090.57,pos,Kano,Nassarawa,861f932bcda67d65,2025-03-14 16:11:19,16,4,False
5cfc934b-9e31-4415-bafe-bab1b158cfee,CUS-00068,453465.25,pos,Lagos,Agege,4e173537ea95bb34,2025-03-14 16:13:38,16,4,False
6f3609b6-e2ad-4148-ae2a-2c125a98e729,CUS-01680,886.07,mobile_money,Kano,Nassarawa,5b6d9e25e5985abb,2025-03-14 16:23:19,16,4,False
937d5da2-d13b-4f79-95f6-7796b102271d,CUS-01337,43176.69,mobile_money,Anambra,Nnewi North,ea9f50ef925bfd0a,2025-03-14 16:26:29,16,4,False
f4ecc48b-c73b-474b-b3a2-50e4ffaa268e,CUS-01596,24943.11,pos,Kano,Tarauni,c8c331c571be68fb,2025-03-14 16:28:59,16,4,False
d3b50ff3-4e7d-4476-aecc-23753d4ae7f1,CUS-01925,53455.72,pos,Lagos,Oshodi-Isolo,8723c44e85b37773,2025-03-14 16:37:03,16,4,False
b6f3060f-0c2b-4619-b166-224937f741b5,CUS-00731,205.62,bank_transfer,Benue,Benue-Central,caeb10505ac3e1ce,2025-03-14 16:42:06,16,4,False
8084c994-d449-4ffc-bc79-2abdc57acea2,CUS-00902,130.82,mobile_money,Lagos,Agege,74f8fb4b85130ba0,2025-03-14 16:45:44,16,4,False
2ddc9e89-b256-410d-b33b-1b3ce6f2be0e,CUS-01294,700698.86,card,Imo,Imo-Central,483e21c5ddaeee0f,2025-03-14 17:00:39,17,4,False
124f7d8b-f764-4ddb-bdaa-5acd24a0cdb6,CUS-01050,88515.83,pos,Kebbi,Kebbi-Central,457ca2d963b3ad8c,2025-03-14 17:04:35,17,4,False
c2563705-c14e-4a23-8e47-ec942c33d396,CUS-00704,51359.51,bank_transfer,Lagos,Lagos Mainland,9a02fdf96a93b861,2025-03-14 17:08:00,17,4,True
896f6bff-2691-467a-a49b-2ec6aa5013b1,CUS-00212,57195.72,pos,Delta,Oshimili South,b5710344f2723025,2025-03-14 17:12:47,17,4,False
c27fb55a-9846-408a-bc21-ba0d483c5135,CUS-00629,2887.86,pos,Lagos,Eti-Osa,df45b1aef8e52b4d,2025-03-14 17:26:35,17,4,False
0a1e9914-ac13-44ff-a34d-d9504f71035e,CUS-00929,4995.36,pos,Kano,Gwale,395eff550cc0a560,2025-03-14 17:29:47,17,4,False
44e11a59-0b24-4dbd-bf0d-904a808a136a,CUS-01875,2775.98,bank_transfer,Oyo,Oyo East,e2ff9bcd14190600,2025-03-14 17:34:51,17,4,False
4fdb6ea9-f101-4f7d-b3cb-1573826eef2b,CUS-00308,120.64,pos,Imo,Imo-Central,c2e5844899480571,2025-03-14 17:38:18,17,4,False
241a1f98-e00c-4d01-9a11-52b7a94adc07,CUS-00997,765.03,pos,Lagos,Agege,b5b7e318eb77488f,2025-03-14 17:53:07,17,4,False
94e1a217-5489-4d6c-a89a-311c5f87f870,CUS-00168,3318.57,pos,Abuja FCT,Municipal,ffd3c25c7bec8d15,2025-03-14 18:00:00,18,4,True
5e6b2e08-f62a-4acc-a39f-122a28ef01ca,CUS-00744,95020.8,bank_transfer,Lagos,Agege,3cefb1dc104151c1,2025-03-14 18:04:08,18,4,False
67fe1540-403b-47e0-b35c-aefbec5f8524,CUS-01539,80499.29,pos,Oyo,Ogbomoso,bea45a284a1b1e7e,2025-03-14 18:09:08,18,4,False
7ef2edd9-0417-4fb4-8e90-125ad0835299,CUS-00251,36617.74,ussd,Rivers,Oyigbo,07442ae1baeabdbf,2025-03-14 18:10:30,18,4,False
a7fb6961-690e-41c0-b69b-2c41f73355aa,CUS-01448,357.39,bank_transfer,Jigawa,Jigawa-Central,61416da760c38dee,2025-03-14 18:11:20,18,4,False
b532e80f-446b-43c2-b55f-66ec600eea8f,CUS-00168,96185.73,pos,Bayelsa,Bayelsa-Central,ffd3c25c7bec8d15,2025-03-14 18:12:00,18,4,True
aabade72-f092-493d-b9b2-eca58edb1220,CUS-00059,148.39,pos,Kano,Tarauni,75d2af6a62a0cb52,2025-03-14 18:19:00,18,4,True
4fa6f540-c5d4-4656-992a-cf3aa52dff46,CUS-00704,55596.85,mobile_money,Lagos,Agege,9a02fdf96a93b861,2025-03-14 18:27:00,18,4,True
4ec471cc-ad9a-4eaf-92b1-9d96b9e62786,CUS-01808,50101.73,pos,Lagos,Ikeja,82f5a1f1904224bf,2025-03-14 18:28:01,18,4,False
261186b8-919a-40eb-8216-18c246109a9b,CUS-01375,289531.93,mobile_money,Zamfara,Zamfara-Central,0bc8442031e8871c,2025-03-14 18:28:38,18,4,False
0eff7ea3-5c55-424c-a202-2595d58b2768,CUS-01100,208.08,pos,Lagos,Kosofe,df1461afa6ea20c9,2025-03-14 18:44:04,18,4,False
8e3332f0-a71c-4a48-a12d-2c8c48832d3e,CUS-01561,882899.58,mobile_money,Lagos,Kosofe,e4806e2d6e74cc83,2025-03-14 18:45:12,18,4,False
d1321715-92df-49b1-8e20-e3f177eb25a9,CUS-01560,3298.48,pos,Kano,Tarauni,65fa79b574411b2d,2025-03-14 18:49:14,18,4,False
17e7b888-63f0-4b57-b7c9-7ce6bfe326f1,CUS-01329,481.11,mobile_money,Abuja FCT,Municipal,739c4ee882c5ab3b,2025-03-14 18:49:26,18,4,False
e476f34b-8ea8-4343-bd53-c5a583d7545d,CUS-00133,359.06,bank_transfer,Kano,Kumbotso,48bed95f602bfd50,2025-03-14 18:53:39,18,4,False
21d6bb68-85b5-49af-b1c4-95a9147612a9,CUS-01480,72091.44,card,Oyo,Oyo East,50852128a7372d35,2025-03-14 19:00:00,19,4,True
1c4b3911-f609-4a29-b5cd-3819b07aa38d,CUS-00123,345.13,bank_transfer,Lagos,Lagos Mainland,fd87e702baf7d83d,2025-03-14 19:01:21,19,4,False
118d1a9f-78e8-4eef-82d7-ec5bb5231c16,CUS-00763,343401.57,bank_transfer,Osun,Osun-Central,66633ed51d4a4d6a,2025-03-14 19:02:40,19,4,False
8de6e332-68fd-43cf-bdc1-169e15ebd355,CUS-00871,374.42,ussd,Kano,Dala,086966739eb1d2e8,2025-03-14 19:03:09,19,4,False
9a2f29fe-737c-4a13-9239-4e57bf5d595c,CUS-01964,68636.61,mobile_money,Oyo,Oyo East,e6b99e0579084c3d,2025-03-14 19:14:23,19,4,False
0d5ea23d-3d51-461f-abc9-3755941d9d8b,CUS-01642,23249.86,bank_transfer,Abuja FCT,Gwagwalada,d02d3de6b21344b6,2025-03-14 19:19:50,19,4,False
7a682fcf-6605-44f9-8564-1b99cca7844c,CUS-01480,67136.7,bank_transfer,Adamawa,Adamawa-Central,50852128a7372d35,2025-03-14 19:24:00,19,4,True
b4bc798f-712f-4fdd-aa77-71c8d98aeda1,CUS-01014,380.14,mobile_money,Edo,Egor,e9ebd95b3430ef73,2025-03-14 19:24:30,19,4,False
69d2de81-8df5-4c2f-9248-983832652fc0,CUS-01845,55434.15,mobile_money,Lagos,Lagos Mainland,c2c002b16c321510,2025-03-14 19:31:00,19,4,True
299e3a5a-0d25-4ba9-acd6-6b0998f1b60d,CUS-00021,1756.35,bank_transfer,Lagos,Agege,2afb46bcbe3e328f,2025-03-14 19:32:40,19,4,False
af709fc5-4d75-42f9-895e-5e1d05d5dd73,CUS-00261,168.81,bank_transfer,Ogun,Ogun-Central,c338947ed685978d,2025-03-14 19:35:05,19,4,False
3a9c3a3a-9c45-4ada-b031-f31324da1fc1,CUS-00704,17332.92,pos,Lagos,Mushin,9a02fdf96a93b861,2025-03-14 19:40:00,19,4,True
34a4cacd-8974-4347-80a9-49c46c5e81c3,CUS-01845,3248.59,pos,Lagos,Eti-Osa,c2c002b16c321510,2025-03-14 19:41:00,19,4,True
d3878808-8a14-4b01-adca-7d94f5b7f791,CUS-00059,2800.8,bank_transfer,Kano,Kumbotso,75d2af6a62a0cb52,2025-03-14 19:44:00,19,4,True
a98bc701-c86a-401d-bccd-8764f95a39a6,CUS-00775,466.53,bank_transfer,Lagos,Mushin,60364fe3f48def16,2025-03-14 19:48:58,19,4,False
818c1c59-9d6b-46c1-bee7-ebc8f3890bb1,CUS-01876,1606.97,pos,Kaduna,Kaduna South,f535c1276725ba9c,2025-03-14 20:07:43,20,4,False
49d7a981-a6df-4d34-95fd-7426a17687df,CUS-01413,82.23,pos,Lagos,Kosofe,f3169884d2025deb,2025-03-14 20:11:10,20,4,False
6dbf3761-00c7-4da4-91b5-830bbbf3d9ce,CUS-00059,3592.89,bank_transfer,Kano,Dala,75d2af6a62a0cb52,2025-03-14 20:14:00,20,4,True
7b43aba8-01a0-4587-b4bf-8c126deadcaf,CUS-00179,605.02,bank_transfer,Lagos,Eti-Osa,53779734db1d17c1,2025-03-14 20:15:10,20,4,False
3c5654e9-a4f7-4280-bc62-df56a84a329f,CUS-00300,83201.87,mobile_money,Lagos,Ikeja,4fcd148b58c99584,2025-03-14 20:26:45,20,4,False
bbdc2247-d71d-4e00-a16b-ec7fc3e0b263,CUS-00573,4065.93,bank_transfer,Enugu,Nsukka,20cc363a9d220ed3,2025-03-14 20:27:36,20,4,False
450c1e91-0c7e-4aa1-b92c-ef0998e8f5dd,CUS-01158,3620.22,mobile_money,Zamfara,Zamfara-Central,5f375fa4790e96f4,2025-03-14 20:28:37,20,4,False
a1c93801-2277-4619-851f-76bb51c9dc4d,CUS-00738,332.4,card,Rivers,Obio-Akpor,130806cccf311571,2025-03-14 20:33:26,20,4,False
0c39d07a-dedc-46a0-a019-090e4933b49f,CUS-01460,54628.67,pos,Rivers,Oyigbo,b1d49046bd80c6c6,2025-03-14 20:35:53,20,4,False
b6bd5d47-56ee-448d-9f54-bddf26c9ddd7,CUS-00688,2575.31,bank_transfer,Kwara,Kwara-Central,06ec4d841c47e02c,2025-03-14 20:39:30,20,4,False
804ee656-2675-45f0-94ab-06aea5806c2f,CUS-01845,2675.25,pos,Lagos,Kosofe,c2c002b16c321510,2025-03-14 20:44:00,20,4,True
13bd4355-8b11-4ffd-ba45-67685c04c8e8,CUS-01026,3916.39,pos,Sokoto,Sokoto-Central,b9f0059e1f96f53d,2025-03-14 20:48:37,20,4,False
a831a4f5-22ed-434e-814c-184ea200087f,CUS-00997,67464.91,pos,Lagos,Ikeja,b5b7e318eb77488f,2025-03-14 20:56:25,20,4,False
5ac55a05-5c2f-4320-81fc-ff5b5b7ed1d5,CUS-01919,42446.15,mobile_money,Rivers,Obio-Akpor,240b82a80daf923d,2025-03-14 21:07:19,21,4,False
90492369-a7c1-48ee-a584-2587f4902041,CUS-00421,105.02,pos,Imo,Imo-Central,30c2c103147fffc3,2025-03-14 21:14:41,21,4,False
dda155ad-416b-4684-a4c0-184336a45d08,CUS-01755,3630.38,pos,Benue,Benue-Central,48d4189ce2a6536b,2025-03-14 21:19:07,21,4,False
f7bfa1cb-73b9-4644-b9aa-141bd4b2fab3,CUS-00975,104.29,pos,Kano,Tarauni,9c502efa00df8d6e,2025-03-14 21:25:01,21,4,False
dfdcd844-07f3-4606-a97d-dbc023062f05,CUS-00059,4898.2,pos,Kano,Gwale,75d2af6a62a0cb52,2025-03-14 21:27:00,21,4,True
43f6f3ed-0326-465a-85c0-4897e7e7a069,CUS-00549,478.0,pos,Abia,Abia-Central,1fd68e751cdf9d32,2025-03-14 21:33:16,21,4,False
84697b8d-562e-4571-9517-eb1e3ce840b7,CUS-01795,50814.25,mobile_money,Lagos,Kosofe,8bb741d421fd10f3,2025-03-14 21:34:31,21,4,False
dfdb70bd-a213-439d-836b-9352b5271517,CUS-00059,44672.72,pos,Kano,Gwale,75d2af6a62a0cb52,2025-03-14 21:35:00,21,4,True
93990099-15a6-49a2-8fab-68d9fe598841,CUS-00631,3130.04,pos,Nassarawa,Nassarawa-Central,214f4c3615026b4e,2025-03-14 21:38:20,21,4,False
1494d155-0680-4a14-97f3-136eb5569213,CUS-01789,13520.19,mobile_money,Abuja FCT,Bwari,3cb0b235257beee6,2025-03-14 21:42:02,21,4,False
4cd33e4c-fafb-4314-ad45-da2e51855e48,CUS-01900,48099.25,bank_transfer,Oyo,Ogbomoso,8be9efcf44f18c7e,2025-03-14 21:42:23,21,4,False
e06d99ba-e616-4b6d-bae1-9b9ebc13b196,CUS-00569,19827.01,ussd,Kano,Nassarawa,8a3912d9c4370463,2025-03-14 21:42:54,21,4,False
a9bfc58b-eb9e-48e4-bbd9-fdec08b1bb06,CUS-01898,76.68,bank_transfer,Kano,Kumbotso,73da0890ffb3c362,2025-03-14 21:43:45,21,4,False
68777636-e963-4a3e-bfe5-6cf845ae3c7e,CUS-01556,4514.1,pos,Kaduna,Kaduna South,c43fb64fc547fd6f,2025-03-14 21:44:07,21,4,False
3c56082d-0dab-4e71-b18b-0c9e336cb2f9,CUS-00376,98.5,pos,Borno,Borno-Central,30d2cce2a11ef3e3,2025-03-14 21:48:59,21,4,False
fef33e8b-7d5a-4aa7-a652-785d92b59747,CUS-01845,42560.98,bank_transfer,Lagos,Ikorodu,c2c002b16c321510,2025-03-14 21:50:00,21,4,True
641f6339-8619-48a3-bab1-c9fcaa032c2a,CUS-01686,299.38,ussd,Adamawa,Adamawa-Central,7628d342554142c5,2025-03-14 21:53:16,21,4,False
734d6123-b0a6-4afe-9e23-138ac6049785,CUS-00887,683.7,bank_transfer,Lagos,Ikeja,74a921feddc38382,2025-03-14 21:57:29,21,4,False
9c9c0aaf-91c5-4a27-89b8-49a242692c36,CUS-00704,4969.89,pos,Lagos,Ikeja,9a02fdf96a93b861,2025-03-14 22:17:00,22,4,True
d71a7ae5-9790-4210-a0d2-0826b03eedf8,CUS-01845,259.01,bank_transfer,Lagos,Lagos Mainland,c2c002b16c321510,2025-03-14 22:40:00,22,4,True
3839448e-cb05-495a-9054-caeb4044d671,CUS-00704,1436.14,bank_transfer,Lagos,Kosofe,9a02fdf96a93b861,2025-03-14 22:57:00,22,4,True
30e4b9cf-400d-455e-aa96-a0a42aa4a1ed,CUS-00231,2654.16,pos,Abuja FCT,Municipal,4e6b4b041a5e1044,2025-03-14 23:24:54,23,4,False
edb5b4a8-0b9a-4582-8966-b2461e0f98a2,CUS-01536,31484.36,pos,Lagos,Lagos Mainland,72eadab8e3304187,2025-03-15 00:13:19,0,5,False
88d3ed29-b190-4d94-8d7d-5b73232da382,CUS-01591,732607.74,bank_transfer,Ogun,Ogun-Central,05a03d83a10ae565,2025-03-15 00:20:00,0,5,True
b60d08c4-3da2-4bd7-8370-d04cb7064b32,CUS-01436,3869.86,pos,Kano,Fagge,407a3276e36403ea,2025-03-15 00:52:38,0,5,False
f739ab6e-6e50-42fc-8e84-92aa5f7d2896,CUS-00156,963441.92,pos,Anambra,Onitsha North,b8b18f701d0ba5b3,2025-03-15 01:40:38,1,5,False
b26cbbae-fc4e-4c76-8258-2972d67a1079,CUS-00863,112117.97,ussd,Rivers,Port-Harcourt,a133f84deb5ccf1d,2025-03-15 01:57:20,1,5,False
71f6b975-3b5f-476a-9e8e-a36afc728909,CUS-01980,86.01,mobile_money,Lagos,Alimosho,a42dd9da04c1821e,2025-03-15 02:32:49,2,5,False
f52d66bd-8ea2-437f-936d-d1ce211458d2,CUS-01418,105.93,pos,Abuja FCT,Kuje,d3cb7e7d185053b7,2025-03-15 03:44:57,3,5,False
80cc831e-0147-4957-a906-f0c9a3a09ad4,CUS-01099,609379.94,bank_transfer,Kano,Kumbotso,2b981b38772e1c60,2025-03-15 05:25:44,5,5,False
989e345e-2190-4bfe-a155-253d4201d4ed,CUS-01113,53608.0,pos,Oyo,Ibadan South-West,380fc2921922c9ea,2025-03-15 07:42:41,7,5,False
cb326162-e267-43be-b537-45a78e5dbc23,CUS-01520,60294.14,bank_transfer,Lagos,Ikeja,169f145f9407934a,2025-03-15 08:55:02,8,5,False
e7adc219-4b10-450e-8dd1-dd91d280f87c,CUS-00995,5525.46,bank_transfer,Lagos,Ikeja,5fae574986916801,2025-03-15 09:00:00,9,5,True
6c8e9959-796e-4c11-98cf-d81bb39de2d1,CUS-00636,72758.12,card,Oyo,Oyo East,0e03d5f724baf012,2025-03-15 09:16:09,9,5,False
32e74d5b-1617-4df9-b127-e5ca5b936da2,CUS-01345,4845.8,mobile_money,Rivers,Eleme,56fab3a79333298f,2025-03-15 09:21:04,9,5,False
e055662e-31fe-4796-b965-1968c29c5eb4,CUS-00477,3458.72,pos,Oyo,Ogbomoso,4a04eeeb911cfe41,2025-03-15 09:21:42,9,5,False
8f427f93-1e34-4731-869a-f1f58e9bf2ec,CUS-00995,67112.76,ussd,Yobe,Yobe-Central,5fae574986916801,2025-03-15 09:23:00,9,5,True
09ddb518-d63f-4a15-9d5c-dedc8852f438,CUS-00875,41368.3,bank_transfer,Lagos,Ikeja,72e07687895ad0c6,2025-03-15 09:48:35,9,5,False
6c7f72fb-58ca-4762-b23e-7a3ad420fcfa,CUS-01800,4270.28,pos,Cross River,Cross River-Central,495085d7be707495,2025-03-15 09:57:17,9,5,False
2ac9d5a8-10a7-4e02-a35a-866a9e541bab,CUS-00045,2653.71,mobile_money,Delta,Warri South,6711970ae6af006e,2025-03-15 09:57:42,9,5,False
34a0e95a-a66a-405d-bfbc-126f8ae04b06,CUS-00231,289.84,pos,Abuja FCT,Kuje,4e6b4b041a5e1044,2025-03-15 09:58:43,9,5,False
95adee1c-3c28-4148-a5ac-4c4b3ff09f1b,CUS-00518,3810.87,mobile_money,Ogun,Ogun-Central,4110312c0dc9f57c,2025-03-15 10:08:48,10,5,False
821097b0-9ee5-48cb-8d84-6c70137f8856,CUS-01091,2823.84,card,Delta,Uvwie,6b596a85b2b7d24f,2025-03-15 10:11:50,10,5,False
a99be815-e5c8-4459-b0a7-67d511bb7fe3,CUS-00324,628481.92,mobile_money,Cross River,Cross River-Central,eadd563a73f69909,2025-03-15 10:30:35,10,5,False
14638aa4-7afd-45df-80e1-e13e50b5eaa8,CUS-01029,2900.25,bank_transfer,Plateau,Plateau-Central,345305fe8c241fb1,2025-03-15 10:30:43,10,5,False
02a085d5-0616-4e76-84ec-b75f85b2a5c6,CUS-01848,380.24,mobile_money,Niger,Niger-Central,d701dbf8c2ff3cf9,2025-03-15 10:34:14,10,5,False
8ff86cb0-7020-4145-88f8-12e4b0802073,CUS-00049,45485.04,pos,Lagos,Kosofe,45d1a59f5d7f63e7,2025-03-15 10:36:40,10,5,False
15a4ed66-bea2-4d52-b645-06429319928c,CUS-00552,2032.9,mobile_money,Oyo,Ogbomoso,39540e3ee814dbfd,2025-03-15 10:42:49,10,5,False
78f54552-842d-4c7a-8505-ce948b9c61ea,CUS-01176,2919.55,mobile_money,Abia,Abia-Central,d04aa0058214959a,2025-03-15 10:45:37,10,5,False
581657dd-fa95-4787-950c-f340ff4c33b2,CUS-00900,4287.32,pos,Lagos,Oshodi-Isolo,d66a452ae977614a,2025-03-15 10:50:12,10,5,False
2da94956-d144-49ac-86c2-4e2fee44e86f,CUS-01436,29209.21,pos,Kano,Gwale,407a3276e36403ea,2025-03-15 10:55:35,10,5,False
b9a7ffa1-5960-4378-96d6-e47e6a6b3465,CUS-00770,586898.95,pos,Lagos,Oshodi-Isolo,07ebcbdbcca5ed04,2025-03-15 10:56:48,10,5,False
80ad83ec-8032-4886-b957-469a10be1ca0,CUS-00654,58.84,mobile_money,Rivers,Eleme,d80e202bf8770361,2025-03-15 11:01:23,11,5,False
2aee6c3a-1344-4354-becc-6e7086f13eaa,CUS-00487,46267.64,ussd,Kano,Nassarawa,421f45f1a22d16d0,2025-03-15 11:05:17,11,5,False
2e65a91e-15d5-4c25-8e0f-90be42c9a0da,CUS-00819,33970.43,pos,Kano,Tarauni,2dbc5cf713264b24,2025-03-15 11:18:14,11,5,False
b5166f51-4639-4224-8a86-cb21bb32ae28,CUS-01994,789195.3,bank_transfer,Osun,Osun-Central,24889af499de1e57,2025-03-15 11:24:52,11,5,False
da5a23a1-0c75-40ec-adac-30c73fb714da,CUS-00080,67417.77,pos,Zamfara,Zamfara-Central,cd85d8451082aedb,2025-03-15 11:27:01,11,5,False
5d39996e-b3d6-44af-b6e1-43255d4e93f8,CUS-00940,94435.78,pos,Kano,Fagge,d775c49123cefbad,2025-03-15 11:30:04,11,5,False
2dd080bd-f311-462d-83bd-b59602c689ce,CUS-00580,455.24,pos,Abuja FCT,Gwagwalada,b41dc106d755dab0,2025-03-15 11:34:17,11,5,False
e86a63d0-3250-4ecb-9267-463ae1df34d2,CUS-01634,1321.71,pos,Yobe,Yobe-Central,665b394f3b341135,2025-03-15 11:48:49,11,5,False
2f90021a-2542-4362-9937-e7dfbafbf692,CUS-00299,187.84,pos,Lagos,Ikorodu,02392e49b7d24ef1,2025-03-15 11:58:27,11,5,False
9da4beff-37f7-411b-81a7-7369b2c004e1,CUS-00899,2605.25,pos,Lagos,Ikorodu,6f982fdfe8b9f332,2025-03-15 12:00:21,12,5,False
c38a0c17-6e6a-4505-bc31-de6d537f1255,CUS-01437,2889.8,bank_transfer,Edo,Oredo,686cf0e43bad9564,2025-03-15 12:02:48,12,5,False
754e4b7f-ac84-4c7b-bc37-07abc60b029b,CUS-00978,720.5,mobile_money,Abuja FCT,Bwari,b1eac8f3eae27cb3,2025-03-15 12:05:03,12,5,False
8012295f-ec84-4c70-9dd7-6a5943225f69,CUS-01721,267.57,mobile_money,Lagos,Surulere,2c0eac63a6a92e4e,2025-03-15 12:06:15,12,5,False
7a7e4a39-4a73-4e35-994d-2da598cb5c7d,CUS-01628,88493.27,mobile_money,Lagos,Alimosho,9dba5f6ba727a829,2025-03-15 12:07:03,12,5,False
9f5aa304-4481-4937-8675-9a872750a7f5,CUS-01630,4740.79,mobile_money,Kwara,Kwara-Central,e72c068b89d1c7b1,2025-03-15 12:20:59,12,5,False
03d783cf-3816-473c-bc65-27f8c058d74a,CUS-01630,104.12,mobile_money,Kwara,Kwara-Central,e72c068b89d1c7b1,2025-03-15 12:23:26,12,5,False
ad657f98-89a9-4b31-9b54-6c1c7ddb3dfc,CUS-00562,775666.69,pos,Lagos,Surulere,5638a1f9b6523012,2025-03-15 12:26:45,12,5,False
4fb598de-f315-4622-9581-2ed3937d838e,CUS-01213,47253.0,mobile_money,Imo,Imo-Central,762447a64e707775,2025-03-15 12:35:55,12,5,False
70d9eedc-33a1-4b4d-9a10-34d819be4d40,CUS-01743,67170.98,pos,Lagos,Mushin,d5589e4b86f19561,2025-03-15 12:42:41,12,5,False
9dccfda3-f5c8-436d-8542-28f724c8374f,CUS-01700,69775.71,pos,Akwa Ibom,Akwa Ibom-Central,1a4fb83ac2346edb,2025-03-15 12:55:15,12,5,False
42024ee6-dfc0-499e-b1a2-75638a8cb6ef,CUS-01810,45437.64,mobile_money,Delta,Uvwie,2a1448eec0668544,2025-03-15 13:01:08,13,5,False
074d73c7-d4f0-43f0-8828-36367f4b8a63,CUS-00351,83336.49,ussd,Sokoto,Sokoto-Central,c0d571df565621d0,2025-03-15 13:01:40,13,5,False
bb1e2295-63c0-4969-9a74-e186fd4bca1a,CUS-00547,17601.17,bank_transfer,Anambra,Awka South,4b6eccd02320fe46,2025-03-15 13:07:45,13,5,False
634c956f-2842-4087-b437-1700a221a565,CUS-01797,155.21,pos,Lagos,Mushin,e2fc293fbae9deba,2025-03-15 13:14:13,13,5,False
c4ecb3b6-2ff3-46ad-b20c-0a36268b97a7,CUS-00039,205498.53,pos,Rivers,Port-Harcourt,6a7f7ee1f5a1712f,2025-03-15 13:18:06,13,5,False
9d5f8a28-3240-4fb9-ac19-5a45c7a23e43,CUS-00737,371.09,bank_transfer,Plateau,Plateau-Central,b3fcfe129e0f1e6a,2025-03-15 13:19:31,13,5,False
3b53d810-7114-421a-87a6-39a927601ad3,CUS-00144,929.34,ussd,Kano,Gwale,aa29af6cbfa3f2fb,2025-03-15 13:22:03,13,5,False
bd7a1aae-9766-4b40-aa4d-fdd44b135548,CUS-00166,3856.48,bank_transfer,Kano,Fagge,e4ecfe82156fb964,2025-03-15 13:22:37,13,5,False
98b90b3b-32d8-4111-b159-a8b800dee598,CUS-01215,866.26,pos,Lagos,Ikorodu,fcf96970900d7074,2025-03-15 13:31:41,13,5,False
9165a46e-7886-43c4-8df4-1b1f3acdd5cd,CUS-01977,2441.99,bank_transfer,Rivers,Obio-Akpor,02673b590c313531,2025-03-15 13:34:44,13,5,False
a08f7803-6209-4a0c-ad5c-14e6666441de,CUS-00851,1933.11,pos,Osun,Osun-Central,a241b39179d8b34d,2025-03-15 13:40:51,13,5,False
61cc3127-8c62-4bf5-9f8a-37179fb9936f,CUS-00366,140.1,pos,Cross River,Cross River-Central,59e78c8c78566e9a,2025-03-15 13:47:07,13,5,False
ceb226a3-dc56-4ef0-b762-7f4f6d0b1711,CUS-00738,1940.75,card,Rivers,Obio-Akpor,130806cccf311571,2025-03-15 13:48:35,13,5,False
a67da571-c2d8-4d6e-a158-5cc23ec39ca0,CUS-00872,68309.9,ussd,Delta,Uvwie,07840812b559650f,2025-03-15 13:50:13,13,5,False
6aab27bc-aed5-4895-b61f-feb2a8f73519,CUS-00257,78290.12,pos,Edo,Egor,05b67e1b6e78ab21,2025-03-15 13:51:24,13,5,False
dbdc5ff6-765a-487e-a9d2-df06424749f2,CUS-00991,391.95,mobile_money,Edo,Ikpoba-Okha,ef4fc1417ee3e00f,2025-03-15 14:05:13,14,5,False
57cac8c1-8a8e-4ae6-826d-e16c8cacda41,CUS-01383,8183.86,pos,Kano,Fagge,72e2369e3382312a,2025-03-15 14:09:32,14,5,False
42c4a497-a4c6-4663-928e-59eb04bb1076,CUS-01404,41992.99,mobile_money,Delta,Oshimili South,42b42baf602c4346,2025-03-15 14:16:44,14,5,False
1d6c2a10-7624-4adf-b090-592aa034c265,CUS-00188,2005.72,mobile_money,Oyo,Ogbomoso,ae06fb90c1244c4b,2025-03-15 14:20:52,14,5,False
20da5d1c-0e21-4a09-a34f-ea9388147f9d,CUS-00319,269.62,bank_transfer,Lagos,Alimosho,75925ee21c9c350b,2025-03-15 14:22:52,14,5,False
599e1575-d482-4443-a71e-6d279c243053,CUS-01463,2261.2,bank_transfer,Delta,Warri South,c8977aab38696c1b,2025-03-15 14:46:27,14,5,False
98b89d6c-6ff1-4ee4-a052-2ef788e3a51e,CUS-01308,1425.34,pos,Kano,Dala,c99975fc77f75453,2025-03-15 14:59:16,14,5,False
9332523e-5abc-4161-947c-287f824b81d5,CUS-00673,162.34,pos,Oyo,Ibadan North,3ea875182d80dd9c,2025-03-15 15:02:46,15,5,False
471f6c9b-c5bf-4ee2-a521-9cfe7095499f,CUS-01610,44697.53,bank_transfer,Kebbi,Kebbi-Central,22e1b0a33749909a,2025-03-15 15:07:25,15,5,False
36396b77-ff00-4452-af8a-77f91934a444,CUS-00378,159063.48,bank_transfer,Benue,Benue-Central,b91ad10a40c22ad6,2025-03-15 15:07:36,15,5,False
c7ddf268-c705-424b-9e10-89a43e9b4309,CUS-01528,247.07,card,Benue,Benue-Central,f61ecd1138c844c4,2025-03-15 15:15:37,15,5,False
25e571b3-c2ba-48cd-ab72-e52562199e4b,CUS-01721,452.2,mobile_money,Lagos,Ikorodu,2c0eac63a6a92e4e,2025-03-15 15:25:18,15,5,False
3101bbb8-ba19-4cbc-9b34-90fb9b5c39e9,CUS-00998,3991.33,pos,Katsina,Katsina-Central,8c015b135d544e72,2025-03-15 15:33:17,15,5,False
4d7cc906-5088-4fe0-b6d1-929868b4a538,CUS-01133,32133.0,bank_transfer,Lagos,Lagos Mainland,671d3fdaa7c7ef92,2025-03-15 15:33:59,15,5,False
b494e777-d44e-464b-a4b1-e43a6c7d7c20,CUS-01089,62396.29,pos,Lagos,Surulere,4a1fc1354e8f9be2,2025-03-15 15:41:42,15,5,False
70ba7d0d-4660-4cd4-b368-7a3484c40809,CUS-00931,175050.0,mobile_money,Bauchi,Bauchi-Central,378d1c4e280df576,2025-03-15 15:48:21,15,5,False
bd28c4af-8919-4516-a994-e5dfb29d1d8c,CUS-00501,95855.74,ussd,Oyo,Oyo East,2e8d0d54a7c53df0,2025-03-15 15:52:32,15,5,False
71d2883c-5e2d-4379-890a-e2766832446b,CUS-00776,2902.61,pos,Lagos,Alimosho,ee819ec07e84bdd2,2025-03-15 15:59:21,15,5,False
d34d2ce9-4129-4a01-9888-bedd3d753c16,CUS-00766,1371.25,bank_transfer,Kwara,Kwara-Central,6ff0ddcda0bc1969,2025-03-15 16:06:04,16,5,False
29970941-250b-4154-a2d3-918e47f893ac,CUS-00465,87693.55,pos,Rivers,Port-Harcourt,ed161ad83adcde5e,2025-03-15 16:13:07,16,5,False
f5b05f0a-04be-4e51-8b42-2c91db5d3c3d,CUS-01951,710903.52,mobile_money,Lagos,Agege,ff96fe42ef3de0ae,2025-03-15 16:17:02,16,5,False
a7328702-cd52-4fa6-99ba-d7039a0b3457,CUS-00729,68956.81,bank_transfer,Lagos,Agege,74c46c6f8b16e0c6,2025-03-15 16:18:43,16,5,False
56efdeed-d9cb-42d4-88b4-d3f0b891a65b,CUS-00847,2021.17,pos,Ogun,Ogun-Central,7f2d38a046a3ed43,2025-03-15 16:21:38,16,5,False
878a944f-fc3f-42d9-895e-652804cfcfd0,CUS-01418,330.94,pos,Abuja FCT,Municipal,d3cb7e7d185053b7,2025-03-15 16:23:12,16,5,False
aa979ba1-b52e-4a4b-bb4c-1d04233622ce,CUS-00595,283.75,mobile_money,Abuja FCT,Municipal,1fc14ea080410264,2025-03-15 16:40:50,16,5,False
3b7d6847-ecce-4559-9df8-750a92bbf58e,CUS-00665,370517.03,pos,Lagos,Kosofe,5de9972665a5cc39,2025-03-15 16:41:52,16,5,False
15a8baf3-2d7e-4c85-a56c-297030422532,CUS-01281,102.35,pos,Edo,Egor,1bd265a4fcf5f631,2025-03-15 16:44:00,16,5,False
ab399bd8-a8f7-476e-92bb-9715a96dad59,CUS-01098,192.56,pos,Abia,Abia-Central,311eb4d69dc7f861,2025-03-15 16:44:25,16,5,False
ba285ddc-df34-46b0-82cb-2d945850f90b,CUS-00561,516050.71,mobile_money,Lagos,Ikorodu,6b64c305fff4b7c1,2025-03-15 16:53:16,16,5,False
9abaa509-293d-42fe-85fa-69daaafc9ca6,CUS-00876,3512.7,bank_transfer,Ondo,Ondo-Central,535999615f11696a,2025-03-15 17:11:28,17,5,False
9a1d0a0b-8c0c-423a-aec6-de8e83135f47,CUS-01660,40446.76,bank_transfer,Kaduna,Kaduna North,47d98a681f2232b5,2025-03-15 17:14:34,17,5,False
8c5f114d-559e-4f95-b0f9-726159c87524,CUS-00431,1954.37,mobile_money,Kwara,Kwara-Central,7404af40d9127562,2025-03-15 17:18:46,17,5,False
04eee6af-4605-453c-9c9e-3cfca7c558a2,CUS-00803,253.03,card,Kaduna,Kaduna South,1aaac49944c6a235,2025-03-15 17:20:33,17,5,False
3c3ccc47-ce2d-455a-be8f-41b1ea5d63b1,CUS-01041,113.45,card,Imo,Imo-Central,e8b1e78dda5fdc05,2025-03-15 17:22:47,17,5,False
eca6e89b-7d08-4a26-b163-b06b5d21b115,CUS-00090,2658.97,mobile_money,Lagos,Lagos Mainland,fcd524f43913e0eb,2025-03-15 17:37:28,17,5,False
5ec8c83c-08b3-4e6c-99b4-81535f6fd9f1,CUS-00719,2536.29,pos,Ondo,Ondo-Central,d7f45d58c22a3dfe,2025-03-15 17:50:27,17,5,False
709d754e-e94e-4276-818e-9674c9a08ba3,CUS-00833,96459.6,pos,Lagos,Kosofe,3304a5aa1d13da71,2025-03-15 17:53:02,17,5,False
8eda9cb8-468d-4a8c-b3ff-f567ad01c1cd,CUS-01716,889104.51,bank_transfer,Lagos,Ikeja,876514bdb0606ae7,2025-03-15 18:11:00,18,5,True
d6762f24-8218-410e-add6-07bdc2027ec4,CUS-00463,49507.02,bank_transfer,Oyo,Ibadan South-West,ffff23e7a0acf476,2025-03-15 18:16:59,18,5,False
dbcb8f4e-2a69-4849-bcfd-269e61f62578,CUS-01756,884684.91,pos,Cross River,Cross River-Central,4992e34bc44b3870,2025-03-15 18:17:05,18,5,False
d661c426-2274-4530-bda9-ac4a7d926772,CUS-00899,1894.88,pos,Lagos,Mushin,6f982fdfe8b9f332,2025-03-15 18:22:28,18,5,False
ab92647b-f6d5-4c7e-a976-7dad749bd825,CUS-00497,62107.29,ussd,Lagos,Eti-Osa,fd814a510ea60164,2025-03-15 18:32:18,18,5,False
baf7b67a-9c25-4942-88f3-d735bcb3f244,CUS-00289,900810.16,pos,Kaduna,Kaduna South,b2cf27b1e6b53ab6,2025-03-15 18:34:30,18,5,False
236da633-03a3-41cd-8550-57323ba280ad,CUS-01774,4462.53,ussd,Abuja FCT,Bwari,4416a81ac3c26ad7,2025-03-15 19:00:00,19,5,True
8e1727de-fa28-4dbb-bda4-0c17c1eed40d,CUS-00064,735120.01,pos,Kano,Nassarawa,d79b61acc4f44aea,2025-03-15 19:03:41,19,5,False
bf8c33fb-eb86-4242-bb49-99bf78bd5530,CUS-01774,49283.43,pos,Bayelsa,Bayelsa-Central,4416a81ac3c26ad7,2025-03-15 19:05:00,19,5,True
cb75638b-ea40-47c1-ad18-ae10352a0b2f,CUS-01212,127572.12,pos,Lagos,Kosofe,e5e69af6a4993c4a,2025-03-15 19:12:20,19,5,False
f05d351d-603e-4406-8244-4c30d486eaa7,CUS-00527,15285.48,card,Kano,Nassarawa,48afef767dcffb2e,2025-03-15 19:21:31,19,5,False
ecd4156b-1ab2-4e3e-b9c6-60b4107e720b,CUS-01650,3807.86,mobile_money,Lagos,Mushin,66eb0412e92729a3,2025-03-15 19:22:55,19,5,False
5c14ccb8-adf6-4f0b-8007-05575745da6c,CUS-00409,91430.0,bank_transfer,Lagos,Alimosho,7edcbf54bb8a31ff,2025-03-15 19:26:32,19,5,False
50558db9-497d-4866-b3c5-b4c357696b44,CUS-01039,10315.05,bank_transfer,Kano,Nassarawa,f45c910b731e4816,2025-03-15 19:26:55,19,5,False
49c68021-2329-421d-80fd-b5799565db20,CUS-00164,165.45,bank_transfer,Lagos,Ikeja,cb6a2f6a6e372299,2025-03-15 19:32:36,19,5,False
fcdd659c-826e-4d15-acb7-ffd05bbaabd9,CUS-01333,58523.21,pos,Ogun,Ogun-Central,c2c02e62ca91cd6f,2025-03-15 19:34:26,19,5,False
14a2a357-23a0-4bd5-b982-47d5d37c0326,CUS-01015,15814.29,pos,Adamawa,Adamawa-Central,19492d475c97a771,2025-03-15 19:36:57,19,5,False
b909cac4-75dd-4458-8993-4351b49e4ede,CUS-00329,8480.31,pos,Lagos,Kosofe,7b2bc2bfdc63f934,2025-03-15 19:47:53,19,5,False
61a0084a-b384-4163-a8b4-880fc5c024b9,CUS-01665,249701.94,bank_transfer,Borno,Borno-Central,f822c218fdd2c293,2025-03-15 19:52:17,19,5,False
1dd1cba5-d4b8-4f88-9a78-5548ec3052c4,CUS-00459,237.66,bank_transfer,Lagos,Agege,ed4e3fe47d06a4a2,2025-03-15 19:58:26,19,5,False
1b6617a9-da92-41f8-b8b0-ea145e85050e,CUS-01687,11713.15,pos,Abuja FCT,Municipal,2d4e952d7649836c,2025-03-15 20:20:59,20,5,False
8d1c7c30-eb36-48f8-9b94-3a3ff31f4eb9,CUS-00678,96460.36,pos,Bayelsa,Bayelsa-Central,780d38fd25566312,2025-03-15 20:22:47,20,5,False
464be177-d079-411c-a238-00dbc14108c6,CUS-00173,42361.0,ussd,Lagos,Ikorodu,215dbe62d129810e,2025-03-15 20:27:11,20,5,False
9765e60f-8de8-48f0-b166-e40d11a50aff,CUS-01333,61895.97,pos,Ogun,Ogun-Central,c2c02e62ca91cd6f,2025-03-15 20:27:54,20,5,False
a71d71d8-40ac-41cd-a007-ce03fd8f303b,CUS-00022,95265.6,ussd,Kano,Gwale,790afffe6907fb50,2025-03-15 20:35:02,20,5,False
381f1698-95d5-4140-81e1-ef8dce127e0c,CUS-00449,67692.81,pos,Lagos,Eti-Osa,cb29b45a0a9e6da2,2025-03-15 20:37:47,20,5,False
27074a26-eae4-48f9-aa4a-65fa354c82a2,CUS-00768,229.66,bank_transfer,Kano,Kumbotso,68be7d7ed2728f8b,2025-03-15 20:38:33,20,5,False
835c5130-9579-4107-ad96-c349aaf91e37,CUS-01117,33706.16,pos,Kebbi,Kebbi-Central,d53cc1c3960e3eea,2025-03-15 20:40:07,20,5,False
518542a1-5444-4a2c-9463-eb4c590bb425,CUS-00813,22693.9,pos,Adamawa,Adamawa-Central,722ce8c70b4a19cd,2025-03-15 20:53:37,20,5,False
0d74c1a0-d067-4f12-8b44-940cceb0e3dc,CUS-00533,1930.24,pos,Oyo,Oyo East,ed52fa7157600cd1,2025-03-15 20:55:39,20,5,False
89da8dfa-60bc-4eb2-a53b-b434820fe1bc,CUS-01733,45275.19,bank_transfer,Rivers,Obio-Akpor,95599289dfc0bb5d,2025-03-15 21:06:17,21,5,False
d333c5a0-0b71-4fe2-83e6-bfc778900c93,CUS-01529,2845.84,bank_transfer,Oyo,Ogbomoso,b2f3d811f1911e5d,2025-03-15 21:13:30,21,5,False
8780a928-f860-4ff2-ab24-3af6aa8de75e,CUS-01200,487.96,bank_transfer,Kwara,Kwara-Central,fd60ae30ae1d36ae,2025-03-15 21:22:24,21,5,False
7ce6682a-6374-467e-bd12-615b6deb8057,CUS-00684,23357.42,pos,Yobe,Yobe-Central,d6b12227f34f21ed,2025-03-15 21:22:39,21,5,False
cdf401e0-f518-4d7c-9f94-c05311b26513,CUS-00813,73941.36,pos,Adamawa,Adamawa-Central,722ce8c70b4a19cd,2025-03-15 21:23:31,21,5,False
a6bae3e7-bebb-43be-91ab-89bb6752330c,CUS-01886,172.92,ussd,Lagos,Alimosho,fcdeb95d42646c7b,2025-03-15 21:30:44,21,5,False
56a04e6e-eb4b-47ed-93ae-517c4ccebc74,CUS-00349,266628.19,pos,Enugu,Nsukka,8231363a63a5fd39,2025-03-15 21:32:31,21,5,False
6d5125c4-4659-4292-baaa-a436ecae9f12,CUS-01519,684743.95,bank_transfer,Yobe,Yobe-Central,ffa8c25d0e2f0f89,2025-03-15 21:34:00,21,5,True
e57de320-0f9e-4a2b-b532-ffcd00525c5f,CUS-01520,573.96,pos,Lagos,Agege,169f145f9407934a,2025-03-15 21:39:07,21,5,False
095ff5df-3409-41aa-ba77-3cd87887e61b,CUS-00299,297.72,bank_transfer,Lagos,Eti-Osa,02392e49b7d24ef1,2025-03-15 21:47:16,21,5,False
dcbb4041-3147-41ed-bcd3-17cdfdafd981,CUS-00295,274.52,mobile_money,Abuja FCT,Kuje,3a78603332533436,2025-03-15 21:55:44,21,5,False
4129c30c-2690-4ae0-9c68-7686070eaca7,CUS-01512,20763.58,bank_transfer,Cross River,Cross River-Central,a41949725c54d7c9,2025-03-15 21:59:34,21,5,False
468067bf-5c3b-4137-992f-12a126ce93ff,CUS-00861,368.08,pos,Abuja FCT,Bwari,88c623371bdc41ff,2025-03-15 22:11:11,22,5,False
833f07e5-7faa-48c9-93a2-90b8a8a5075f,CUS-01669,24391.53,bank_transfer,Plateau,Plateau-Central,07569bc15837dad6,2025-03-15 22:35:14,22,5,False
26a8d6f1-1224-4618-8112-37d5f512f6f1,CUS-01078,2265.3,bank_transfer,Lagos,Ikorodu,f93b47fd7d069f48,2025-03-15 22:47:46,22,5,False
487c6300-0d5e-469a-bbb8-f96117b262d2,CUS-00152,93516.71,pos,Lagos,Alimosho,d17fff6c596c08d0,2025-03-15 22:48:37,22,5,False
ce90749b-4174-4656-beed-4905243a0010,CUS-00790,63933.94,mobile_money,Lagos,Lagos Mainland,b15e711fa28274c0,2025-03-15 23:35:59,23,5,False
849668e4-4fac-44a6-a6bd-1780b4c1f409,CUS-01224,376.29,pos,Rivers,Obio-Akpor,68c115a5a9527fcb,2025-03-16 00:06:00,0,6,True
97c58761-20bb-4950-ace5-f7804ee23a7a,CUS-01056,257821.85,bank_transfer,Kwara,Kwara-Central,396525eee1cf71ee,2025-03-16 00:07:00,0,6,True
12fa6c3a-199b-42b7-a265-e8e7a91bfdcb,CUS-00649,3442.6,bank_transfer,Abuja FCT,Municipal,3f03ff507eba6113,2025-03-16 00:07:04,0,6,False
585ed37e-31ea-4d5f-bccd-28f343277d26,CUS-01224,411.01,pos,Rivers,Eleme,68c115a5a9527fcb,2025-03-16 00:11:00,0,6,True
95310ed2-9c51-4336-8e67-20fe72c8e82e,CUS-01224,58.03,mobile_money,Rivers,Oyigbo,68c115a5a9527fcb,2025-03-16 00:16:00,0,6,True
54b2032c-9a49-48a1-98c4-b1172da40aa1,CUS-01224,146.12,mobile_money,Rivers,Obio-Akpor,68c115a5a9527fcb,2025-03-16 00:16:00,0,6,True
c16f7e44-c60a-47a2-a4d1-0c9bbe79226d,CUS-01224,293.39,mobile_money,Rivers,Obio-Akpor,68c115a5a9527fcb,2025-03-16 00:24:00,0,6,True
371316f6-7151-41e5-adfc-43f62e42f1b1,CUS-01224,129.97,ussd,Rivers,Port-Harcourt,68c115a5a9527fcb,2025-03-16 00:28:00,0,6,True
fecac2aa-a68e-4a1e-b28e-e2e66ea01c83,CUS-01224,176.47,mobile_money,Rivers,Oyigbo,68c115a5a9527fcb,2025-03-16 00:50:00,0,6,True
fbfeddca-91c9-44f0-918d-864dc6e9b920,CUS-01730,380.38,pos,Kano,Kumbotso,ccdd451e2764643f,2025-03-16 01:11:40,1,6,False
916db926-4f7e-4d87-88de-ee542d5911a3,CUS-01678,50585.89,mobile_money,Lagos,Lagos Mainland,028151f168167801,2025-03-16 01:53:51,1,6,False
21d647c8-399e-4f58-9c9c-6212c5d3f1f0,CUS-01932,825401.84,bank_transfer,Oyo,Ibadan North,1015c124c9b58be1,2025-03-16 02:10:00,2,6,True
89953c40-fc80-4b20-9d50-f4b3d29c32ec,CUS-01498,479830.2,mobile_money,Rivers,Eleme,06084f23b47782c5,2025-03-16 03:03:01,3,6,False
b886bbc9-d94a-4e3c-bd1f-ebd589bdba5f,CUS-00323,1148.88,bank_transfer,Kano,Dala,c6be91d942ad5d17,2025-03-16 03:18:51,3,6,False
575074c2-0bf7-4efb-a2b6-867287f3a365,CUS-00982,716017.78,bank_transfer,Lagos,Mushin,5833cf70f1e3f607,2025-03-16 03:24:00,3,6,True
b1392c9b-ce10-4453-ae97-dd42a4fd4411,CUS-00646,482.26,card,Kaduna,Zaria,2b7015d78d5d685e,2025-03-16 03:53:53,3,6,False
d9a7a3b5-9ac4-42aa-a5f7-f3c3ad0018b6,CUS-01338,4677.67,bank_transfer,Lagos,Mushin,c6c45b4746ea7af7,2025-03-16 06:13:29,6,6,False
9afc1cc4-46f6-45d8-bbc1-3aa3062ca1ae,CUS-00613,77151.22,mobile_money,Lagos,Eti-Osa,ad26363bc4d3b3d8,2025-03-16 09:07:45,9,6,False
fdab9bf1-8f16-4c70-b3ae-5ccfd68de8c6,CUS-01925,1559.68,pos,Lagos,Mushin,8723c44e85b37773,2025-03-16 09:43:47,9,6,False
ae479678-51d7-4336-97f9-966b773c3f4e,CUS-00840,6537.41,pos,Lagos,Alimosho,cabd7b8438ffd909,2025-03-16 09:43:54,9,6,False
f3964df2-20a6-4365-8b74-0698a7dc2fb7,CUS-00244,3962.83,ussd,Lagos,Alimosho,a20c8fa95a093fa1,2025-03-16 09:57:09,9,6,False
087e1e28-6770-45f4-8790-d5384e87d6ff,CUS-00611,359.45,pos,Imo,Imo-Central,4fd5ba40c68d9677,2025-03-16 10:01:29,10,6,False
3ccf8d7d-d77a-4def-962a-56822622af20,CUS-00592,284.95,bank_transfer,Lagos,Eti-Osa,739ccc5da6223c73,2025-03-16 10:17:43,10,6,False
a4e73b04-17cd-41c1-ac77-5a0ad721014b,CUS-00251,2887.46,ussd,Rivers,Port-Harcourt,07442ae1baeabdbf,2025-03-16 10:19:00,10,6,False
dbc874cc-64f1-4e5e-a12a-6f26110aa2e7,CUS-01756,215.13,mobile_money,Cross River,Cross River-Central,4992e34bc44b3870,2025-03-16 10:19:08,10,6,False
864f703c-ed05-4556-b530-0c99e5d84808,CUS-00773,48657.39,bank_transfer,Rivers,Oyigbo,bf57dfc7ac1d19b3,2025-03-16 10:26:29,10,6,False
a340fbd1-7297-4268-9ec7-bef20aca8f98,CUS-00399,877.37,bank_transfer,Osun,Osun-Central,7ad897b38bbadf7c,2025-03-16 10:28:31,10,6,False
d8f254fb-5abe-4795-aa1c-776a3c3debef,CUS-00705,2382.69,mobile_money,Ogun,Ogun-Central,0635d7b00630607a,2025-03-16 10:29:16,10,6,False
54a2c11f-5451-4cfd-8f84-b8126eaf7998,CUS-00054,4914.39,bank_transfer,Kaduna,Zaria,77c84a745dfc622a,2025-03-16 10:30:40,10,6,False
e1c5538a-7f2e-4a94-bad6-89fa63ee3a25,CUS-01051,87988.16,bank_transfer,Oyo,Ibadan South-West,2c2c9380a4d6a434,2025-03-16 10:34:02,10,6,False
3d7fa932-b8c6-4cb9-a28d-22f2f68501c2,CUS-00647,305.74,bank_transfer,Anambra,Awka South,0bdd31c20a61a0b5,2025-03-16 10:36:42,10,6,False
71329470-6479-4d02-bee5-21e60f8fa043,CUS-00736,62157.58,card,Rivers,Port-Harcourt,a1e444919f8015bd,2025-03-16 10:56:53,10,6,False
21cd3d42-3806-4c9f-82be-d037c5d3cfc6,CUS-01630,459.7,mobile_money,Kwara,Kwara-Central,e72c068b89d1c7b1,2025-03-16 10:56:59,10,6,False
ec6e4e96-4f91-45a8-be33-df4c6fc763ca,CUS-00883,980339.79,pos,Lagos,Ikeja,dfb09978915770b7,2025-03-16 11:04:15,11,6,False
26e91551-a2ad-45b8-be06-463e2fc31b54,CUS-01949,489039.29,pos,Rivers,Eleme,768770528d41dc82,2025-03-16 11:10:48,11,6,False
8a78e118-16e0-4173-91f3-c3f7bf788e9f,CUS-01622,95797.56,mobile_money,Oyo,Ibadan South-West,7963dcf2f8c7dcbc,2025-03-16 11:14:02,11,6,False
867c0f53-1455-44bb-ab32-a07b101f14f6,CUS-01747,49775.15,bank_transfer,Kano,Fagge,cc8cc73d43d1ea71,2025-03-16 11:17:49,11,6,False
2a0219cf-100b-44ee-817a-0559e9b1be35,CUS-00008,255.57,pos,Kaduna,Kaduna North,0c54ccb814a42c2d,2025-03-16 11:18:45,11,6,False
b651ea66-f414-4cf3-aea1-7a47e4260dde,CUS-00115,322.96,pos,Zamfara,Zamfara-Central,cc9901f14e251415,2025-03-16 11:30:17,11,6,False
0a541203-616b-43c7-98ee-39794a88ad43,CUS-00198,8491.8,pos,Niger,Niger-Central,9af1733f50cf9816,2025-03-16 11:33:48,11,6,False
acfd4167-a5b0-4562-a2f1-f1878419c641,CUS-00689,2327.36,bank_transfer,Lagos,Ikorodu,4784d171657cbb42,2025-03-16 11:37:37,11,6,False
0ef80f9c-92bc-4ee7-97f8-8f41c14c12b1,CUS-00288,3040.15,mobile_money,Kano,Gwale,2303bb40e0492b07,2025-03-16 11:38:06,11,6,False
27c1ea1c-d46a-449a-bc52-591874bdc8fb,CUS-00707,2611.6,pos,Benue,Benue-Central,ed8aa376fb7b4e17,2025-03-16 11:42:52,11,6,False
80db7359-7a9e-4098-b366-8405731bc456,CUS-01094,32745.53,pos,Lagos,Surulere,85d7d4bf2b272403,2025-03-16 11:45:06,11,6,False
c9af1f6a-4836-47e9-a872-c8d493365f55,CUS-00081,454.17,pos,Enugu,Enugu North,aa0d9f651510b9f0,2025-03-16 11:49:41,11,6,False
c041ba96-a7b1-4f9d-bbad-c4a1a3d8764c,CUS-00777,35874.69,mobile_money,Ondo,Ondo-Central,51d6d7cec988fd85,2025-03-16 11:51:30,11,6,False
7d41eadc-68e6-49da-b4c6-b11e637ff241,CUS-00478,562656.92,pos,Bayelsa,Bayelsa-Central,a01da1f680707d34,2025-03-16 11:52:23,11,6,False
493a7871-b345-4f4e-8372-a3f02dfd3491,CUS-00604,55243.66,bank_transfer,Lagos,Eti-Osa,31a83e595b172ac1,2025-03-16 11:57:23,11,6,False
7b3bb492-91a4-4a97-96c6-c28dd69a795f,CUS-00685,128.17,pos,Oyo,Ibadan North,3b90c47fa95946b7,2025-03-16 12:25:19,12,6,False
93d4c5c6-68ab-4294-9c32-bf6016461841,CUS-00701,53438.04,card,Lagos,Kosofe,103556a324a9a49d,2025-03-16 12:25:26,12,6,False
8c3b03a0-4b64-400f-a04a-a94722baff1f,CUS-01494,847.93,mobile_money,Kaduna,Kaduna North,acf36f5ac3721732,2025-03-16 12:33:22,12,6,False
803c5745-dba4-44ec-a493-5c3ce5eec950,CUS-01676,2178.36,pos,Lagos,Surulere,4cbe72a6e828f405,2025-03-16 12:34:46,12,6,False
b8a42aec-b2f1-4b44-8f0d-0e0581cb7943,CUS-01115,420.61,bank_transfer,Oyo,Ibadan South-West,8e84f0abbb452664,2025-03-16 12:38:29,12,6,False
cf0fd1e7-5ba9-4fbd-8d27-e0d38024720b,CUS-00850,2582.01,mobile_money,Lagos,Eti-Osa,e9094fbd4615343d,2025-03-16 12:41:41,12,6,False
8ff799ab-c195-48b6-a658-7212e5872021,CUS-00522,75529.36,pos,Bayelsa,Bayelsa-Central,8359329b6dadc065,2025-03-16 12:48:02,12,6,False
27c7ed4e-6a7a-46f8-90ad-47f7167ed372,CUS-01780,1545.49,pos,Lagos,Oshodi-Isolo,a824e5361e0d9d92,2025-03-16 12:52:33,12,6,False
70588355-9784-4a5c-a9f6-15eac292936d,CUS-00267,72372.58,mobile_money,Edo,Ikpoba-Okha,1560943ead050084,2025-03-16 12:58:55,12,6,False
944a849b-1957-4ab0-90fb-e4e9e1f8b3f6,CUS-00854,366195.62,pos,Lagos,Kosofe,8339578503fb8b90,2025-03-16 13:31:04,13,6,False
af212e41-8661-4db5-80d8-3828d314f23d,CUS-00135,376465.88,ussd,Kano,Gwale,a4f9096364b81dc6,2025-03-16 13:50:46,13,6,False
2fd539e9-82c0-45fa-a6c7-2e7fedcdffcb,CUS-00961,53219.77,pos,Kaduna,Kaduna South,53c76254ebe7bddf,2025-03-16 13:52:34,13,6,False
c577237e-0873-4d7d-9fb7-a87b54d82094,CUS-00770,25232.23,pos,Lagos,Mushin,07ebcbdbcca5ed04,2025-03-16 13:53:17,13,6,False
d681751b-57a0-4cc1-bba9-5c0525477d4c,CUS-00300,207.9,mobile_money,Lagos,Mushin,4fcd148b58c99584,2025-03-16 13:57:52,13,6,False
c0ddd7cd-9d37-46af-9f2d-4fc6912e2f08,CUS-00622,807102.23,bank_transfer,Rivers,Obio-Akpor,7e53a819ad1be8b4,2025-03-16 14:05:12,14,6,False
4ad368e9-3a4b-4bf1-b12b-48a9784030e8,CUS-00368,1252.12,pos,Lagos,Oshodi-Isolo,fbea58cfa25efa40,2025-03-16 14:14:34,14,6,False
93cce679-1f94-4917-a61d-1bda070880fa,CUS-00761,4925.61,bank_transfer,Kano,Dala,9af619d3f3e717ee,2025-03-16 14:16:44,14,6,False
4d51f662-8214-49fe-a693-743a474645ad,CUS-00172,88.75,pos,Abuja FCT,Kuje,eb1fc4a3af643718,2025-03-16 14:38:51,14,6,False
96b35bab-5052-4233-9e5a-bf3f958e2bbf,CUS-01801,45011.02,ussd,Osun,Osun-Central,8f779f94f9d34410,2025-03-16 14:42:25,14,6,False
330f6ce7-fa43-48a3-9afa-35538baa995a,CUS-00507,54.29,bank_transfer,Plateau,Plateau-Central,f0f00c7123d03468,2025-03-16 14:55:55,14,6,False
1b93b435-aeca-461a-ae17-1d99dadd3bae,CUS-01519,2522.47,bank_transfer,Yobe,Yobe-Central,ffa8c25d0e2f0f89,2025-03-16 15:04:54,15,6,False
18887675-5977-4c28-8880-55abd904e49c,CUS-00767,51.87,pos,Kebbi,Kebbi-Central,b60a92927087472a,2025-03-16 15:07:29,15,6,False
d3608874-b569-4463-9c0f-c6802b6498b2,CUS-01807,417.85,pos,Lagos,Lagos Mainland,39b75e6bcf7ef405,2025-03-16 15:16:39,15,6,False
8748540c-2e91-4813-ac0f-b22799e8f1ec,CUS-00294,357.24,pos,Lagos,Kosofe,b4d76a0aefaa7938,2025-03-16 15:22:42,15,6,False
4c379b52-13f7-409f-aa7d-e41e1ca6d64e,CUS-01061,3852.99,pos,Ekiti,Ekiti-Central,483102c8c509fdd4,2025-03-16 15:27:53,15,6,False
a0dc97d0-013b-4c00-b585-b1fa417b154d,CUS-01007,19844.46,pos,Borno,Borno-Central,571abb9ccdcae687,2025-03-16 15:29:56,15,6,False
1e895c34-9dbe-40fd-9f0b-7bbd0ce56ca8,CUS-01646,3271.36,bank_transfer,Lagos,Agege,47fd3830210a5886,2025-03-16 15:36:22,15,6,False
9de1f506-d6a9-4aca-b5c1-7d784d03603e,CUS-00624,221.43,pos,Enugu,Enugu North,e9a78c3fde372bda,2025-03-16 15:48:35,15,6,False
c337db98-2dd6-4031-a0fd-90317de86be9,CUS-01005,166.78,pos,Delta,Warri South,dbe7ce2edc6a7b4d,2025-03-16 15:50:15,15,6,False
2d7747d2-5e49-4cca-8ce6-0d6801bbcd95,CUS-01130,401.15,mobile_money,Ondo,Ondo-Central,00577bc6026132e0,2025-03-16 15:54:35,15,6,False
a762317a-545a-472e-a8c9-4a4038bbc009,CUS-00204,1966.07,mobile_money,Kaduna,Zaria,dacf1ca0cd2282a4,2025-03-16 16:17:04,16,6,False
3d1939c8-cf44-4bd9-82cd-65a2b1de182a,CUS-00067,357.69,pos,Benue,Benue-Central,2ce9fcf68f9d3141,2025-03-16 16:21:23,16,6,False
c49a9af1-d3c3-4a2e-ac72-9badc6da2b65,CUS-00928,429.53,mobile_money,Enugu,Enugu North,2cf7904fdac340ce,2025-03-16 16:26:11,16,6,False
41183da2-e8d2-4a9c-9837-544662d332c3,CUS-01917,67.52,pos,Kaduna,Zaria,2b0ecdd673e9f7e2,2025-03-16 16:27:22,16,6,False
86c5a927-b1cf-4714-b7bb-50119f598ffa,CUS-01162,1817.51,pos,Kano,Kumbotso,4d4fdcee1f176dbe,2025-03-16 16:27:26,16,6,False
62b1fc6a-98a2-4726-92af-f6d96b2b90d8,CUS-00684,864559.59,bank_transfer,Yobe,Yobe-Central,d6b12227f34f21ed,2025-03-16 16:32:00,16,6,True
9ccdd026-27e9-4b43-b994-05c561172f56,CUS-00893,24090.25,pos,Rivers,Eleme,e86cf8938c710ffe,2025-03-16 16:42:09,16,6,False
7bb98812-d265-4a58-9d63-eeae32b8925d,CUS-01431,2569.9,card,Abuja FCT,Gwagwalada,495d3248fee65305,2025-03-16 16:47:46,16,6,False
b88674e8-360b-4310-97ee-a358be79c689,CUS-00697,412.38,pos,Oyo,Ibadan North,3a7a3a30be3ac3f4,2025-03-16 16:50:07,16,6,False
72781caa-eb1e-41c7-a3c5-c75d65f692d1,CUS-01537,3403.71,pos,Anambra,Nnewi North,a99f48c92dd1b94b,2025-03-16 16:54:41,16,6,False
71b39fba-6378-4d1c-a477-ddaf582ff65c,CUS-00570,57567.56,bank_transfer,Abuja FCT,Bwari,c49513616758d76b,2025-03-16 17:09:26,17,6,False
a44db395-3de7-4c3b-9cf6-d1413c14d04c,CUS-01020,77960.05,pos,Edo,Egor,d28b585347c58b91,2025-03-16 17:12:53,17,6,False
8953b337-c8e1-44ac-9cbe-67cd301569aa,CUS-01356,96442.51,mobile_money,Nassarawa,Nassarawa-Central,853907668826b986,2025-03-16 17:14:45,17,6,False
c7375d34-c74c-464f-ac11-db8f56f70776,CUS-00003,391.57,pos,Kaduna,Kaduna South,18718776213837dc,2025-03-16 17:15:03,17,6,False
e4e4098d-0b77-43c9-a4fb-a605244ee36d,CUS-01023,79034.38,pos,Bayelsa,Bayelsa-Central,a70b1b3ef8b2136c,2025-03-16 17:15:18,17,6,False
8415caf7-a0aa-43a1-8a35-30746ccf7129,CUS-00509,1885.71,ussd,Ondo,Ondo-Central,9fd6e0c80e26c585,2025-03-16 17:27:09,17,6,False
06fe3c08-fd83-4f9b-bede-63a237256cff,CUS-01534,285.73,pos,Rivers,Port-Harcourt,e79d47ca860c90f8,2025-03-16 17:27:16,17,6,False
7abc679a-ffa7-458c-aae2-3bebc1bd9737,CUS-01171,4139.34,pos,Ekiti,Ekiti-Central,bc9b058bfcd65ff3,2025-03-16 17:34:16,17,6,False
014157aa-45fa-481e-8d20-a7d133ebabd9,CUS-01203,44746.42,ussd,Kano,Fagge,81d3f55d5b163e00,2025-03-16 17:38:47,17,6,False
7224d6be-8b68-49c1-8f60-784cdb6750f5,CUS-00072,4331.39,pos,Lagos,Agege,9d27c4c10ac416f4,2025-03-16 17:54:04,17,6,False
28cb16ab-0ee9-4775-b351-0990fdccdc19,CUS-01644,1116.29,mobile_money,Lagos,Kosofe,4eb0e2d037f0c5a2,2025-03-16 18:09:02,18,6,False
60e86878-565d-40df-a2cc-38c38242b449,CUS-01727,1703.31,pos,Ogun,Ogun-Central,7011c30208d82b3b,2025-03-16 18:09:35,18,6,False
aedc9ae5-ffc9-4ecf-96a2-f90dc786b74a,CUS-01548,58199.33,pos,Lagos,Surulere,4c6c2fda7eb08019,2025-03-16 18:13:21,18,6,False
9c188ff7-c4ca-437f-ba2f-ee7b99a6830e,CUS-01984,3846.91,pos,Lagos,Alimosho,d2b93ad2d6bfcf71,2025-03-16 18:24:14,18,6,False
0e5a5d8f-e6f0-4498-8b70-453fd5db9e11,CUS-01327,416.97,bank_transfer,Imo,Imo-Central,eb2337efa4835881,2025-03-16 18:28:08,18,6,False
dbc086b0-7d9d-4238-9d6b-ed74aa5e355f,CUS-00271,63045.07,pos,Benue,Benue-Central,1ed4881d016ff524,2025-03-16 18:40:06,18,6,False
a1e0b7d6-c611-4cb7-98c6-6ca3209e3931,CUS-01848,2344.48,mobile_money,Niger,Niger-Central,d701dbf8c2ff3cf9,2025-03-16 18:49:32,18,6,False
2c03b0ed-aa2e-47f6-a0d6-2b34f3717712,CUS-00698,3787.65,mobile_money,Lagos,Surulere,5f2762a71ad1b9a9,2025-03-16 18:56:02,18,6,False
73f0babc-23e2-4b43-842f-9f5a5c5b900b,CUS-00612,1028.05,pos,Enugu,Nsukka,d6b72576a75baa04,2025-03-16 18:58:21,18,6,False
61060be9-0723-4a6d-a588-c30277f2691c,CUS-00515,48672.4,ussd,Lagos,Kosofe,599f7cd83a5b96e1,2025-03-16 19:01:53,19,6,False
111d9f45-a481-41b9-bacf-d81d596d11d5,CUS-01848,3791.19,mobile_money,Niger,Niger-Central,d701dbf8c2ff3cf9,2025-03-16 19:03:07,19,6,False
f9cd9ddc-a40c-462c-a1e4-d092b82c2250,CUS-00996,14812.69,pos,Taraba,Taraba-Central,7a9b7dbe88f4f124,2025-03-16 19:04:58,19,6,False
d4d4adbc-0d08-4f8d-9f77-659d817ea9a7,CUS-00170,92564.82,mobile_money,Anambra,Onitsha North,b30937a8ff222503,2025-03-16 19:09:58,19,6,False
5e00b13e-4654-4aa3-a5d7-23676fb494c5,CUS-01088,77467.29,bank_transfer,Ogun,Ogun-Central,2fe4c08d1ce58296,2025-03-16 19:11:46,19,6,False
bb24ee6a-296d-4c7f-b005-98fc6ed101ef,CUS-01935,831761.47,bank_transfer,Benue,Benue-Central,beac29344830dd2f,2025-03-16 19:28:49,19,6,False
b520d796-28ca-458c-92c8-075aba079515,CUS-00609,357.0,pos,Anambra,Onitsha North,d1e653e0daf0e6cc,2025-03-16 19:37:52,19,6,False
bf8157fb-21ed-4546-9ef0-e3889deefb57,CUS-01715,841470.22,pos,Ogun,Ogun-Central,542b8868a3076c1b,2025-03-16 19:44:58,19,6,False
d5cf4a3a-368a-4e9b-83bb-b6fbd30083df,CUS-01470,97553.04,pos,Oyo,Ogbomoso,c4455eb10abbc54e,2025-03-16 20:01:31,20,6,False
73fc4987-5508-4077-a344-9e0740147cfe,CUS-01326,993792.04,card,Lagos,Kosofe,d91f349461d4c224,2025-03-16 20:01:41,20,6,False
3cfc91de-b1ef-45c5-8e1e-240e5c7d8368,CUS-01957,258.72,bank_transfer,Rivers,Oyigbo,540af2a595b54ac2,2025-03-16 20:19:08,20,6,False
431ab052-ace2-47c0-a3b5-b9848ac123a2,CUS-00089,3606.94,pos,Abuja FCT,Kuje,daa8eb1f1afb46f0,2025-03-16 20:30:49,20,6,False
3b19b3f1-1331-450e-93b3-52dd5d94d654,CUS-00980,296.91,bank_transfer,Kano,Dala,0fbb27d86ea35239,2025-03-16 20:35:07,20,6,False
221a6e95-cdda-40b7-b25c-6848081706af,CUS-01038,395.64,pos,Lagos,Ikeja,37c80537f40eec54,2025-03-16 20:37:39,20,6,False
1aca8a6f-f90b-4a6b-be8f-20e42e3a864c,CUS-00986,290.63,pos,Anambra,Nnewi North,b35f0ea93c48677d,2025-03-16 20:40:45,20,6,False
5330a7d7-c524-4ed7-99d5-4ca727e9aee2,CUS-01603,408994.82,bank_transfer,Kano,Gwale,73ddb92252538ec9,2025-03-16 20:46:00,20,6,True
1af7dc93-be65-4380-90be-8583e84af463,CUS-01194,2407.47,pos,Lagos,Agege,92f97f031c21451e,2025-03-16 20:50:08,20,6,False
d8ddd4a3-33ec-4afa-b551-feb0e721af68,CUS-01356,104.57,mobile_money,Nassarawa,Nassarawa-Central,853907668826b986,2025-03-16 21:02:14,21,6,False
0be9fd60-1981-48e0-9fba-a0f12e6f3d02,CUS-00069,33674.29,pos,Ogun,Ogun-Central,a3bc4367e57bfc78,2025-03-16 21:05:23,21,6,False
855c0dcf-f8a3-4425-beeb-a471d324c041,CUS-00527,744108.83,card,Kano,Kumbotso,48afef767dcffb2e,2025-03-16 21:11:56,21,6,False
c0996c4c-75fa-46b4-834b-a31106f3c6d6,CUS-00864,26575.92,bank_transfer,Rivers,Obio-Akpor,82023b8e0030d2ad,2025-03-16 21:12:28,21,6,False
8ac64273-d423-4676-9505-02f188c983b5,CUS-01304,2663.08,bank_transfer,Edo,Ikpoba-Okha,a9f2eed213018c92,2025-03-16 21:22:22,21,6,False
1d27a2b2-c2fc-45b9-a9e8-aa5b826815aa,CUS-00760,3656.74,pos,Lagos,Mushin,a5121d1898c9d913,2025-03-16 21:27:30,21,6,False
e39b1500-922f-4ebe-af89-17de271ec613,CUS-01337,495.54,mobile_money,Anambra,Nnewi North,ea9f50ef925bfd0a,2025-03-16 21:41:33,21,6,False
6dfe74dd-71a1-4813-8009-faca8b7c50cd,CUS-01606,1712.06,pos,Lagos,Ikeja,9d2943be2622aa4c,2025-03-16 21:43:46,21,6,False
538cd9d1-44e3-4b00-b03f-cde908b202cf,CUS-01186,1337.55,pos,Anambra,Onitsha North,6289ff269db8f2ac,2025-03-16 21:53:55,21,6,False
76884217-2034-45f1-85a6-2b8b5cf042f4,CUS-00656,8177.66,mobile_money,Kano,Gwale,52c7f8207abbb9c3,2025-03-16 23:19:12,23,6,False
6e207b99-5b00-4c50-a1fa-829297eee89c,CUS-01484,4553.85,bank_transfer,Kano,Kumbotso,0e62fcf1fb9ddfdc,2025-03-17 02:03:36,2,0,False
e4623999-a7b5-4be3-89df-875f367a1fa3,CUS-00937,89007.3,mobile_money,Taraba,Taraba-Central,db6c0c9551210daa,2025-03-17 02:15:35,2,0,False
b9eebe27-368b-48cf-a6a0-6e4357c13257,CUS-01617,460.91,bank_transfer,Delta,Uvwie,649e38bb07b7b488,2025-03-17 02:58:55,2,0,False
a2f6c250-795c-4953-bf1d-44f60d8cebb7,CUS-00393,36325.26,pos,Abia,Abia-Central,6d5850dcdc1d378b,2025-03-17 03:26:00,3,0,False
a38b0c83-38f7-4f86-afba-ce0a787b6f44,CUS-00386,2057.64,ussd,Kano,Gwale,273baa91f71df6fc,2025-03-17 06:13:00,6,0,True
69b941d0-911d-4d07-bbf7-6814e9328e7d,CUS-01373,387.15,card,Abuja FCT,Gwagwalada,c3deb665c44d26ee,2025-03-17 06:48:00,6,0,True
aaf2800c-30e8-40cd-b067-efcf14883662,CUS-01614,67729.15,pos,Kano,Nassarawa,1b4932f290b1fc00,2025-03-17 06:51:08,6,0,False
4c002840-7053-48b5-bb6a-451ed2b7ac41,CUS-01373,312.2,bank_transfer,Abuja FCT,Municipal,c3deb665c44d26ee,2025-03-17 07:10:00,7,0,True
ba39817c-b16f-4cb5-bdeb-7aa19cda25a1,CUS-01280,2208.46,bank_transfer,Enugu,Nsukka,de49824b2d71bf04,2025-03-17 07:23:29,7,0,False
11b6c89d-761a-4727-9c8e-b28bdb73291f,CUS-00871,875.87,pos,Kano,Fagge,086966739eb1d2e8,2025-03-17 07:40:00,7,0,True
864b6161-33ed-44a9-bea1-cae7d2c131f1,CUS-01007,484.83,pos,Borno,Borno-Central,571abb9ccdcae687,2025-03-17 07:49:44,7,0,False
79d1bb86-cd1e-4190-b39d-1b86310351a1,CUS-00027,399.69,card,Abuja FCT,Municipal,8234c83e56e9f1ff,2025-03-17 07:59:32,7,0,False
5ab192ed-c993-4db1-b19d-8f81a53875a1,CUS-01374,54340.01,mobile_money,Lagos,Lagos Mainland,4e33cb22b6638e9d,2025-03-17 08:26:59,8,0,False
d44882de-a43d-457c-9b20-1baceecc7546,CUS-01777,404.45,bank_transfer,Rivers,Port-Harcourt,3b6b26cc8eb04698,2025-03-17 08:38:41,8,0,False
7676d663-6f2d-47b2-b741-7d875900737f,CUS-00436,2582.32,bank_transfer,Lagos,Kosofe,68fb798e5b124399,2025-03-17 08:51:24,8,0,False
20a81bb8-0851-4952-835b-ce4fff5c277e,CUS-00550,125.58,pos,Abuja FCT,Bwari,2a98951d2a24f072,2025-03-17 09:08:54,9,0,False
8a9e34d6-f238-4995-8de5-85b145ab1ccf,CUS-00076,454.37,pos,Abia,Abia-Central,4811e029a88bf94c,2025-03-17 09:12:07,9,0,False
28423c08-2c65-4213-97ac-50a72870d80f,CUS-01555,78391.95,bank_transfer,Lagos,Lagos Mainland,78defe75dc542af4,2025-03-17 09:15:05,9,0,False
8ee681fd-d617-4f23-80e6-b0ea2c437d79,CUS-01605,40479.51,pos,Abuja FCT,Gwagwalada,e888ec392f115231,2025-03-17 09:16:32,9,0,False
440641b2-7e6c-4129-9247-f881f7c58b7b,CUS-00386,2773.76,bank_transfer,Kano,Fagge,273baa91f71df6fc,2025-03-17 09:19:00,9,0,True
aa6dfdc0-1881-4d7f-a89e-f7f9d8f074f0,CUS-01549,1460.03,mobile_money,Enugu,Enugu East,51f26c68350dec47,2025-03-17 09:24:00,9,0,True
7c574f45-c3eb-42cd-90ff-a9197578e866,CUS-00120,10822.92,mobile_money,Benue,Benue-Central,2aa8167840b42b5e,2025-03-17 09:25:35,9,0,False
bddc72da-d13d-4ec7-883b-2e56181fed1d,CUS-01592,671511.19,card,Lagos,Kosofe,86fee91f56ea58c2,2025-03-17 09:29:25,9,0,False
440a471c-689d-450f-8b0d-e82468b14ad7,CUS-01373,84254.45,bank_transfer,Abuja FCT,Bwari,c3deb665c44d26ee,2025-03-17 09:30:00,9,0,True
567ff6bc-e883-4ad7-b9af-08eecc4c265e,CUS-01549,3852.63,pos,Enugu,Enugu East,51f26c68350dec47,2025-03-17 09:38:00,9,0,True
ae923ec5-c901-4945-bd20-a93321b17b55,CUS-01344,42933.74,bank_transfer,Osun,Osun-Central,3b2ab3c41753e83d,2025-03-17 09:40:47,9,0,False
bc0c7f6f-28fb-4599-abf7-db8c44ab995d,CUS-00213,632652.38,card,Lagos,Agege,9a836a307a1dd420,2025-03-17 09:51:26,9,0,False
91454ade-9800-4719-b8b7-f5d121c5cca5,CUS-00871,82395.92,pos,Kano,Dala,086966739eb1d2e8,2025-03-17 09:57:00,9,0,True
17acc153-05c1-41ba-b392-cb6c784a9873,CUS-00630,486.4,bank_transfer,Edo,Ikpoba-Okha,44673a08c8fcb028,2025-03-17 10:03:42,10,0,False
9e0349d8-6dcb-4b15-96a9-b4d9c3a4793a,CUS-01890,2937.19,mobile_money,Lagos,Mushin,c84a562ccf107b05,2025-03-17 10:15:21,10,0,False
45c2c8e3-931f-44f0-9151-1f14da9af3a2,CUS-00871,80508.96,mobile_money,Kano,Fagge,086966739eb1d2e8,2025-03-17 10:17:00,10,0,True
ae5abb71-65d3-4880-855d-7d9747541e4c,CUS-01937,446.36,pos,Plateau,Plateau-Central,a96cc0e9e7bb5bfa,2025-03-17 10:26:25,10,0,False
f7cb73ae-a846-46dc-a2b4-166d0be1db3b,CUS-01637,195.09,pos,Lagos,Ikeja,f8158692bfebfc89,2025-03-17 10:27:17,10,0,False
655fed47-f27a-4a64-85d7-3fc72afd2427,CUS-00795,3192.72,bank_transfer,Zamfara,Zamfara-Central,6f8b18aebf0d3d68,2025-03-17 10:33:19,10,0,False
05f64c0a-0781-4656-92da-2b144b250ce8,CUS-00386,3529.64,pos,Kano,Nassarawa,273baa91f71df6fc,2025-03-17 10:37:00,10,0,True
6203576f-9fff-4551-974c-be39f5c3365c,CUS-01574,211.13,ussd,Lagos,Eti-Osa,63f248344992f732,2025-03-17 10:41:19,10,0,False
d4608942-30d2-41aa-ac02-1bd9f2357554,CUS-01619,51542.94,pos,Ondo,Ondo-Central,12bbf648320e11ce,2025-03-17 10:41:33,10,0,False
9a28890d-c124-4b9e-a108-058681b019bf,CUS-01965,4733.15,mobile_money,Kaduna,Kaduna North,9156bf2ac5339cda,2025-03-17 10:46:19,10,0,False
4dbcf6ab-541b-4428-8f8e-ef06411346bc,CUS-01672,4306.2,mobile_money,Zamfara,Zamfara-Central,62f20bbb589f3230,2025-03-17 10:47:27,10,0,False
cd5f58f7-42d4-4318-bf8f-e6ecbf6e1761,CUS-00871,2803.6,mobile_money,Kano,Nassarawa,086966739eb1d2e8,2025-03-17 10:49:00,10,0,True
9b3ec06e-5503-45b6-bb46-c6a8d465dd39,CUS-00796,470.65,pos,Yobe,Yobe-Central,0111ee87de64cf7b,2025-03-17 10:51:49,10,0,False
b2e83201-f4ef-4631-9d61-536dccd2e24e,CUS-01775,4415.97,ussd,Kano,Tarauni,d9a299ad346ab25c,2025-03-17 10:52:49,10,0,False
61598132-41f0-4e71-8150-bb8784d036b9,CUS-00906,3728.92,card,Plateau,Plateau-Central,98117148c7a5e4fa,2025-03-17 11:07:26,11,0,False
8ced292b-ee8b-441f-833a-c854dfaf770a,CUS-00666,2997.09,pos,Lagos,Lagos Mainland,f78ca29f187b0030,2025-03-17 11:13:54,11,0,False
957a55ed-1c82-4c6f-9869-9bfab013f51d,CUS-00530,95516.37,mobile_money,Benue,Benue-Central,c87ff27a0ddd5155,2025-03-17 11:14:50,11,0,False
347f779f-cad8-419a-8999-a83b7345b895,CUS-00834,21286.15,pos,Abuja FCT,Bwari,1afab51897635862,2025-03-17 11:15:31,11,0,False
b76f1094-23c2-4a02-95b7-13a39c827e84,CUS-01549,960159.0,bank_transfer,Enugu,Enugu East,51f26c68350dec47,2025-03-17 11:18:00,11,0,True
74005f83-9647-4774-a571-6e03fdde9c6b,CUS-01897,80585.85,mobile_money,Lagos,Lagos Mainland,e94888cd3a69e633,2025-03-17 11:24:29,11,0,False
38cc397a-521e-4369-9495-f318ec155b96,CUS-00871,70053.73,mobile_money,Kano,Fagge,086966739eb1d2e8,2025-03-17 11:26:00,11,0,True
1b510fdf-25c0-4473-97ef-77d01feb63da,CUS-00790,54126.14,mobile_money,Lagos,Alimosho,b15e711fa28274c0,2025-03-17 11:35:32,11,0,False
ae1992f6-a1e6-4e40-8a6f-b46e547dbac0,CUS-01319,303638.59,mobile_money,Lagos,Kosofe,9dd92bdbfbe0cdc4,2025-03-17 11:39:31,11,0,False
10851b80-e0d6-49f9-9965-7fc60c393a52,CUS-00580,2265.8,bank_transfer,Abuja FCT,Bwari,b41dc106d755dab0,2025-03-17 11:47:42,11,0,False
e6426e41-494d-437d-9670-c79487aac16c,CUS-01096,147.51,card,Lagos,Alimosho,41d538220b50c361,2025-03-17 11:48:59,11,0,False
a9fe5ec5-7122-4d76-aee1-0a0e1e44d181,CUS-00679,24353.91,bank_transfer,Zamfara,Zamfara-Central,7e25cc8d75f3b759,2025-03-17 11:59:26,11,0,False
166952fb-e864-4ce4-a2df-cafb3253c75e,CUS-01325,24142.66,ussd,Kano,Fagge,502ee3fbac83a449,2025-03-17 12:08:34,12,0,False
2c7f28e0-8bd9-4222-82ab-db74f635aac6,CUS-01063,610.63,bank_transfer,Rivers,Obio-Akpor,9e1a89fd42d907c4,2025-03-17 12:14:13,12,0,False
ad14767f-7dc3-4644-a2a6-36f2e20b278d,CUS-01599,1832.29,mobile_money,Nassarawa,Nassarawa-Central,c4762c97dfed483f,2025-03-17 12:16:39,12,0,False
113e0c71-a9cd-4a9f-81e6-de12d878a32f,CUS-00386,9394.26,bank_transfer,Kano,Gwale,273baa91f71df6fc,2025-03-17 12:18:00,12,0,True
5515b799-df83-4870-a068-a2a05cb51c90,CUS-00952,2121.79,mobile_money,Lagos,Lagos Mainland,6c135efc80e8ab9c,2025-03-17 12:19:53,12,0,False
c627a01e-171b-4295-aa8a-da7f194f9943,CUS-00372,432.24,mobile_money,Lagos,Mushin,131ea15f92860a0b,2025-03-17 12:27:08,12,0,False
c9f7b55e-30e3-49e4-a18d-363aeddca865,CUS-00386,91790.73,mobile_money,Kano,Nassarawa,273baa91f71df6fc,2025-03-17 12:29:00,12,0,True
54bb33bb-e2d6-4a2c-b3e3-8a587f1c5c6a,CUS-00051,23045.08,bank_transfer,Abia,Abia-Central,a0955d05114e0b7a,2025-03-17 12:41:47,12,0,False
3098fa28-3915-49f6-a42e-a614e1f4fa46,CUS-01949,3007.62,pos,Rivers,Oyigbo,768770528d41dc82,2025-03-17 12:56:53,12,0,False
eed4eaf7-ddaa-4f6e-b75e-e177e66b9afb,CUS-01629,87204.5,bank_transfer,Abuja FCT,Kuje,8db26fd363572d4d,2025-03-17 12:58:06,12,0,False
45f8bae5-5343-45be-8452-3544328711b1,CUS-01678,256402.32,mobile_money,Lagos,Mushin,028151f168167801,2025-03-17 13:01:08,13,0,False
b1e0198b-b4a1-430f-a219-bbef2987b0ca,CUS-00507,11736.76,bank_transfer,Plateau,Plateau-Central,f0f00c7123d03468,2025-03-17 13:10:55,13,0,False
8b38b4cc-af61-4212-8125-3bd6cc16394e,CUS-01517,747390.3,pos,Nassarawa,Nassarawa-Central,beeded9bdc46ff19,2025-03-17 13:13:14,13,0,False
a66dd040-08ba-4d2a-91ac-98330343437a,CUS-00871,593.19,mobile_money,Kano,Nassarawa,086966739eb1d2e8,2025-03-17 13:16:00,13,0,True
7fe01ae1-17a8-4cbb-a08e-725e52af7cf4,CUS-00976,4485.07,mobile_money,Kaduna,Zaria,a5f4eb10f25d6dd2,2025-03-17 13:27:24,13,0,False
aea040fc-50c0-405c-acbc-40a7e653393d,CUS-01896,40209.56,pos,Kaduna,Zaria,6c0c831c8a5b6324,2025-03-17 13:49:32,13,0,False
cd84fa82-66c5-4656-8abf-f2d3563b557e,CUS-00139,52720.0,ussd,Bayelsa,Bayelsa-Central,1b85d0b8604dea2e,2025-03-17 13:52:18,13,0,False
e2a0d5cb-bcfb-43cb-bdd5-d915933f24be,CUS-00674,75774.05,ussd,Rivers,Oyigbo,5c24032e84ba2da3,2025-03-17 13:55:12,13,0,False
78540ec2-d48f-4937-89c4-32ed1db0245d,CUS-00200,485.45,card,Delta,Uvwie,e5089c203eaf3bcc,2025-03-17 13:56:06,13,0,False
f7b10b51-822e-4410-bdc2-75d669a3edcf,CUS-00020,66137.67,card,Kaduna,Kaduna South,17432577a0f31ee4,2025-03-17 14:00:21,14,0,False
982fb667-07ba-470a-8856-c7675a9f599f,CUS-00289,126.77,pos,Kaduna,Kaduna South,b2cf27b1e6b53ab6,2025-03-17 14:00:47,14,0,False
d7d515e5-cb90-436a-ae58-ae583f6db70c,CUS-01564,3937.57,bank_transfer,Plateau,Plateau-Central,de56d3da703b6adb,2025-03-17 14:03:48,14,0,False
57effbcc-aea6-4366-a4f5-515508e1309e,CUS-00458,29775.87,bank_transfer,Lagos,Oshodi-Isolo,a9c04aa00827864e,2025-03-17 14:10:32,14,0,False
61614bc8-2d4b-4641-90bd-fc0ad16c16d3,CUS-01373,1111.41,pos,Abuja FCT,Gwagwalada,c3deb665c44d26ee,2025-03-17 14:12:00,14,0,True
a09cca3e-584f-40b5-8a2f-2d4946e94468,CUS-00386,2056.21,mobile_money,Kano,Tarauni,273baa91f71df6fc,2025-03-17 14:18:00,14,0,True
ced30e12-a6eb-4fb8-8b8c-c285ea46504a,CUS-01723,199398.8,bank_transfer,Lagos,Ikeja,b8469a7d5c27212d,2025-03-17 14:21:00,14,0,True
96342490-4daf-41e0-9e86-a5037dc23ba8,CUS-00569,11973.64,ussd,Kano,Nassarawa,8a3912d9c4370463,2025-03-17 14:25:18,14,0,False
dd254ac0-b2aa-4530-8718-914472c8351a,CUS-01863,27510.0,bank_transfer,Oyo,Ogbomoso,e2cd40b0a465df43,2025-03-17 14:25:24,14,0,False
153a6ae3-9c0a-48bd-9a6a-4c72d84e6dba,CUS-01835,40106.76,pos,Delta,Warri South,6efe17208d27ab98,2025-03-17 14:30:18,14,0,False
e84a1a00-3dee-48a5-9517-e7f88c579882,CUS-00871,248.23,bank_transfer,Kano,Dala,086966739eb1d2e8,2025-03-17 14:35:00,14,0,True
5bde0d27-5d17-48e8-ac49-eff8116c2e1f,CUS-00658,51291.82,pos,Delta,Oshimili South,f427466ee9b7df69,2025-03-17 14:42:54,14,0,False
703e685e-14e4-4511-9f9c-9b53758ba611,CUS-01145,23939.15,pos,Kebbi,Kebbi-Central,925027ad2e73f2c2,2025-03-17 14:51:59,14,0,False
6a72cf52-123f-4bd6-a128-24b36dc2a7a2,CUS-00871,4991.95,pos,Kano,Kumbotso,086966739eb1d2e8,2025-03-17 14:56:00,14,0,True
de0f612f-d851-4407-920d-08f8df593b5f,CUS-01722,1056.43,ussd,Kano,Gwale,09e337320c6f169d,2025-03-17 14:56:20,14,0,False
e2708890-0d26-4923-8b92-96065770bfba,CUS-00755,893471.81,pos,Imo,Imo-Central,868dd195080acd9b,2025-03-17 14:58:19,14,0,False
6a044727-6400-403a-8116-38906461a496,CUS-01590,744949.34,card,Anambra,Awka South,13407ce4863fe750,2025-03-17 15:01:56,15,0,False
3469fa05-91a0-44da-93ed-1cc5c44a852b,CUS-00138,490.43,bank_transfer,Rivers,Obio-Akpor,f79e2765a2b6dbad,2025-03-17 15:06:58,15,0,False
99c65884-ce14-43f9-a25d-72c1c0315178,CUS-01845,3882.22,mobile_money,Lagos,Eti-Osa,c2c002b16c321510,2025-03-17 15:15:53,15,0,False
c16582c7-7e97-4658-95c1-080070df1d00,CUS-01096,474.23,card,Lagos,Alimosho,41d538220b50c361,2025-03-17 15:17:21,15,0,False
33bac544-bf5b-4f0b-b915-04a45844e080,CUS-00405,51.46,bank_transfer,Nassarawa,Nassarawa-Central,4601c42a0f5d4785,2025-03-17 15:18:20,15,0,False
108a57da-34de-4fdc-b1e2-9dc9377627e0,CUS-00859,1918.65,pos,Lagos,Ikeja,2a9e5dae55eab181,2025-03-17 15:22:49,15,0,False
d999ea1c-b3c5-4b08-8ae7-3fe45a88433c,CUS-00429,409653.71,mobile_money,Lagos,Alimosho,69e52406211df804,2025-03-17 15:28:55,15,0,False
1aeae0ee-cc7c-4863-86f5-5d1312941047,CUS-01373,82912.22,bank_transfer,Abuja FCT,Municipal,c3deb665c44d26ee,2025-03-17 15:31:00,15,0,True
93097494-ebbd-4429-890a-a64abbf85727,CUS-01619,75.55,pos,Ondo,Ondo-Central,12bbf648320e11ce,2025-03-17 15:31:05,15,0,False
44c33c4a-89b8-48f4-b151-49785b0cc96b,CUS-01244,846480.2,mobile_money,Kwara,Kwara-Central,2de3c5b088b4497a,2025-03-17 15:31:32,15,0,False
749fcd0d-748b-4a12-a8d8-d3384b70d354,CUS-00991,18667.25,mobile_money,Edo,Ikpoba-Okha,ef4fc1417ee3e00f,2025-03-17 15:50:54,15,0,False
f0647914-f7da-468d-a4d2-c10d1c19f717,CUS-00386,549708.76,mobile_money,Kano,Gwale,273baa91f71df6fc,2025-03-17 15:53:00,15,0,True
7227f696-3a50-404b-aa9f-f07f90d12201,CUS-00915,4649.93,ussd,Rivers,Port-Harcourt,2c879017be169f9f,2025-03-17 15:56:22,15,0,False
9948c77b-c493-4e1e-8c48-d45f7fbffc96,CUS-00335,15461.59,pos,Lagos,Mushin,c8e9fa5817cdc293,2025-03-17 16:14:23,16,0,False
554c4369-56ff-4ddc-9b54-bdd5d8441d34,CUS-00818,431.38,pos,Lagos,Mushin,a0e552c4d081ee3c,2025-03-17 16:20:11,16,0,False
4732c1b7-d2cc-46b6-8f15-1b4172b3f666,CUS-01778,3639.15,mobile_money,Lagos,Oshodi-Isolo,88867b61ceb71236,2025-03-17 16:21:38,16,0,False
fa22f2a4-2b68-4b1e-8e71-8df32d5322bd,CUS-01134,7521.9,pos,Anambra,Nnewi North,ecfea7797e684c1d,2025-03-17 16:37:45,16,0,False
0e6e0096-95a5-4e8b-949e-62bb80a412f4,CUS-01249,432.78,bank_transfer,Enugu,Enugu North,0c1ae52223dc0d81,2025-03-17 16:39:30,16,0,False
3f54fcc6-1b49-4586-ba19-6c5b09576e09,CUS-01549,71414.1,pos,Enugu,Enugu East,51f26c68350dec47,2025-03-17 16:42:00,16,0,True
3f0cc60d-e37e-485f-9005-3a14c487d066,CUS-00386,65502.0,pos,Kano,Dala,273baa91f71df6fc,2025-03-17 16:43:00,16,0,True
2e096839-47d2-448f-825d-372c71b2d3e0,CUS-00871,3521.76,bank_transfer,Kano,Gwale,086966739eb1d2e8,2025-03-17 16:45:00,16,0,True
58418033-28cd-4251-9319-6d3cc06e97df,CUS-01412,73685.0,pos,Kano,Fagge,f6ccae4908f13600,2025-03-17 16:45:28,16,0,False
8e0075e3-32c4-4a27-a390-50b6d7137613,CUS-00982,211.59,mobile_money,Lagos,Alimosho,5833cf70f1e3f607,2025-03-17 16:55:26,16,0,False
e5c81d73-3393-4553-a574-2d593a9d5309,CUS-01758,2189.93,bank_transfer,Lagos,Eti-Osa,cddaa2a8705e5f66,2025-03-17 17:08:29,17,0,False
18ea2f7d-38ea-4038-91af-568491387f96,CUS-00873,4510.62,bank_transfer,Rivers,Eleme,bedd2a3af7208a8a,2025-03-17 17:08:41,17,0,False
392035a8-49a1-421d-aea8-b941a8942a70,CUS-00396,68.55,pos,Sokoto,Sokoto-Central,df4c1aa46b682abc,2025-03-17 17:14:33,17,0,False
5fb694e5-137c-406d-bf57-c05e9e9fe049,CUS-00871,308.34,mobile_money,Kano,Dala,086966739eb1d2e8,2025-03-17 17:15:00,17,0,True
ff5dfa7c-1d00-41c2-b271-384e577fc1dc,CUS-01373,938933.4,ussd,Abuja FCT,Bwari,c3deb665c44d26ee,2025-03-17 17:16:00,17,0,True
97bd109f-4974-461f-a972-cd47fc56a2fa,CUS-00356,909354.08,ussd,Lagos,Alimosho,887a44be65fd4c5e,2025-03-17 17:27:49,17,0,False
7684eb20-26e4-499c-a2c9-3902989bb4de,CUS-00763,238932.5,bank_transfer,Osun,Osun-Central,66633ed51d4a4d6a,2025-03-17 17:27:55,17,0,False
f84a5d58-6362-468d-82a5-1a2f9cdec8b2,CUS-01221,1970.19,pos,Lagos,Eti-Osa,3e2dfe6458677c2a,2025-03-17 17:29:58,17,0,False
1cf3736a-9e79-4902-b785-107ed378a7c1,CUS-00312,721.87,pos,Lagos,Oshodi-Isolo,3494ed058a6d99ad,2025-03-17 17:36:36,17,0,False
c69328a1-18a5-480d-90b3-dfc32eb54e29,CUS-01057,93271.22,pos,Rivers,Oyigbo,5bf01b42e23bcb1a,2025-03-17 17:39:13,17,0,False
3c4522b1-2a0e-412b-8cde-7d7a2f34f483,CUS-00630,206.66,bank_transfer,Edo,Ikpoba-Okha,44673a08c8fcb028,2025-03-17 17:46:06,17,0,False
a009dbb4-17cb-43c3-b403-1ddcfe95e1f3,CUS-00967,88481.07,bank_transfer,Kano,Kumbotso,6f657410240da930,2025-03-17 17:53:49,17,0,False
d41aa3bb-4340-4861-a01e-ce2cd1b3dbec,CUS-01165,209.44,bank_transfer,Plateau,Plateau-Central,23c0878b7294dbdc,2025-03-17 17:55:58,17,0,False
73d00857-1e0d-496a-b665-a2097d2d8f3d,CUS-01549,70214.72,mobile_money,Enugu,Enugu East,51f26c68350dec47,2025-03-17 18:08:00,18,0,True
4782259e-edf8-4979-9a1a-cb47095fd0ae,CUS-00987,1899.09,bank_transfer,Rivers,Oyigbo,01e7a632232003ba,2025-03-17 18:12:23,18,0,False
bd150b97-0213-4db9-90e6-105f18983820,CUS-00048,48971.72,bank_transfer,Oyo,Oyo East,2bed16a79efed2dd,2025-03-17 18:20:00,18,0,False
c0a83a2f-bb7d-4776-9e4e-f01d34ed9509,CUS-01610,141.56,bank_transfer,Kebbi,Kebbi-Central,22e1b0a33749909a,2025-03-17 18:23:49,18,0,False
95bb6a61-e00b-46ab-b095-4780b442d141,CUS-00134,21449.11,card,Jigawa,Jigawa-Central,e7db1492838416b6,2025-03-17 18:26:18,18,0,False
9c3c3e4f-2627-43c6-b4dc-f0b58d6074f2,CUS-01025,94726.35,pos,Abuja FCT,Bwari,684ecec19204396e,2025-03-17 18:27:14,18,0,False
320f0786-aee0-4afd-9560-1f055d1b9640,CUS-00215,902.63,pos,Lagos,Mushin,3ce10d63fd005851,2025-03-17 18:38:24,18,0,False
839e68d5-0bdd-4515-9314-09d515be558b,CUS-01392,80231.12,bank_transfer,Lagos,Surulere,4cb534e0ea95a08f,2025-03-17 18:40:32,18,0,False
76d39946-ff73-4a71-9fd4-44107aba6adc,CUS-00827,803614.18,pos,Kano,Dala,fa17bea891abed61,2025-03-17 18:44:12,18,0,False
7cde8729-866f-44a9-b92b-7b10336aa769,CUS-01535,86280.01,pos,Lagos,Ikorodu,386c645e4e4ede8c,2025-03-17 18:48:15,18,0,False
74b0dcd0-cf76-4e0c-9896-8d3586169670,CUS-00274,93848.88,card,Abuja FCT,Municipal,0043d9354f88a060,2025-03-17 18:48:28,18,0,False
b430c91f-9814-4faf-8915-a7452a9babfe,CUS-01655,3151.24,pos,Gombe,Gombe-Central,ee689fc86d725bb6,2025-03-17 18:57:32,18,0,False
962903da-95b4-45af-9836-b7ef0c17b1a7,CUS-01212,1146.32,pos,Lagos,Surulere,e5e69af6a4993c4a,2025-03-17 18:59:19,18,0,False
4a499976-cc43-45fa-8893-954d54c99995,CUS-01549,26813.76,mobile_money,Enugu,Enugu North,51f26c68350dec47,2025-03-17 19:00:00,19,0,True
ad04a8a7-e9c7-4eb4-aded-8a665ca636db,CUS-00871,3165.16,ussd,Kano,Dala,086966739eb1d2e8,2025-03-17 19:03:00,19,0,True
82a132e5-c779-4f1d-9d46-9e237550f58c,CUS-01773,1095.8,mobile_money,Cross River,Cross River-Central,c0784cb07cd5f0e0,2025-03-17 19:10:11,19,0,False
2d957679-4660-476e-ab92-f4cee001923e,CUS-00871,1891.71,pos,Kano,Tarauni,086966739eb1d2e8,2025-03-17 19:18:00,19,0,True
4ced548f-6a86-4b13-828b-7303d4a3d3de,CUS-01785,21338.27,pos,Nassarawa,Nassarawa-Central,47cdb07c58261ee0,2025-03-17 19:21:25,19,0,False
1195098e-6fbf-4184-b09f-7394e22095fb,CUS-01373,355.34,ussd,Abuja FCT,Bwari,c3deb665c44d26ee,2025-03-17 19:31:00,19,0,True
6a669c94-bf1c-4527-bf5c-5d6a0f9201df,CUS-01128,4466.58,card,Rivers,Oyigbo,4768fdad9f4a852b,2025-03-17 19:35:47,19,0,False
5d7a0e36-da4a-4dc1-bc06-b7cdba0e16a8,CUS-01014,145.07,pos,Edo,Ikpoba-Okha,e9ebd95b3430ef73,2025-03-17 19:53:34,19,0,False
ec01e34d-0ffe-42a1-a17e-17443ac94422,CUS-00612,2497.24,pos,Enugu,Enugu East,d6b72576a75baa04,2025-03-17 19:59:13,19,0,False
3230c8df-7b1a-4503-8247-725c1e10e97b,CUS-01387,266.67,bank_transfer,Lagos,Agege,94ead7a09cb67bfc,2025-03-17 20:06:39,20,0,False
fc94cb26-fe88-4911-a575-3d9356b6d97a,CUS-01078,53459.46,pos,Lagos,Surulere,f93b47fd7d069f48,2025-03-17 20:09:06,20,0,False
5b475a3b-5b76-403b-a01f-397fea06028c,CUS-01302,57067.89,bank_transfer,Lagos,Ikorodu,e64a5a877ba327d2,2025-03-17 20:10:37,20,0,False
f16567db-deca-4450-b314-9fd563c023e9,CUS-00071,4082.76,bank_transfer,Lagos,Ikorodu,1091ab6738ae125a,2025-03-17 20:12:46,20,0,False
1d0629cd-bba1-4abc-b2eb-d68c6263de1e,CUS-00614,335478.21,pos,Kebbi,Kebbi-Central,edcc4e7a1ddd752d,2025-03-17 20:18:46,20,0,False
8c2b8d34-d8ac-4431-ab60-f06a72522c71,CUS-00871,441.97,mobile_money,Kano,Dala,086966739eb1d2e8,2025-03-17 20:19:00,20,0,True
5a627097-2634-4b8c-a996-5da93b2c8b88,CUS-00386,100684.36,pos,Kano,Gwale,273baa91f71df6fc,2025-03-17 20:19:00,20,0,True
f31d9f8e-bbd5-483a-83fe-13ecdaf4ba7c,CUS-01839,2584.93,pos,Lagos,Alimosho,9ec5d5657a2201e2,2025-03-17 20:25:31,20,0,False
d458677c-7fa2-49bb-97da-e63d18d272d4,CUS-00181,558.63,pos,Lagos,Alimosho,8cf06c883a82ee80,2025-03-17 20:32:03,20,0,False
279bcaa2-d3f7-4e32-ac62-d70b1b5f0f88,CUS-00762,311.11,bank_transfer,Lagos,Agege,209d1ceb642d37e1,2025-03-17 20:48:18,20,0,False
ee0801dd-0eef-47a7-8911-c478654c1ed9,CUS-01858,1102.34,mobile_money,Borno,Borno-Central,b8cde3602eceb2be,2025-03-17 20:52:10,20,0,False
3b822d58-f3f2-40f7-9719-5a0cffe195f0,CUS-01817,23634.21,mobile_money,Kwara,Kwara-Central,303a9e8e2b3d6b5a,2025-03-17 20:52:23,20,0,False
b367dbe5-b2b3-4c7e-92be-428532c041b1,CUS-00590,84333.77,mobile_money,Lagos,Kosofe,6f8c6cb8a638714d,2025-03-17 20:55:10,20,0,False
a0fd2243-8769-4d16-8deb-8fa9c330391a,CUS-01951,46818.03,mobile_money,Lagos,Agege,ff96fe42ef3de0ae,2025-03-17 20:56:57,20,0,False
4f7efb67-4ace-41c1-a4f9-d3658af71461,CUS-01029,3079.65,bank_transfer,Plateau,Plateau-Central,345305fe8c241fb1,2025-03-17 20:59:31,20,0,False
d3ffa288-b704-4bdc-856a-ed2cef7fde1b,CUS-00169,109.97,pos,Kaduna,Kaduna South,44949f1632f8346a,2025-03-17 21:02:33,21,0,False
734f180c-aaff-4e19-a08f-33da136837bc,CUS-01549,730.72,pos,Enugu,Enugu North,51f26c68350dec47,2025-03-17 21:16:00,21,0,True
38330f51-c123-40f0-9a3d-37cd50a3f99f,CUS-00929,1239.78,card,Kano,Fagge,395eff550cc0a560,2025-03-17 21:30:11,21,0,False
82f1d67c-59a3-478c-b106-35f0e61fb2fa,CUS-00320,4145.48,pos,Oyo,Oyo East,6a2a65b7ec515355,2025-03-17 21:36:55,21,0,False
4d22993a-31a1-4284-a5b1-6298cdacd610,CUS-01741,2574.76,bank_transfer,Ondo,Ondo-Central,dc9d7491b3c3e3a0,2025-03-17 21:39:39,21,0,False
2cd62b1b-d935-420f-a0e2-cca4b7cb0e3a,CUS-01373,33565.97,mobile_money,Abuja FCT,Gwagwalada,c3deb665c44d26ee,2025-03-17 21:53:00,21,0,True
7539b718-031b-4cda-be76-0a77080811f3,CUS-01373,322.93,mobile_money,Abuja FCT,Bwari,c3deb665c44d26ee,2025-03-17 22:01:00,22,0,True
f1e72487-3cef-49e7-9a56-6ec9917c72c2,CUS-01373,2361.44,pos,Abuja FCT,Kuje,c3deb665c44d26ee,2025-03-17 22:02:00,22,0,True
485a0694-eec7-4be2-bf66-57b1f8e72f5c,CUS-01549,75.25,pos,Enugu,Enugu North,51f26c68350dec47,2025-03-17 22:21:00,22,0,True
04ec98b3-49e9-44de-a71d-cc6edf7628eb,CUS-00386,4430.84,bank_transfer,Kano,Kumbotso,273baa91f71df6fc,2025-03-17 22:29:00,22,0,True
06c66657-4023-4548-9c58-1f11c025b070,CUS-00871,42384.21,pos,Kano,Fagge,086966739eb1d2e8,2025-03-17 22:36:00,22,0,True
5d7ecb79-3464-4e32-bf95-506d8d9aeedb,CUS-01549,1818.16,pos,Enugu,Enugu East,51f26c68350dec47,2025-03-17 22:51:00,22,0,True
d3831d85-7fff-45ea-a514-1968be5dfe6f,CUS-00871,4469.99,bank_transfer,Kano,Fagge,086966739eb1d2e8,2025-03-17 22:52:00,22,0,True
d2e0bb48-b26c-4201-a8bd-f13670db7c32,CUS-01549,68068.35,pos,Enugu,Nsukka,51f26c68350dec47,2025-03-17 22:55:00,22,0,True
37724d39-db48-4813-8573-1326bce5cf75,CUS-01107,270324.47,bank_transfer,Kwara,Kwara-Central,3a15b34bb5d0c2d2,2025-03-18 01:52:00,1,1,True
5decc812-0d56-46cb-8bbc-7312cb7fd6fd,CUS-01071,157.71,bank_transfer,Lagos,Mushin,2c2aba826c5a47ac,2025-03-18 02:27:43,2,1,False
515e318f-942a-4274-bf7a-d1be7f6cedbd,CUS-01751,2912.7,ussd,Lagos,Lagos Mainland,d7aa67b01e985885,2025-03-18 03:15:29,3,1,False
6f3ac6b2-39eb-4c3a-b1c3-f2cc8023a4bf,CUS-00895,119.46,ussd,Lagos,Lagos Mainland,f7e2a24175197bc0,2025-03-18 05:34:27,5,1,False
fcb194fe-e41c-4fa1-b681-9919d34de8b5,CUS-00383,324.98,mobile_money,Kebbi,Kebbi-Central,c919c6af242bd317,2025-03-18 06:34:00,6,1,True
0cea4303-6d75-4649-9061-d674bd2f0931,CUS-00520,4269.24,pos,Kaduna,Kaduna North,adae2c28918ee49e,2025-03-18 07:13:25,7,1,False
58a6c81b-1f62-4de6-872d-a95b2fdfbb29,CUS-00419,3606.15,pos,Osun,Osun-Central,4eebee10696d2ff4,2025-03-18 07:17:30,7,1,False
9a3bc8d4-f685-4cb6-9840-dd3f072edbfa,CUS-01661,19251.23,bank_transfer,Abuja FCT,Municipal,fdfe4ce808cc1e67,2025-03-18 07:44:32,7,1,False
bcbada84-264e-43f8-8590-45bf777304b6,CUS-00383,3492.43,pos,Kebbi,Kebbi-Central,c919c6af242bd317,2025-03-18 08:18:00,8,1,True
880ef3ae-7e20-46f6-adc3-e2bbb088e703,CUS-00317,50921.99,pos,Lagos,Mushin,f36089e1e301c38d,2025-03-18 08:22:57,8,1,False
9fa4775a-4b86-4b7f-b38f-651e2601a26d,CUS-00383,63558.81,ussd,Kebbi,Kebbi-Central,c919c6af242bd317,2025-03-18 08:37:00,8,1,True
52da4209-31d7-41a3-870f-383208bd2712,CUS-01917,2058.69,mobile_money,Kaduna,Zaria,2b0ecdd673e9f7e2,2025-03-18 08:54:10,8,1,False
3119a118-0dfe-4165-a5eb-91e93ee76642,CUS-01604,2685.29,bank_transfer,Abuja FCT,Gwagwalada,f3a9328502c9a405,2025-03-18 09:00:00,9,1,True
ac65f578-1bca-434b-8657-5d0485297067,CUS-01977,256.17,bank_transfer,Rivers,Eleme,02673b590c313531,2025-03-18 09:12:16,9,1,False
5ae985b9-86d6-4a5c-97d6-a3f4ac177993,CUS-01604,36138.21,pos,Bayelsa,Bayelsa-Central,f3a9328502c9a405,2025-03-18 09:18:00,9,1,True
f08a3368-0cdc-460f-84be-94cf64bae7cf,CUS-00383,49419.66,pos,Kebbi,Kebbi-Central,c919c6af242bd317,2025-03-18 09:21:00,9,1,True
914ce1dd-d23b-4f8d-8303-0fbf1d9959f6,CUS-01027,427.35,bank_transfer,Borno,Borno-Central,a2451397ca1bd949,2025-03-18 09:21:00,9,1,False
544a819c-883f-4df4-b984-fe327d5c1907,CUS-00966,65509.92,bank_transfer,Ondo,Ondo-Central,6250db96be6da642,2025-03-18 09:26:28,9,1,False
b3445663-a9f8-41e0-920c-0f6245215997,CUS-00779,42875.56,pos,Enugu,Enugu East,161c4884b0d5f0dc,2025-03-18 09:32:59,9,1,False
f3a465ca-c835-484e-ad83-d58dc66a30a1,CUS-01541,58330.06,mobile_money,Lagos,Kosofe,1891cd5abfb020bb,2025-03-18 09:39:29,9,1,False
840af00d-e7be-4d26-a063-8e168c28b153,CUS-00605,3999.87,bank_transfer,Abuja FCT,Bwari,8cb5ca4807fafe31,2025-03-18 09:40:12,9,1,False
2e5c4e5d-ea83-4e57-a919-d113cbd874cd,CUS-00967,947899.05,pos,Kano,Nassarawa,6f657410240da930,2025-03-18 09:45:13,9,1,False
5a9c42fa-4835-4f33-bc0f-869dbc912862,CUS-01446,2544.4,mobile_money,Anambra,Nnewi North,c023430f2ccbb3be,2025-03-18 09:46:15,9,1,False
36eecd7c-23f1-4a88-b486-a3c9894104fe,CUS-01555,359833.64,pos,Lagos,Alimosho,78defe75dc542af4,2025-03-18 09:52:59,9,1,False
eb4c9354-6d6a-4472-995a-c74f83ee1095,CUS-01051,4626.94,bank_transfer,Oyo,Ogbomoso,2c2c9380a4d6a434,2025-03-18 10:04:38,10,1,False
8a21b50d-11f2-4541-83db-f2d857383655,CUS-01073,537332.1,pos,Lagos,Ikorodu,0039a2ddd25b4ccb,2025-03-18 10:16:56,10,1,False
5887606d-9d52-475b-b408-cf56bbbab561,CUS-00673,490.3,pos,Oyo,Ibadan South-West,3ea875182d80dd9c,2025-03-18 10:18:50,10,1,False
79f85c9a-60d3-4a97-8271-d03fc4d09bb6,CUS-01499,317454.03,mobile_money,Zamfara,Zamfara-Central,ad409298faa385ec,2025-03-18 10:19:44,10,1,False
677eb2e3-d708-4fee-9d4e-b9d2a483585a,CUS-01687,26081.3,pos,Abuja FCT,Gwagwalada,2d4e952d7649836c,2025-03-18 10:28:04,10,1,False
f5f34579-d7e3-4e0b-9d6d-09090898d886,CUS-01825,171.28,pos,Oyo,Ibadan South-West,67bd0a3396337975,2025-03-18 10:34:51,10,1,False
93efd382-c401-4d8f-8f18-1cc6488c292b,CUS-00233,508492.38,bank_transfer,Abuja FCT,Municipal,102c007b0ed18d02,2025-03-18 10:39:32,10,1,False
7b177dda-0ebf-4d0a-946c-abb6519d7916,CUS-00320,29658.06,ussd,Oyo,Ibadan South-West,6a2a65b7ec515355,2025-03-18 10:44:08,10,1,False
10c88f8d-ad5e-4f1b-bf1a-b9ea0ae079e8,CUS-01808,376.64,pos,Lagos,Agege,82f5a1f1904224bf,2025-03-18 10:44:41,10,1,False
e72ddbc8-6bb0-473a-8dc7-3a92a496c7a4,CUS-01645,80805.58,pos,Kwara,Kwara-Central,28718c1a00f4bf11,2025-03-18 10:49:09,10,1,False
bf7d7fbb-ea2c-4861-90fa-1d816c4f72f7,CUS-00014,487.87,bank_transfer,Lagos,Kosofe,22f6bea733e5c873,2025-03-18 10:56:10,10,1,False
00548b46-179f-4457-8b84-5385fa69cf1f,CUS-01693,815487.57,pos,Lagos,Mushin,453f90468efd2c59,2025-03-18 10:58:44,10,1,False
43dc0f82-5988-4e9e-989c-f6a970176b12,CUS-00616,1143.02,pos,Lagos,Mushin,8470760c8e9d2523,2025-03-18 11:11:50,11,1,False
f45f0c75-7a59-4311-84f5-c7a447e204b1,CUS-01415,582.18,bank_transfer,Gombe,Gombe-Central,fd345b5c9c2bc51a,2025-03-18 11:13:03,11,1,False
34c40928-7c9b-45ce-bd30-1171411deb29,CUS-01309,63947.54,bank_transfer,Benue,Benue-Central,3f2e55ad5d711bdb,2025-03-18 11:13:10,11,1,False
54ceabc6-151b-4e63-8f1f-0028b244e39c,CUS-00867,1242.6,mobile_money,Lagos,Alimosho,e881590c80f4d64f,2025-03-18 11:20:39,11,1,False
f0efe081-ec82-4ada-8ea1-47129f858b60,CUS-01974,2790.03,pos,Kano,Tarauni,3dbf38dcef5a1bfd,2025-03-18 11:20:58,11,1,False
1c17d246-9570-4730-b34e-82c2c0402786,CUS-00276,437.67,mobile_money,Imo,Imo-Central,9487056a11d10a77,2025-03-18 11:22:03,11,1,False
6f6c2210-d037-4194-85ab-477333bf3b9e,CUS-01268,80283.38,bank_transfer,Kaduna,Kaduna South,65173508ca2600a2,2025-03-18 11:36:49,11,1,False
9375c3d2-7f58-483b-ac3f-421851587fdd,CUS-01034,161.18,pos,Lagos,Oshodi-Isolo,4b0acf007c963eb1,2025-03-18 11:46:51,11,1,False
f0c73ede-2019-4136-82de-2492c8eb7678,CUS-00224,4976.49,pos,Kano,Gwale,4dcb9c5799d8cfbf,2025-03-18 11:48:42,11,1,False
679fbd3e-9f55-4382-bbb5-169d2415268f,CUS-01273,356.11,bank_transfer,Lagos,Eti-Osa,4a8421a02c35e770,2025-03-18 11:53:15,11,1,False
a04b5da8-4279-4980-9121-545195a82f77,CUS-01736,66735.53,mobile_money,Abuja FCT,Bwari,dc75516563b80dbc,2025-03-18 11:58:26,11,1,False
2996ac3f-f93f-472e-9eb1-3f3c0ce421c3,CUS-00954,67795.03,bank_transfer,Rivers,Obio-Akpor,209b114ecb6f0b0f,2025-03-18 12:01:10,12,1,False
3895c0da-2e6e-46c4-9b1b-134b27b690dc,CUS-00781,30285.2,pos,Oyo,Ibadan North,4abb7fe5659561a5,2025-03-18 12:09:46,12,1,False
44db5690-0da2-4727-a6cf-6dea519167ad,CUS-00429,57437.55,ussd,Lagos,Lagos Mainland,69e52406211df804,2025-03-18 12:21:42,12,1,False
39cfe912-f68c-4307-86f1-0b96664e4b1d,CUS-01445,444.49,bank_transfer,Lagos,Agege,dd998a910227d567,2025-03-18 12:43:08,12,1,False
81ee953d-4d00-4f8c-ae9a-659f885eea22,CUS-01532,70708.01,pos,Ondo,Ondo-Central,ef2c51163b7b1b11,2025-03-18 12:49:23,12,1,False
93f6e667-8303-48bc-81de-d48bfa1e3883,CUS-01965,4627.98,mobile_money,Kaduna,Kaduna North,9156bf2ac5339cda,2025-03-18 12:57:30,12,1,False
e7f0115f-61e5-4fb5-9f7a-a616d34b0b25,CUS-01041,2469.65,card,Imo,Imo-Central,e8b1e78dda5fdc05,2025-03-18 13:00:59,13,1,False
7272c921-b08d-4b4e-aeae-88cfa6b1bd89,CUS-01404,582.67,mobile_money,Delta,Uvwie,42b42baf602c4346,2025-03-18 13:28:34,13,1,False
51f388f5-dc40-496c-bcac-f66b1a4215a6,CUS-00582,12947.3,bank_transfer,Abuja FCT,Gwagwalada,5097ab10195e97a2,2025-03-18 13:37:02,13,1,False
635df28f-6458-4e04-a6b0-2afb00d176b3,CUS-00774,42197.07,bank_transfer,Imo,Imo-Central,0cb0597db7a27c83,2025-03-18 13:42:46,13,1,False
e23c6b16-49b8-438c-9a24-371d3b379762,CUS-01884,286.42,ussd,Lagos,Surulere,5f4ed3b0fde0d75c,2025-03-18 13:47:18,13,1,False
c77f28ae-f8dd-42a7-9348-ae87e2a9f0d0,CUS-00545,2965.48,bank_transfer,Kano,Fagge,816780c3a970fd43,2025-03-18 13:48:55,13,1,False
d50db75e-be8a-425e-ba07-ecc84accca9e,CUS-00414,596482.06,bank_transfer,Enugu,Enugu North,65a27c169aa9b061,2025-03-18 13:57:28,13,1,False
1472e681-b507-4d26-8167-b063345120a3,CUS-00037,928930.95,pos,Lagos,Oshodi-Isolo,72ae7fb6dfe605ed,2025-03-18 13:58:32,13,1,False
1ea07ffe-09bf-491a-a81c-93b9568aab7e,CUS-00330,655971.31,pos,Kano,Kumbotso,701bdd6ba5598fdf,2025-03-18 14:01:10,14,1,False
73df6547-e570-497b-8894-aa558b494f96,CUS-01447,28554.79,mobile_money,Bauchi,Bauchi-Central,14f7c7965d9a0426,2025-03-18 14:13:17,14,1,False
405e7202-f5cf-4bdb-b0f0-5e7c9d57b8cb,CUS-01286,359.55,mobile_money,Lagos,Eti-Osa,82739cbcbd1403a5,2025-03-18 14:25:37,14,1,False
9173c4ad-aa92-441e-91bf-e8d766ae78fa,CUS-00554,1510.04,pos,Kebbi,Kebbi-Central,899bca59a4169d29,2025-03-18 14:29:36,14,1,False
72a47360-9687-4aa7-a145-0bfc3b8e8ec7,CUS-01232,163.89,pos,Lagos,Kosofe,3bdc663f1724f3e8,2025-03-18 14:36:15,14,1,False
9e6a600f-d074-4671-a869-bbf93fd3c0fe,CUS-01430,4544.6,bank_transfer,Abuja FCT,Kuje,df054fd147e69344,2025-03-18 14:43:32,14,1,False
e9f90466-8c6a-48bd-9bf2-df73dcb4b0e4,CUS-00763,248.29,bank_transfer,Osun,Osun-Central,66633ed51d4a4d6a,2025-03-18 15:09:24,15,1,False
46e8a94c-f951-4842-916d-2eb032b6df01,CUS-01891,299.63,bank_transfer,Rivers,Obio-Akpor,3a1ec13f14ce0f06,2025-03-18 15:13:18,15,1,False
1420e51d-c0d7-4695-bdd2-5637e2e9bc4d,CUS-00385,4914.51,bank_transfer,Benue,Benue-Central,fe012c67a9e98f01,2025-03-18 15:16:07,15,1,False
e012f431-01e4-488c-a3b4-1f137a804664,CUS-00357,406.58,pos,Kaduna,Kaduna North,8638c1721d400034,2025-03-18 15:18:03,15,1,False
b8d0306b-70a9-4f1f-9d5b-9b11fc43d0e7,CUS-00015,3095.58,pos,Lagos,Oshodi-Isolo,18c3701a26db3a75,2025-03-18 15:24:27,15,1,False
90a47758-a209-400c-bcc3-77962c6164dc,CUS-00383,3897.27,card,Kebbi,Kebbi-Central,c919c6af242bd317,2025-03-18 15:29:00,15,1,True
56338db1-4626-4cf7-89c5-3aa2a7db562d,CUS-00758,4818.5,mobile_money,Nassarawa,Nassarawa-Central,939287cb470a4cbe,2025-03-18 15:49:20,15,1,False
99836b7b-93ec-44f2-b0df-fa940230b1a8,CUS-01765,3295.31,pos,Kano,Fagge,d1d47db5164f8c24,2025-03-18 16:12:42,16,1,False
a38e148f-d0d7-4cde-8fe3-4ff9638d3f51,CUS-01072,58507.66,pos,Lagos,Ikeja,5e8f9450d294cb82,2025-03-18 16:32:02,16,1,False
0b2af191-4083-4e25-b68a-da6f834b6a9b,CUS-01630,2983.18,mobile_money,Kwara,Kwara-Central,e72c068b89d1c7b1,2025-03-18 16:32:48,16,1,False
73478fbd-347b-4bb1-a600-635b85400e8f,CUS-00182,938.12,pos,Adamawa,Adamawa-Central,1ec1fbe050eb7edd,2025-03-18 16:35:51,16,1,False
5dcee20c-4e6a-420d-9942-1a7ada64bf58,CUS-01669,5702.23,bank_transfer,Plateau,Plateau-Central,07569bc15837dad6,2025-03-18 16:37:03,16,1,False
f084f161-a3a2-45f2-8dd9-05257e13d69a,CUS-01219,4388.97,mobile_money,Kano,Tarauni,51297a7c26e3068f,2025-03-18 16:43:00,16,1,False
f6358b2c-a4f4-4378-8465-2dd9e604c157,CUS-01641,343.92,bank_transfer,Borno,Borno-Central,ee4fa5ff1103071b,2025-03-18 16:53:30,16,1,False
54a03749-c420-4499-b1e2-c7bb6d3bbf7a,CUS-01929,2354.27,pos,Lagos,Ikorodu,7c1d9595bc1e2050,2025-03-18 16:56:19,16,1,False
bf9143c8-7f88-4f9a-a9b1-253c0072e61e,CUS-00142,2310.66,mobile_money,Abuja FCT,Kuje,105188bd14032836,2025-03-18 17:02:34,17,1,False
e1612621-96ea-4511-bd75-a615f279b261,CUS-00053,474.55,ussd,Nassarawa,Nassarawa-Central,a61dd7c00eb08ac9,2025-03-18 17:07:44,17,1,False
b358e137-0369-411d-bedb-97ebc88c2e6e,CUS-00383,690.25,bank_transfer,Kebbi,Kebbi-Central,c919c6af242bd317,2025-03-18 17:12:00,17,1,True
2363e449-85be-4822-96d4-e5b3e1e2b104,CUS-01686,2683.71,ussd,Adamawa,Adamawa-Central,7628d342554142c5,2025-03-18 17:13:00,17,1,False
20999059-936c-4ab1-beff-e455573926a7,CUS-01207,401390.46,mobile_money,Abuja FCT,Gwagwalada,93ede341308bf1fb,2025-03-18 17:16:01,17,1,False
0b6dc973-02c8-40fe-9653-0c66d1c110be,CUS-00108,3142.93,pos,Lagos,Eti-Osa,058ea72f6a7c91eb,2025-03-18 17:17:36,17,1,False
a76d7808-ad4f-4334-b131-ef6efc7fda73,CUS-00792,903940.85,pos,Abuja FCT,Gwagwalada,2447d4808d8e55a7,2025-03-18 17:22:22,17,1,False
133c265f-0e7f-44ab-b2fb-4d683a3bf0c2,CUS-01846,2600.77,card,Lagos,Eti-Osa,467f415db3efcd6d,2025-03-18 17:25:20,17,1,False
85496a6f-fc99-4a3c-ba15-844a8d17c4ff,CUS-00214,84661.31,mobile_money,Edo,Ikpoba-Okha,255d60d4db4b17af,2025-03-18 17:25:43,17,1,False
74207e5b-a8be-4a47-9ef4-c60f2bb17a5f,CUS-00080,1897.57,pos,Zamfara,Zamfara-Central,cd85d8451082aedb,2025-03-18 17:25:46,17,1,False
28c8075a-8776-4bd2-b67f-4683981ff494,CUS-01317,486210.99,pos,Ondo,Ondo-Central,4177b2602ac8ffb6,2025-03-18 17:33:18,17,1,False
9ee9ddbf-6d4c-4280-afd1-815357161d1b,CUS-00359,1085.87,pos,Oyo,Ibadan North,c013c0a17c1c88db,2025-03-18 17:39:34,17,1,False
8e2c2769-245a-437f-8dc6-8fd223028cf1,CUS-01056,207555.39,bank_transfer,Kwara,Kwara-Central,396525eee1cf71ee,2025-03-18 17:40:48,17,1,False
0c25affa-4435-4338-8900-89662d107c0b,CUS-00489,866.25,pos,Niger,Niger-Central,6fd9e9e2be5896c6,2025-03-18 17:46:00,17,1,False
a088bb1a-830e-4c8d-8bbf-4a07ed51c3e0,CUS-00114,1786.87,mobile_money,Enugu,Enugu East,94888243a11da8b1,2025-03-18 17:47:53,17,1,False
f906877f-7a6f-4ba9-a267-3fbac26f05ad,CUS-00007,66852.5,mobile_money,Zamfara,Zamfara-Central,d8d2a6dd35f76c1f,2025-03-18 18:07:41,18,1,False
27302174-d988-4a82-a264-8a81544a7cfc,CUS-01979,6848.31,bank_transfer,Borno,Borno-Central,9d5dd236bdaf1bc7,2025-03-18 18:12:26,18,1,False
cd2bc145-6c69-4944-80c9-fef56876a1ee,CUS-00771,1806.41,pos,Borno,Borno-Central,d59a3a8ad97e5503,2025-03-18 18:13:50,18,1,False
6885c312-b99f-4455-906d-493ba20b54d7,CUS-00926,8404.93,pos,Kano,Kumbotso,e9d3627c865d5a28,2025-03-18 18:35:50,18,1,False
ea9abd85-d41d-47ba-aad9-c7287ad4b0ea,CUS-00994,3207.94,pos,Rivers,Obio-Akpor,188c7c6b9c629f66,2025-03-18 18:38:23,18,1,False
d6559104-3692-4c27-bf01-d093329a98d4,CUS-00664,231.49,bank_transfer,Lagos,Ikeja,a0143ffa4ba86491,2025-03-18 18:44:40,18,1,False
041cf285-cf91-4b2b-ac29-673f8b28a71a,CUS-01287,1783.41,mobile_money,Kano,Nassarawa,3214e76e2a1b7885,2025-03-18 18:55:04,18,1,False
f5c3000a-a72e-4695-a48c-6c01ff4c5624,CUS-00822,82460.94,card,Kano,Tarauni,5f1b5a194feb6b53,2025-03-18 18:59:54,18,1,False
79d2f879-287f-401f-8ac1-1f1601037a74,CUS-00327,4638.0,pos,Kaduna,Kaduna South,83677903174a360f,2025-03-18 19:07:34,19,1,False
8cf679e2-4721-4e5f-a757-67d2bc0bd2b3,CUS-00481,1475.09,ussd,Edo,Oredo,62896152bd82ae30,2025-03-18 19:08:22,19,1,False
904461a9-1688-47ff-b616-8e772df62e2b,CUS-00254,422798.93,ussd,Lagos,Lagos Mainland,e5da285d4d8a62dc,2025-03-18 19:12:24,19,1,False
83842a11-e898-4392-9086-b16f27f2d957,CUS-00918,2010.96,bank_transfer,Kwara,Kwara-Central,402f6978085be2fa,2025-03-18 19:12:31,19,1,False
cb6857fa-b3e7-4d48-929f-f9d11bf8e4dd,CUS-01346,2907.36,ussd,Kano,Dala,c0097357ef2523fd,2025-03-18 19:15:17,19,1,False
4a2a091c-39bd-49eb-90dc-ee4bcd476558,CUS-01272,43290.22,mobile_money,Abia,Abia-Central,06bad31df90a1a67,2025-03-18 19:22:44,19,1,False
18f4c004-869e-4d44-9eb5-4936425981ee,CUS-00383,583260.73,pos,Kebbi,Kebbi-Central,c919c6af242bd317,2025-03-18 19:24:00,19,1,True
1796b9bf-7dd8-439f-8a8a-73f4e3dbd1a0,CUS-00353,45631.61,ussd,Lagos,Surulere,69f11513ba62981e,2025-03-18 19:30:57,19,1,False
3ee870c6-e5eb-451d-a14d-f255bda1d14d,CUS-00314,653825.36,card,Bauchi,Bauchi-Central,eb5cac83407b81c2,2025-03-18 19:43:37,19,1,False
02e8bf06-b57f-4c96-9c6e-035ee0de95ce,CUS-01652,4505.22,mobile_money,Kano,Fagge,3191c2c1227ba3cb,2025-03-18 19:45:44,19,1,False
a486e580-2f07-40d3-83d5-16a57f26955b,CUS-01597,241.64,bank_transfer,Lagos,Kosofe,66b0d9200f483975,2025-03-18 19:52:20,19,1,False
928dcd37-6e5b-4512-8917-92b8ab688219,CUS-01801,67685.07,ussd,Osun,Osun-Central,8f779f94f9d34410,2025-03-18 19:55:57,19,1,False
09ffae98-753d-49bc-8a14-602fc6ea5a2b,CUS-00804,439.53,bank_transfer,Rivers,Oyigbo,77e85fd09a04681d,2025-03-18 20:01:39,20,1,False
5afe30d7-a08d-4d56-bd49-4f784af98ab3,CUS-01557,1333.98,bank_transfer,Rivers,Eleme,581d8d836fa71304,2025-03-18 20:02:29,20,1,False
20a3cbd0-cd34-4d25-ba91-1d702619f826,CUS-01712,2765.52,mobile_money,Abia,Abia-Central,41745fe862a83d71,2025-03-18 20:09:39,20,1,False
2716254f-e87c-47eb-9b6e-e8d40263d05a,CUS-00618,4260.51,mobile_money,Benue,Benue-Central,ef3877fe8a94f510,2025-03-18 20:09:50,20,1,False
6821b01d-d635-4f95-bf4d-8bf22646d795,CUS-01900,473.0,bank_transfer,Oyo,Ogbomoso,8be9efcf44f18c7e,2025-03-18 20:12:30,20,1,False
fe8d5601-9dd4-45d6-bc42-8f532649c617,CUS-00383,1467.38,ussd,Kebbi,Kebbi-Central,c919c6af242bd317,2025-03-18 20:16:00,20,1,True
2d1143d4-21c3-4375-8776-e7ce840fa025,CUS-00615,369.28,bank_transfer,Adamawa,Adamawa-Central,70794346772b0ba7,2025-03-18 20:19:38,20,1,False
c9c55d62-fcfe-40af-862e-ecac01d3e87b,CUS-01325,3035.3,mobile_money,Kano,Fagge,502ee3fbac83a449,2025-03-18 20:19:54,20,1,False
23446e61-5551-407e-b475-cacd882bc701,CUS-00383,4814.12,pos,Kebbi,Kebbi-Central,c919c6af242bd317,2025-03-18 20:28:00,20,1,True
dabd9f7a-63a6-4a77-b1e5-4e13f0e7b239,CUS-00835,58460.5,ussd,Rivers,Port-Harcourt,95de52b480063a6d,2025-03-18 20:29:21,20,1,False
bbc24f1c-e61c-4440-ad57-2c4dc3e85303,CUS-01613,4288.54,mobile_money,Kano,Kumbotso,e027cc96033391f7,2025-03-18 20:31:45,20,1,False
3277fc5b-f567-451f-8834-1fec3517a18c,CUS-00243,60690.43,pos,Rivers,Port-Harcourt,5ea01e4f6f06691c,2025-03-18 20:31:45,20,1,False
aa32ed50-3752-484b-9549-1a02c1193e95,CUS-01100,57106.21,mobile_money,Lagos,Alimosho,df1461afa6ea20c9,2025-03-18 20:32:28,20,1,False
b7633340-81e8-4e1d-adfe-1621fe3ff879,CUS-00732,339.74,pos,Delta,Oshimili South,d2fa86ca5f1299e7,2025-03-18 20:38:26,20,1,False
0bd9cbcc-0a53-417f-9fd0-37205a3625a3,CUS-01740,4055.96,ussd,Plateau,Plateau-Central,396e7932f52475ca,2025-03-18 20:38:58,20,1,False
bcb5bb84-bff6-4bfe-a385-e23ddd568ebf,CUS-01088,55156.96,mobile_money,Ogun,Ogun-Central,2fe4c08d1ce58296,2025-03-18 20:44:51,20,1,False
381d8ae4-d6c9-4df8-ad18-e779e9123533,CUS-01314,83695.06,pos,Abuja FCT,Municipal,c3e6a458eded1ae6,2025-03-18 20:48:47,20,1,False
adccf723-4904-4999-8350-a3e742fa111f,CUS-01318,1249.36,mobile_money,Lagos,Kosofe,0d53a7e44c1ebaa4,2025-03-18 20:57:37,20,1,False
f309cd8e-37ed-4ca8-bc75-183878b14a33,CUS-01059,3916.54,ussd,Enugu,Enugu East,e4c835e0fcbbd94b,2025-03-18 21:00:40,21,1,False
b2e7e463-fb64-4841-a9c9-7560285cbb3f,CUS-01303,491.92,pos,Oyo,Oyo East,da79e85123761826,2025-03-18 21:01:58,21,1,False
7af666b4-6ac1-4339-97a5-cce0be883be5,CUS-01512,47650.77,card,Cross River,Cross River-Central,a41949725c54d7c9,2025-03-18 21:14:25,21,1,False
03d566bd-c977-4187-adb5-2ef618662556,CUS-00210,2683.54,mobile_money,Oyo,Ibadan North,e7a908e94677ed3e,2025-03-18 21:23:47,21,1,False
710e2204-9f8b-4d37-bf45-ce3892c2f58b,CUS-00234,789602.89,mobile_money,Lagos,Surulere,3cab18aa8000d870,2025-03-18 21:26:28,21,1,False
ea3c2d40-95fe-4bd8-a2c6-739b4319346e,CUS-00611,494.65,pos,Imo,Imo-Central,4fd5ba40c68d9677,2025-03-18 21:28:29,21,1,False
131b29b0-de64-4947-ba01-39afd623168d,CUS-00648,2901.06,mobile_money,Imo,Imo-Central,87df8c596d1e3bc8,2025-03-18 21:30:32,21,1,False
886e43bf-8a41-4ff8-b508-77d007f97f63,CUS-01978,90.23,pos,Kebbi,Kebbi-Central,c9c94165fe4b9e65,2025-03-18 21:38:36,21,1,False
dc5d3958-64a0-4b39-afc8-1fc852f277a2,CUS-00929,3257.21,pos,Kano,Nassarawa,395eff550cc0a560,2025-03-18 21:41:42,21,1,False
1de78973-db84-4cb7-b13e-5c401b98279e,CUS-01746,81.17,mobile_money,Lagos,Eti-Osa,bd68d1dee0d2a03f,2025-03-18 21:52:19,21,1,False
e44239de-9162-48ad-abaf-a8c36b58d7a7,CUS-00383,66468.09,mobile_money,Kebbi,Kebbi-Central,c919c6af242bd317,2025-03-18 22:05:00,22,1,True
8e10a824-2eed-445d-9f98-296b1cc5d3af,CUS-00136,59952.49,pos,Abuja FCT,Bwari,8489629970648402,2025-03-18 22:26:17,22,1,False
31f14ad2-8985-4aec-bdfd-7631cea79bb9,CUS-01940,313531.23,bank_transfer,Lagos,Eti-Osa,07e3e3257383f7f3,2025-03-19 00:48:00,0,2,True
1c8b08b9-9ee5-4e81-8dae-f072d8b698ff,CUS-01588,62.66,pos,Rivers,Obio-Akpor,66d4c5dbca5c27b5,2025-03-19 01:09:51,1,2,False
e096db23-8cbc-4340-9a1d-3f5251410d3b,CUS-00065,178.1,mobile_money,Oyo,Ibadan South-West,87baa8a35ed6745a,2025-03-19 02:04:37,2,2,False
e3c25dcf-a1f9-4ab1-a0ab-911ffd3ef627,CUS-01830,2738.63,ussd,Ekiti,Ekiti-Central,0d66db8252412143,2025-03-19 02:06:20,2,2,False
27b668e6-91a3-4535-b66d-392fa958f25b,CUS-00647,465.81,bank_transfer,Anambra,Onitsha North,0bdd31c20a61a0b5,2025-03-19 02:24:17,2,2,False
92f54010-9757-4273-a89d-d78c200f467a,CUS-01021,295.37,pos,Kano,Fagge,a14fbfe3ea501645,2025-03-19 04:06:14,4,2,False
55d7d5cf-a960-41f5-96da-1f15bdc8f61d,CUS-00240,760.6,mobile_money,Jigawa,Jigawa-Central,9d3432010bb1f785,2025-03-19 04:54:21,4,2,False
32849f31-ca64-41e1-8a1c-71a10f003d4b,CUS-01594,396.69,bank_transfer,Ondo,Ondo-Central,6a53bf463fa62fda,2025-03-19 05:00:55,5,2,False
1edfe205-b264-46ed-ad7b-7fd2488bb164,CUS-00238,344.95,ussd,Delta,Oshimili South,508e599aa4f29bec,2025-03-19 05:01:00,5,2,True
65db3211-ffc1-401a-b5a0-e0e66b43c979,CUS-00238,400.75,mobile_money,Delta,Warri South,508e599aa4f29bec,2025-03-19 05:18:00,5,2,True
b7f7f3fd-e6f9-43ef-a304-b097f11b6725,CUS-00238,283.74,mobile_money,Delta,Warri South,508e599aa4f29bec,2025-03-19 05:21:00,5,2,True
d4d1c5c8-5f48-48e6-9972-c35084e0c68c,CUS-00238,94.59,mobile_money,Delta,Warri South,508e599aa4f29bec,2025-03-19 05:26:00,5,2,True
553f0bc2-2633-43fe-b7d2-35ddf658b9f6,CUS-00238,290.38,ussd,Delta,Uvwie,508e599aa4f29bec,2025-03-19 05:46:00,5,2,True
34e99c81-ca92-4a6f-9118-531b97c22c49,CUS-00341,204.51,pos,Abuja FCT,Gwagwalada,d0cecef6fd05a4d9,2025-03-19 06:25:55,6,2,False
40a11ce7-01db-412a-948b-35ec5a2ff609,CUS-00105,4446.7,ussd,Lagos,Eti-Osa,1e29af523fd2c4b3,2025-03-19 06:39:23,6,2,False
130e341b-bcb0-49b1-ae78-10ed6bf2d6e6,CUS-00617,66624.63,pos,Kano,Kumbotso,9be78ff896a57226,2025-03-19 06:49:29,6,2,False
2d04f24b-3e15-49a9-8c0d-9a6b522e8d29,CUS-01721,2740.96,mobile_money,Lagos,Alimosho,2c0eac63a6a92e4e,2025-03-19 08:01:36,8,2,False
afc98f9e-3e8f-40dd-b5ef-09ed74ae6ca2,CUS-01517,2914.52,pos,Nassarawa,Nassarawa-Central,beeded9bdc46ff19,2025-03-19 08:11:13,8,2,False
07f17f41-76f1-4c6b-8fe2-cde9868e934d,CUS-01049,447.48,pos,Lagos,Ikorodu,317bf6dcd72d237b,2025-03-19 08:39:55,8,2,False
c46169c1-9e7f-4540-bc73-6b8bc22c1101,CUS-01544,3715.72,mobile_money,Akwa Ibom,Akwa Ibom-Central,c55413ca9b16fc13,2025-03-19 09:06:10,9,2,False
e5b2a716-6d8b-4627-b841-1f1525033df2,CUS-01060,2032.7,pos,Kebbi,Kebbi-Central,b82de4bf598b7a40,2025-03-19 09:16:00,9,2,False
bdd603b6-6a14-4e9c-9099-05178d2864e1,CUS-01770,4652.76,bank_transfer,Abuja FCT,Municipal,c27f86555385f66b,2025-03-19 09:30:29,9,2,False
71c50d28-319a-4976-8398-2b4e252cd521,CUS-01306,45978.09,pos,Ondo,Ondo-Central,5f47559a51fd6588,2025-03-19 09:31:44,9,2,False
2aa1a5c2-d6a0-488b-9fa0-e9631828cc80,CUS-01173,8805.75,pos,Kano,Tarauni,835d7ff91e1af072,2025-03-19 09:38:19,9,2,False
a8d64273-d3a5-472a-8da0-12a2c9b582f4,CUS-00974,595.05,pos,Lagos,Kosofe,c996ce5477003036,2025-03-19 09:44:11,9,2,False
04098138-d24a-4347-946a-c32186a93f73,CUS-01799,1191.69,bank_transfer,Lagos,Lagos Mainland,73145fde27a32e2e,2025-03-19 09:47:36,9,2,False
1bb41793-da05-4869-80c5-c3ca310e9cb5,CUS-01067,4587.93,pos,Lagos,Agege,a6477d2c79391ff0,2025-03-19 09:53:25,9,2,False
38d95752-2fd1-4a81-8663-f22352608134,CUS-01352,1398.36,ussd,Rivers,Eleme,92635ba9f4c8df47,2025-03-19 10:03:20,10,2,False
015da1c5-8ee3-4e12-a38d-f21ab0de308d,CUS-01233,1818.68,pos,Lagos,Oshodi-Isolo,bb21b8ff72b45704,2025-03-19 10:05:44,10,2,False
5f53ca49-fdb5-4e18-b09d-95ee675175c7,CUS-00765,3612.48,card,Oyo,Oyo East,6d0444c4589009d0,2025-03-19 10:20:28,10,2,False
dea8c37f-9476-4864-8b17-3156fde77520,CUS-00881,2081.21,ussd,Anambra,Onitsha North,446856508dde79b0,2025-03-19 10:22:07,10,2,False
9a95d6df-3696-4590-9461-f21ca8f72846,CUS-00196,86560.5,bank_transfer,Ondo,Ondo-Central,79d82d14604d462e,2025-03-19 10:27:20,10,2,False
d5efbcc0-8fab-4fce-bc1b-f845cb0cb12a,CUS-00398,258105.16,bank_transfer,Osun,Osun-Central,295ef15b1b3ae530,2025-03-19 10:34:37,10,2,False
8df6ac4d-62d2-4709-b1cd-35279ff72da2,CUS-01925,1036.06,bank_transfer,Lagos,Ikorodu,8723c44e85b37773,2025-03-19 10:41:31,10,2,False
54122772-ad66-422d-86a3-076a96e6cc7e,CUS-01036,3470.78,bank_transfer,Kano,Kumbotso,2600188299f78a75,2025-03-19 10:41:40,10,2,False
6a2d1e3a-8de0-47f5-b707-99747d5dc586,CUS-01620,1132.66,mobile_money,Abuja FCT,Bwari,e4273f31990db9bc,2025-03-19 10:51:47,10,2,False
a6970786-4940-4580-85a0-7a7e995b4a3f,CUS-00905,36071.29,pos,Lagos,Alimosho,51a748861752a0c9,2025-03-19 11:00:00,11,2,True
25c46d42-45d3-4afe-8d9d-78b09159080c,CUS-00905,24621.51,bank_transfer,Borno,Borno-Central,51a748861752a0c9,2025-03-19 11:10:00,11,2,True
d6d3cabc-6d36-4cc8-aed8-7c73c7188e80,CUS-01295,399.59,pos,Lagos,Lagos Mainland,ed59bae45fd6a782,2025-03-19 11:10:53,11,2,False
7b28cc2d-89b3-4879-b5c9-8fec5d7ae9cd,CUS-00768,86760.04,bank_transfer,Kano,Nassarawa,68be7d7ed2728f8b,2025-03-19 11:24:10,11,2,False
97d3921c-87c5-40b7-bc2a-ce8b088a8483,CUS-00279,370315.58,pos,Imo,Imo-Central,58f65ee3752265ba,2025-03-19 11:32:40,11,2,False
0108f545-256e-4cf8-b591-25d9e2ead6a6,CUS-01001,212.64,mobile_money,Oyo,Ogbomoso,537f88949a0d8fb6,2025-03-19 11:32:50,11,2,False
e5654691-2091-4a52-98cd-ceb40e2db2b2,CUS-01789,493.23,card,Abuja FCT,Gwagwalada,3cb0b235257beee6,2025-03-19 11:37:11,11,2,False
9d6c37e6-0aee-4b28-ba4f-f4a887acb404,CUS-00548,58957.22,bank_transfer,Abuja FCT,Bwari,ec494afb9403a35d,2025-03-19 11:37:43,11,2,False
65b04f88-34c5-43b6-a25a-3eea20f32a16,CUS-00447,55984.08,pos,Osun,Osun-Central,d8251f8e1f73bae6,2025-03-19 11:37:50,11,2,False
65fadba1-f960-4854-8062-c86705f86276,CUS-00603,1227.02,bank_transfer,Lagos,Alimosho,bb90dbe9236c1ae4,2025-03-19 11:40:15,11,2,False
fd4e4249-0b54-463d-8ebd-48b23bcd1987,CUS-00168,141.83,mobile_money,Lagos,Mushin,ffd3c25c7bec8d15,2025-03-19 11:47:31,11,2,False
66943fdd-af6b-4077-a797-4b896b7f3229,CUS-00003,67317.03,pos,Kaduna,Kaduna South,18718776213837dc,2025-03-19 11:56:19,11,2,False
4424b1c9-fca0-4355-81ac-d3938814f606,CUS-00947,556804.22,bank_transfer,Nassarawa,Nassarawa-Central,16f02fc59c758e76,2025-03-19 12:01:45,12,2,False
6f9efb3e-b14a-4a74-857a-8f6ae9612178,CUS-01326,49969.82,mobile_money,Lagos,Ikorodu,d91f349461d4c224,2025-03-19 12:03:23,12,2,False
9dd6c553-f0d3-4035-9ec4-575aec1633f1,CUS-00050,808662.18,bank_transfer,Bayelsa,Bayelsa-Central,41aa6cad1ff50928,2025-03-19 12:06:16,12,2,False
ba6eefd8-7f1a-4eae-aa4b-1329552a2901,CUS-00193,298.35,pos,Enugu,Nsukka,d152fd56ffcd3512,2025-03-19 12:08:00,12,2,True
ac764d4d-9cc2-4c13-bac6-4498eeb84703,CUS-00193,244.52,mobile_money,Enugu,Nsukka,d152fd56ffcd3512,2025-03-19 12:09:00,12,2,True
8ad1b963-e791-4526-a908-ae0c12a56f98,CUS-00193,163.33,pos,Enugu,Enugu East,d152fd56ffcd3512,2025-03-19 12:11:00,12,2,True
c436a3b6-3c0b-4454-aa09-8425debbc9a0,CUS-00193,198.87,pos,Enugu,Nsukka,d152fd56ffcd3512,2025-03-19 12:13:00,12,2,True
297fa367-22e4-46a1-90f6-75bc9f14bdbb,CUS-00193,153.65,ussd,Enugu,Enugu North,d152fd56ffcd3512,2025-03-19 12:14:00,12,2,True
37b8aaf4-03dc-453c-882f-1074e9c0d891,CUS-01009,63431.14,pos,Abuja FCT,Gwagwalada,d779f710e5a038e7,2025-03-19 12:19:51,12,2,False
c123c581-bba9-41a4-9705-0c0b5e76f7a9,CUS-00193,157.01,ussd,Enugu,Nsukka,d152fd56ffcd3512,2025-03-19 12:20:00,12,2,True
3d6c917e-096c-4bee-806b-ab7191bb9cc1,CUS-00254,4947.86,ussd,Lagos,Lagos Mainland,e5da285d4d8a62dc,2025-03-19 12:31:32,12,2,False
224f9e95-4e66-47a9-a67c-f6e8f6789b78,CUS-00193,328.63,ussd,Enugu,Enugu East,d152fd56ffcd3512,2025-03-19 12:34:00,12,2,True
131e1d05-76f0-47bb-b7aa-be05f0e1429c,CUS-01118,126.73,pos,Kano,Kumbotso,9906c287df3d4b3d,2025-03-19 12:53:47,12,2,False
f4c58fb2-7087-46d5-adb4-68ca6d7162ce,CUS-00801,126.28,ussd,Lagos,Mushin,1af2e1bf1db771eb,2025-03-19 12:54:27,12,2,False
44dc81e3-6b63-46f5-8646-20b7264f55f0,CUS-01256,229.37,mobile_money,Lagos,Lagos Mainland,ec47f332f0057a59,2025-03-19 13:00:48,13,2,False
7aaf0dd4-f73f-465e-a77d-c6deaaa8ca1c,CUS-01200,1275.4,bank_transfer,Kwara,Kwara-Central,fd60ae30ae1d36ae,2025-03-19 13:12:58,13,2,False
1f660b4a-6caf-429a-8d39-510b654c5618,CUS-00068,2604.0,pos,Lagos,Kosofe,4e173537ea95bb34,2025-03-19 13:19:56,13,2,False
1af0c812-e68f-4ca2-8d24-dd7d5188a360,CUS-00032,74510.07,bank_transfer,Lagos,Oshodi-Isolo,6b07c6774a8a35ea,2025-03-19 13:21:54,13,2,False
2a4c8101-a9d7-49ae-9078-3526937642d2,CUS-00035,608.45,pos,Benue,Benue-Central,c43622476204a29b,2025-03-19 13:25:35,13,2,False
c00e4f03-4c63-4a7e-88a8-b5e216cc48f9,CUS-01964,738919.59,bank_transfer,Oyo,Oyo East,e6b99e0579084c3d,2025-03-19 13:29:07,13,2,False
6b25b14d-cca5-46a2-852f-c2821eb6369c,CUS-00848,232715.7,bank_transfer,Abuja FCT,Kuje,b8495cc2e07bf6b9,2025-03-19 13:34:49,13,2,False
aeecf6ff-c4fe-48c1-816f-448e61ffd8e6,CUS-00123,15199.61,bank_transfer,Lagos,Lagos Mainland,fd87e702baf7d83d,2025-03-19 13:34:55,13,2,False
496b919d-4c7d-496e-8f17-1df263d58a00,CUS-01718,37462.42,bank_transfer,Ekiti,Ekiti-Central,7830e91dc369472d,2025-03-19 13:35:30,13,2,False
524bc2cf-e6fe-41fd-855a-1506cf1a22e9,CUS-00901,2453.74,mobile_money,Lagos,Surulere,8cc6b102f1e0b742,2025-03-19 13:54:24,13,2,False
0a66e1d2-4c5b-46e5-925c-6401d5aeaa26,CUS-00188,164098.74,mobile_money,Oyo,Ibadan South-West,ae06fb90c1244c4b,2025-03-19 13:55:51,13,2,False
2c029676-e616-40f6-89cc-2a5700defd25,CUS-00636,1555.59,card,Oyo,Ogbomoso,0e03d5f724baf012,2025-03-19 14:00:18,14,2,False
08f2c4a9-9bfa-4da3-b6e9-7daebb6b62ee,CUS-00011,261500.71,pos,Bayelsa,Bayelsa-Central,b9f6cefb5c85d533,2025-03-19 14:02:36,14,2,False
bebc66db-f343-4f45-94b0-102531f573d2,CUS-00263,683.53,bank_transfer,Abuja FCT,Bwari,265b06bdfd90b3d9,2025-03-19 14:16:52,14,2,False
178be852-5552-40ee-9b16-a626c4633a0a,CUS-00760,305.72,pos,Lagos,Kosofe,a5121d1898c9d913,2025-03-19 14:17:35,14,2,False
cd1f96da-0374-415d-bd71-47ad71776179,CUS-00808,406.59,bank_transfer,Abuja FCT,Municipal,69dd324fb440fa06,2025-03-19 14:26:47,14,2,False
adcf3cf3-12cb-4fef-8bf1-40a5c365827d,CUS-01492,4836.98,ussd,Lagos,Ikeja,318dab97928f4a79,2025-03-19 14:41:35,14,2,False
70b9c1f4-bdfb-486e-9446-fed8f1b892bf,CUS-01135,41478.06,bank_transfer,Lagos,Oshodi-Isolo,ddc7283b773c8f9b,2025-03-19 14:48:53,14,2,False
9e67083d-1b06-45d1-8a3b-caf3603af08a,CUS-00035,4150.18,pos,Benue,Benue-Central,c43622476204a29b,2025-03-19 14:50:13,14,2,False
4eff6a86-b061-4252-9940-dd8baafd2bc6,CUS-00894,301.23,pos,Anambra,Nnewi North,4d7414a6f0f8e763,2025-03-19 14:51:42,14,2,False
ed8730ba-8c50-46b9-ac23-1f6399fcc230,CUS-01033,292.82,pos,Lagos,Agege,3fe6d62b7438da14,2025-03-19 14:51:49,14,2,False
dd1de800-7aa5-4d63-a9d8-c839fb9e4933,CUS-01633,598812.11,pos,Imo,Imo-Central,87d8962f9b1d3d70,2025-03-19 14:55:08,14,2,False
abeb06e7-e7eb-476f-a53d-cc7d2d370ab4,CUS-00850,2544.34,mobile_money,Lagos,Kosofe,e9094fbd4615343d,2025-03-19 14:56:30,14,2,False
9bb5c86e-e47a-44f6-bd9f-1808e8532928,CUS-01156,92019.04,ussd,Lagos,Mushin,031d6ab684c1b05f,2025-03-19 14:57:13,14,2,False
8e354053-9187-4b14-bdec-9f7cda28bca5,CUS-01955,266179.1,ussd,Yobe,Yobe-Central,d8a64296698dc0ac,2025-03-19 15:09:11,15,2,False
a71f8bda-e701-4b03-af9b-01146203a104,CUS-01322,98248.92,mobile_money,Zamfara,Zamfara-Central,3131dd037e9f250c,2025-03-19 15:21:26,15,2,False
9855671d-507e-4a1b-9e4c-0c25e38d6157,CUS-01186,1525.97,pos,Anambra,Onitsha North,6289ff269db8f2ac,2025-03-19 15:26:35,15,2,False
8175131a-3880-49e1-8817-9770e16eb98c,CUS-01941,178.4,ussd,Kano,Dala,9dbbf7c1e6ccee2c,2025-03-19 15:27:34,15,2,False
25d62798-2ab7-4c22-b75c-318117e7f94b,CUS-00764,186060.96,pos,Lagos,Surulere,505092f3fbd319a1,2025-03-19 15:33:04,15,2,False
da3b1b69-5937-4636-8e63-c7d79e8656ec,CUS-01178,868204.68,mobile_money,Kwara,Kwara-Central,94f90507e81b387e,2025-03-19 15:38:55,15,2,False
91cd57da-76f8-42d5-81ac-4b0416c3e226,CUS-01631,580925.51,pos,Kano,Dala,229bd5269e54c35c,2025-03-19 15:38:56,15,2,False
da3c3c68-04f5-40b9-8259-f2df558f1ccb,CUS-00362,488.91,pos,Abuja FCT,Kuje,945a52114414000f,2025-03-19 15:44:27,15,2,False
c87b2764-68ff-46f5-9745-1415b0417837,CUS-00227,409.93,bank_transfer,Rivers,Port-Harcourt,5520f23bfce438f4,2025-03-19 15:44:29,15,2,False
41b6380a-273f-4719-9972-50cd51bcdb5e,CUS-01843,4809.62,bank_transfer,Kaduna,Kaduna North,ce512cfe586768b6,2025-03-19 15:51:50,15,2,False
2a48ce2e-f1ed-40a8-848f-9c84bdb8c77a,CUS-00961,44576.21,ussd,Kaduna,Zaria,53c76254ebe7bddf,2025-03-19 15:56:55,15,2,False
35a7a954-01c0-4e17-82a5-426189ed9f42,CUS-01808,43776.38,pos,Lagos,Ikeja,82f5a1f1904224bf,2025-03-19 15:58:16,15,2,False
e8b18fd2-6aea-4d5b-84a4-8c1c5881b015,CUS-00719,4985.07,pos,Ondo,Ondo-Central,d7f45d58c22a3dfe,2025-03-19 16:03:38,16,2,False
8886895b-35f7-45fb-88bd-72d297485623,CUS-01050,3492.42,pos,Kebbi,Kebbi-Central,457ca2d963b3ad8c,2025-03-19 16:10:13,16,2,False
2dbf0db3-7108-423b-b338-02b00fb835da,CUS-00343,449.45,pos,Rivers,Obio-Akpor,b4a2de98d30936c5,2025-03-19 16:15:19,16,2,False
fdce11e4-27e7-4fa5-8f24-121317a03729,CUS-00903,212.49,bank_transfer,Oyo,Ibadan South-West,e707cda42c6fc450,2025-03-19 16:16:17,16,2,False
3ef1325e-8e5f-439e-b083-cc3bd7b9d176,CUS-00980,931885.12,bank_transfer,Kano,Nassarawa,0fbb27d86ea35239,2025-03-19 16:17:32,16,2,False
0f1d3a17-f5e5-4668-bb7a-a5ff8567a7a5,CUS-01651,98.49,pos,Kano,Fagge,396043149ea8b2e6,2025-03-19 16:22:35,16,2,False
64976cdf-852e-43f5-9629-abbe7c03ad5e,CUS-00141,75725.72,mobile_money,Lagos,Surulere,41494816afbde82e,2025-03-19 16:29:50,16,2,False
686502e0-cb1f-4003-81ae-742348db0672,CUS-01974,29869.24,pos,Kano,Dala,3dbf38dcef5a1bfd,2025-03-19 16:32:06,16,2,False
9698c206-f723-4f16-a4f5-4656f0d334b9,CUS-01017,516706.91,bank_transfer,Oyo,Oyo East,f8aac67eec4ac97e,2025-03-19 16:33:27,16,2,False
a403e1d2-8eb7-4c29-9bcf-01cf30fedea8,CUS-00824,40561.45,pos,Oyo,Ibadan North,e5648df22a55e5b7,2025-03-19 16:37:16,16,2,False
8d7e2e15-26a5-420d-8066-38fc3b43e79b,CUS-01235,20838.77,pos,Rivers,Oyigbo,ac7a9713ab43d78c,2025-03-19 16:50:33,16,2,False
9a2544fe-d6b3-4880-ae48-c5ec9dbc6a02,CUS-01852,246.64,bank_transfer,Sokoto,Sokoto-Central,ac5adcbf4944a58a,2025-03-19 17:11:54,17,2,False
76622247-f4a2-4c57-ba0f-21fbe172c33f,CUS-00580,70301.33,pos,Abuja FCT,Municipal,b41dc106d755dab0,2025-03-19 17:26:51,17,2,False
181812c5-85ab-4daf-bf69-fa7dc606caf2,CUS-01519,2870.95,ussd,Yobe,Yobe-Central,ffa8c25d0e2f0f89,2025-03-19 17:35:25,17,2,False
92b8c439-1745-4a6f-8bb7-ce7db77bd397,CUS-01690,209.6,mobile_money,Lagos,Kosofe,4973206afd627a10,2025-03-19 17:40:17,17,2,False
f2fca99e-7f3f-4526-a18c-515181da63cb,CUS-01027,553628.35,bank_transfer,Borno,Borno-Central,a2451397ca1bd949,2025-03-19 17:40:44,17,2,False
5fef3256-4aa1-43da-bac8-dbb6f59df38d,CUS-00137,14187.5,mobile_money,Edo,Ikpoba-Okha,9e1e07433aaacd7f,2025-03-19 17:54:05,17,2,False
f5554b13-ed07-4ae8-a2ce-fabae21ba129,CUS-01576,11510.9,pos,Lagos,Kosofe,7bae466cfc2d3e32,2025-03-19 17:56:41,17,2,False
579a8f65-ff51-472d-90f9-7fb73ef45348,CUS-00990,363.53,pos,Imo,Imo-Central,867cc7228b2daf96,2025-03-19 17:58:09,17,2,False
39b9acb0-6369-4b8c-aece-fd9b27a5ae9c,CUS-00783,4752.8,mobile_money,Kano,Nassarawa,6bc82361eb609984,2025-03-19 18:01:06,18,2,False
0cb64760-ae54-4050-a6e6-7983ff7a431e,CUS-00567,71.85,pos,Rivers,Oyigbo,cb80685b5f950968,2025-03-19 18:04:57,18,2,False
e81fa522-7c3b-4576-8217-89ac46d20e96,CUS-01177,4360.46,ussd,Lagos,Ikeja,3f6ef33bcad3ac22,2025-03-19 18:33:39,18,2,False
4ce2eb79-991b-4181-8783-5201e3fb428a,CUS-01344,497.25,pos,Osun,Osun-Central,3b2ab3c41753e83d,2025-03-19 18:40:30,18,2,False
f25b4905-c6b0-4329-82c1-fbc2a8375adf,CUS-01324,8246.38,mobile_money,Ebonyi,Ebonyi-Central,9a86a95dc16a8c44,2025-03-19 18:49:19,18,2,False
f193fe17-6ca1-435c-ad37-c639bd19c9fd,CUS-00576,38695.8,pos,Lagos,Surulere,889483354ede0f98,2025-03-19 18:54:48,18,2,False
93893739-2665-4287-ada0-823e88c2bf53,CUS-00553,3332.08,ussd,Oyo,Ibadan South-West,04817bd46d407d52,2025-03-19 18:57:54,18,2,False
d0df40a7-1f14-4d02-a946-9f09cb779b49,CUS-00259,2217.66,bank_transfer,Lagos,Surulere,94694ebc6ddc6a43,2025-03-19 18:59:41,18,2,False
1759455a-7462-473a-b22c-b23566b920c3,CUS-00466,412.71,mobile_money,Kano,Kumbotso,5ed9a67b0307bf3e,2025-03-19 19:02:38,19,2,False
e820eae7-2d29-4c94-95ac-879281bb9d66,CUS-00766,82455.04,bank_transfer,Kwara,Kwara-Central,6ff0ddcda0bc1969,2025-03-19 19:19:14,19,2,False
b5ae9ca6-6282-4e7b-a94e-ea80bc3c47d4,CUS-01030,844393.45,pos,Lagos,Ikorodu,3eb7598049e53ce6,2025-03-19 19:30:27,19,2,False
a892f7c1-9635-422e-ad96-bbf6c43f07d3,CUS-01276,909362.39,bank_transfer,Lagos,Mushin,990dec7a88b42303,2025-03-19 19:34:22,19,2,False
2f4aa82b-c8d4-4cf8-bb0b-e683182edfe8,CUS-00260,1965.96,mobile_money,Kaduna,Kaduna South,b36ce793582718ee,2025-03-19 19:53:25,19,2,False
634398fd-1541-4119-8684-c29b30d0137d,CUS-01693,3736.34,bank_transfer,Lagos,Mushin,453f90468efd2c59,2025-03-19 19:53:31,19,2,False
2df9d71e-64f9-46f8-b085-bd5e0640ca50,CUS-01920,4836.77,ussd,Edo,Ikpoba-Okha,370efba7cf932d32,2025-03-19 20:23:39,20,2,False
1452dbea-5b96-4be4-83f4-5a7a9e9f7a64,CUS-00040,3405.94,ussd,Lagos,Surulere,e73bde132eb863ee,2025-03-19 20:30:16,20,2,False
6bec1855-3923-4d6c-b8c6-7be67b96c378,CUS-01776,593.48,mobile_money,Anambra,Nnewi North,7c36fdafee67b187,2025-03-19 20:33:15,20,2,False
38eadaaf-d15e-4a36-92e5-08db7911247f,CUS-01825,955108.83,pos,Oyo,Ibadan North,67bd0a3396337975,2025-03-19 20:33:52,20,2,False
cbabb26f-8db2-43fa-a1e6-127f026caec5,CUS-00539,3045.8,mobile_money,Lagos,Lagos Mainland,3d80c520256de784,2025-03-19 20:37:05,20,2,False
ef8284ab-3b79-479c-96d6-bfbbaf08876f,CUS-00301,949.16,mobile_money,Oyo,Ibadan South-West,4acd84f2fa7ac6df,2025-03-19 20:40:47,20,2,False
985f6258-3876-4e80-9d1d-7dae188c6675,CUS-00789,178704.18,card,Jigawa,Jigawa-Central,7fe492226e84ff2c,2025-03-19 20:48:25,20,2,False
8e3b292d-b3fb-44a4-ac41-eb7bf4cfd3a9,CUS-00303,89702.76,pos,Enugu,Enugu North,879978b488f0588c,2025-03-19 20:56:30,20,2,False
cce251e4-f97f-486f-8660-2cd2a93ef1b7,CUS-01719,81.63,pos,Lagos,Lagos Mainland,3bca07c7e0c085d6,2025-03-19 20:58:45,20,2,False
4e6cef0a-c651-4516-bac1-451da63d3ce6,CUS-01191,4649.04,ussd,Oyo,Oyo East,371b42a69e8e1d4d,2025-03-19 20:59:07,20,2,False
e6ad967e-b499-4b54-8fad-94c6abe4a4f0,CUS-01451,14093.08,mobile_money,Enugu,Nsukka,98ecba8511085cb7,2025-03-19 21:01:11,21,2,False
b1c8d50a-d180-4915-bc02-d0389a7ac606,CUS-01267,3264.23,bank_transfer,Abuja FCT,Bwari,c0e12dd6f7fccc2b,2025-03-19 21:01:38,21,2,False
38919d6f-ef94-45af-b9f6-687a36bb3496,CUS-01677,4104.89,pos,Rivers,Port-Harcourt,283f6dc9c1ece240,2025-03-19 21:06:27,21,2,False
3b91e48e-1e39-44dc-8c25-f638b9df65ea,CUS-00808,3469.81,bank_transfer,Abuja FCT,Municipal,69dd324fb440fa06,2025-03-19 21:13:07,21,2,False
7ea6f563-bbcd-487d-8413-300bda236012,CUS-00114,4858.76,pos,Enugu,Enugu North,94888243a11da8b1,2025-03-19 21:16:01,21,2,False
e996af9a-6ad4-49b3-9131-14af9f76a0e6,CUS-01771,78042.5,bank_transfer,Abia,Abia-Central,9bef20b0925967ba,2025-03-19 21:16:19,21,2,False
2945504f-47f3-4acf-a4b6-c425d416dda3,CUS-01680,271.91,mobile_money,Kano,Fagge,5b6d9e25e5985abb,2025-03-19 21:17:38,21,2,False
c0f7bf8d-eb23-4774-9009-4aa4d31388f9,CUS-00870,264.9,ussd,Rivers,Obio-Akpor,48e1653cc2040db1,2025-03-19 21:20:47,21,2,False
473826b8-112e-41af-9b61-6acb1e5a41c6,CUS-01753,74373.2,mobile_money,Lagos,Agege,6711f7f87a08894a,2025-03-19 21:26:08,21,2,False
9645b8ac-c2d9-4d9d-bf4d-f49be7f633f1,CUS-00125,3519.97,mobile_money,Rivers,Port-Harcourt,b21c8566ae744018,2025-03-19 21:33:09,21,2,False
6d0d868f-10d2-47a6-9dd8-5449dc7a2c7c,CUS-00139,601.53,ussd,Bayelsa,Bayelsa-Central,1b85d0b8604dea2e,2025-03-19 21:43:04,21,2,False
c191d8cb-1869-4634-9b2d-a943f25d9809,CUS-01286,451829.38,pos,Lagos,Lagos Mainland,82739cbcbd1403a5,2025-03-19 21:46:35,21,2,False
6bde85f2-4262-4a62-8f12-c4fa09003a6a,CUS-01961,33455.22,pos,Rivers,Oyigbo,b7dff121696aa1a9,2025-03-19 21:48:56,21,2,False
b81bc1a1-9e3a-42ba-bd8f-ec08e8c562f3,CUS-00618,25278.84,bank_transfer,Benue,Benue-Central,ef3877fe8a94f510,2025-03-19 22:43:51,22,2,False
0993bd84-d4f4-4a9e-a4e0-c383e1aa5324,CUS-01844,2417.38,ussd,Jigawa,Jigawa-Central,1c72f4beb92ebf41,2025-03-19 23:30:01,23,2,False
3cc26933-96d4-4c5f-b593-48627e4ce8ec,CUS-00770,228.44,pos,Lagos,Ikorodu,07ebcbdbcca5ed04,2025-03-20 00:00:11,0,3,False
a58fd8fe-2757-4eeb-8ab6-ae4907d6fea4,CUS-01042,66.66,pos,Kano,Tarauni,6d003f247aeb3edf,2025-03-20 00:05:49,0,3,False
fa5cb630-1ec7-4c3d-a3fb-9cfbbb97b9f1,CUS-01165,396.68,bank_transfer,Plateau,Plateau-Central,23c0878b7294dbdc,2025-03-20 00:16:53,0,3,False
a923f0f5-2ded-48c4-874b-5515f0954b2f,CUS-01621,712452.2,pos,Lagos,Ikeja,8647eebdaf46fec5,2025-03-20 02:33:57,2,3,False
1fcc67f9-53d0-4971-8904-94e69bf7f33b,CUS-01600,486.56,ussd,Lagos,Ikeja,1bdb95d9acf8fbb3,2025-03-20 02:41:24,2,3,False
93b2c9ad-94e5-40e6-8af9-5388bc62a710,CUS-01869,9747.9,pos,Ondo,Ondo-Central,e944f19504bc9d53,2025-03-20 03:33:23,3,3,False
f8aa835b-3461-42b9-9ad6-2d4109cdf2ce,CUS-00584,625446.98,bank_transfer,Enugu,Nsukka,ab23b4d2a487e0d3,2025-03-20 04:53:00,4,3,True
fafbb232-8c3c-4b1b-ac21-424879f8908a,CUS-00491,88924.33,pos,Enugu,Enugu East,e00eb35a370ee76b,2025-03-20 05:16:16,5,3,False
c692e079-610c-4aa7-9b21-bca115b64936,CUS-00069,1410.06,mobile_money,Ogun,Ogun-Central,a3bc4367e57bfc78,2025-03-20 05:56:05,5,3,False
824de909-adf8-470e-81aa-d5b3cc57d1e3,CUS-00000,56099.65,bank_transfer,Rivers,Eleme,071e80b4bb9b89f4,2025-03-20 06:08:43,6,3,False
8a6b9a4b-d8c1-44d9-b214-14e58561a9f9,CUS-00461,2620.71,pos,Delta,Oshimili South,981e3f54a7831fcb,2025-03-20 06:21:00,6,3,True
de2ac314-4b4c-4dcc-a2e7-79d6f3195117,CUS-01793,99518.46,pos,Anambra,Onitsha North,3960fe077f66e564,2025-03-20 06:24:00,6,3,True
ce4650ec-e330-48ac-b900-2c832bd992db,CUS-01068,3022.18,pos,Kano,Gwale,8d576c7efcc7de85,2025-03-20 06:34:28,6,3,False
2a902b1d-d5d8-476a-b59d-5f80adf852cf,CUS-00422,2201.78,pos,Lagos,Kosofe,ed6303f978217ba5,2025-03-20 07:25:00,7,3,True
9994fac3-1164-4a7e-9c50-2182034f4700,CUS-01793,89765.82,bank_transfer,Anambra,Onitsha North,3960fe077f66e564,2025-03-20 07:30:00,7,3,True
d9372aae-f843-4ebd-aa52-b886ff3c577d,CUS-00135,3449.54,ussd,Kano,Fagge,a4f9096364b81dc6,2025-03-20 07:30:04,7,3,False
d2fc99d2-5c66-4191-94b9-195d79176bd7,CUS-00461,45266.04,ussd,Delta,Warri South,981e3f54a7831fcb,2025-03-20 07:38:00,7,3,True
d7c845cb-dd91-4ad2-9fe9-2986a8c9b549,CUS-01303,54214.36,pos,Oyo,Ibadan South-West,da79e85123761826,2025-03-20 07:51:31,7,3,False
1ac24744-6357-4230-8dee-3e27b0f8dc31,CUS-00461,87750.17,pos,Delta,Uvwie,981e3f54a7831fcb,2025-03-20 08:33:00,8,3,True
a0ffcd44-3801-4ce1-a8a5-47a6367eafd3,CUS-01404,494.48,mobile_money,Delta,Oshimili South,42b42baf602c4346,2025-03-20 09:00:14,9,3,False
3341c6ee-a7e2-4d3b-958d-16cbb9dea80b,CUS-00262,4184.77,ussd,Lagos,Ikorodu,e1ffe6d3e7061f2e,2025-03-20 09:06:43,9,3,False
c26df820-4bce-4d9e-a9c5-fd9f9004ca46,CUS-01793,61221.44,pos,Anambra,Onitsha North,3960fe077f66e564,2025-03-20 09:07:00,9,3,True
41b7be63-bb38-4865-a7d0-b3261965bb77,CUS-00300,1660.38,mobile_money,Lagos,Oshodi-Isolo,4fcd148b58c99584,2025-03-20 09:22:28,9,3,False
bbcb235a-f2cf-406e-bbad-749f186e32f5,CUS-00562,451913.47,pos,Lagos,Ikorodu,5638a1f9b6523012,2025-03-20 09:27:54,9,3,False
abe976a8-c5b0-4a92-b4ca-a6c3b2f381b8,CUS-00851,4503.62,pos,Osun,Osun-Central,a241b39179d8b34d,2025-03-20 09:30:14,9,3,False
2f0e956f-e58b-4858-a097-d3aeadc869b8,CUS-01359,351.49,mobile_money,Kaduna,Zaria,59e88484b87c9974,2025-03-20 09:32:01,9,3,False
38a74f36-a2f0-48ac-84b3-64267e2bec54,CUS-01617,1341.7,mobile_money,Delta,Oshimili South,649e38bb07b7b488,2025-03-20 09:37:54,9,3,False
4f3cf6ee-4ec5-4197-b3a8-5ce7ee04b835,CUS-01177,483.19,ussd,Lagos,Lagos Mainland,3f6ef33bcad3ac22,2025-03-20 09:40:05,9,3,False
45d351aa-da4f-42d4-a3f7-e853a63c2935,CUS-01179,60439.39,mobile_money,Oyo,Ibadan North,d58684393c60ad84,2025-03-20 09:40:14,9,3,False
5cd8cda2-130c-4a66-9724-647040792d8b,CUS-01365,51044.71,bank_transfer,Lagos,Lagos Mainland,75e449b0c77e704e,2025-03-20 09:41:29,9,3,False
17ef4edc-35e0-4984-bb59-609f64ea00e9,CUS-01605,457.07,pos,Abuja FCT,Municipal,e888ec392f115231,2025-03-20 09:42:26,9,3,False
b8e857de-41af-4ff0-adea-3bba3976cfef,CUS-00461,4101.23,bank_transfer,Delta,Uvwie,981e3f54a7831fcb,2025-03-20 09:49:00,9,3,True
f5b495bc-3b86-4df3-aad1-8514e2f8e0b3,CUS-01661,57248.95,bank_transfer,Abuja FCT,Kuje,fdfe4ce808cc1e67,2025-03-20 09:50:35,9,3,False
c79ce72e-0999-4eb3-9a7f-2ecc7e3cf61c,CUS-00422,1912.98,bank_transfer,Lagos,Agege,ed6303f978217ba5,2025-03-20 10:00:00,10,3,True
6dab58dc-fec6-4794-9dfc-d168f0d25ab2,CUS-01727,2869.05,pos,Ogun,Ogun-Central,7011c30208d82b3b,2025-03-20 10:02:22,10,3,False
4889431c-b92f-4065-b537-da6f830e623a,CUS-01502,264.64,mobile_money,Lagos,Alimosho,7d35363b4da45b4d,2025-03-20 10:05:00,10,3,True
bdd709fa-4ab5-4b99-bbc3-ac3a8309aeb9,CUS-01194,345054.89,pos,Lagos,Mushin,92f97f031c21451e,2025-03-20 10:08:56,10,3,False
10433c44-48a7-4462-8294-118ae887ac02,CUS-01502,193.27,mobile_money,Lagos,Mushin,7d35363b4da45b4d,2025-03-20 10:11:00,10,3,True
7d630a4c-c345-48af-b808-3b015a44adbf,CUS-00422,10392.71,pos,Lagos,Ikeja,ed6303f978217ba5,2025-03-20 10:13:00,10,3,True
0e2753b8-3028-41e8-81c3-4038e93bf9b9,CUS-00493,408.27,pos,Lagos,Agege,e90398b9a0d79849,2025-03-20 10:13:28,10,3,False
923c746f-1553-4a73-9752-bcf54eea9064,CUS-01502,304.58,pos,Lagos,Ikorodu,7d35363b4da45b4d,2025-03-20 10:14:00,10,3,True
8420b8cb-bd70-4d39-af20-73cb290aedc5,CUS-01502,364.34,pos,Lagos,Surulere,7d35363b4da45b4d,2025-03-20 10:24:00,10,3,True
e9a0e029-3aec-4b0c-be9b-21987a75c7aa,CUS-01990,773.15,pos,Kwara,Kwara-Central,3745d1557ed742f5,2025-03-20 10:28:57,10,3,False
f5c1b05f-7c33-4fb9-9073-092d8ff1902d,CUS-01502,136.2,ussd,Lagos,Kosofe,7d35363b4da45b4d,2025-03-20 10:29:00,10,3,True
88589233-371f-4681-82af-84ac98fc68cf,CUS-01513,91569.33,mobile_money,Lagos,Kosofe,bdecb2a312b96c1c,2025-03-20 10:30:13,10,3,False
1436c0af-ffeb-444b-b188-c40007fc5b45,CUS-00461,693286.36,pos,Delta,Oshimili South,981e3f54a7831fcb,2025-03-20 10:31:00,10,3,True
b9650957-c7b1-4766-b590-7097d9a55e4b,CUS-01502,468.38,pos,Lagos,Oshodi-Isolo,7d35363b4da45b4d,2025-03-20 10:45:00,10,3,True
cfa7678e-c056-4738-a725-009b814fc728,CUS-00135,295.08,pos,Kano,Gwale,a4f9096364b81dc6,2025-03-20 10:48:02,10,3,False
7bfece73-bf9c-4a01-817f-7d7209c3b265,CUS-01502,198.02,ussd,Lagos,Ikorodu,7d35363b4da45b4d,2025-03-20 10:52:00,10,3,True
9cc2784f-f816-4c2b-a83b-f0b96f3ae019,CUS-01235,760.08,pos,Rivers,Eleme,ac7a9713ab43d78c,2025-03-20 10:59:28,10,3,False
c6019a9d-06cc-45c2-867e-6378e844c5a7,CUS-01068,3420.98,pos,Kano,Tarauni,8d576c7efcc7de85,2025-03-20 10:59:58,10,3,False
78756617-0fa2-41b2-b8a7-4ac744a90ade,CUS-01549,201.43,bank_transfer,Enugu,Enugu East,51f26c68350dec47,2025-03-20 11:04:03,11,3,False
6acc95c3-d387-4379-9f23-238380430ad2,CUS-01178,42853.84,mobile_money,Kwara,Kwara-Central,94f90507e81b387e,2025-03-20 11:08:41,11,3,False
5471019f-5542-4ae7-9989-a8cdb9cb082c,CUS-00649,41699.83,bank_transfer,Abuja FCT,Municipal,3f03ff507eba6113,2025-03-20 11:17:58,11,3,False
cea124c6-0b7d-4212-921b-61dbc83790ec,CUS-00721,36160.94,mobile_money,Lagos,Surulere,d0dc71258440f880,2025-03-20 11:22:49,11,3,False
0eb72d3b-7f12-47f3-a339-51fb36d26bfc,CUS-00422,55244.34,mobile_money,Lagos,Ikorodu,ed6303f978217ba5,2025-03-20 11:23:00,11,3,True
f538b5e3-aacf-4d8f-a769-8a1e3aa29075,CUS-01039,95577.34,ussd,Kano,Fagge,f45c910b731e4816,2025-03-20 11:28:38,11,3,False
aac5c7d2-a6e6-410d-837f-616099c96515,CUS-00422,8087.73,pos,Lagos,Oshodi-Isolo,ed6303f978217ba5,2025-03-20 11:29:00,11,3,True
edbf4d87-7877-485c-9cb9-92a067fe989c,CUS-01192,74639.48,card,Kano,Kumbotso,da912eb3f9e9e9b0,2025-03-20 11:29:43,11,3,False
89b890f6-7b14-4d77-83c2-bc14ae1ecd2c,CUS-00516,24655.76,pos,Rivers,Eleme,a9e4532a82bbee62,2025-03-20 11:30:58,11,3,False
90ddc808-df5b-40f8-8438-991d9b947f5f,CUS-00422,1861.24,mobile_money,Lagos,Oshodi-Isolo,ed6303f978217ba5,2025-03-20 11:31:00,11,3,True
b50721e9-c768-47b9-8ce6-7b351dc46b51,CUS-00231,66989.37,pos,Abuja FCT,Kuje,4e6b4b041a5e1044,2025-03-20 11:32:39,11,3,False
2ab093e0-51f3-4e04-ae4a-be2982c0a845,CUS-01708,53436.39,pos,Enugu,Enugu East,4211ce21fda32873,2025-03-20 11:50:24,11,3,False
e05e2573-b2a2-40f4-b3ab-b19ab02c929e,CUS-01466,337.46,bank_transfer,Ebonyi,Ebonyi-Central,5c45576706ada9e2,2025-03-20 12:01:05,12,3,False
495adda7-9dbd-41d9-b347-796ec3cca974,CUS-00514,3332.65,card,Lagos,Agege,f596f20231d78a05,2025-03-20 12:03:55,12,3,False
26d82aa2-194b-48ad-b741-2e900309563d,CUS-01340,14840.92,bank_transfer,Kano,Fagge,32701a6673725ff9,2025-03-20 12:04:56,12,3,False
609fce39-eb4b-4423-a498-dfb7a0c6ccbf,CUS-01649,74604.46,card,Edo,Egor,4f98930e56d17402,2025-03-20 12:25:19,12,3,False
405ff4c1-207a-4317-98ce-42cedaf0623e,CUS-00908,3051.66,pos,Kano,Tarauni,d99db5404c3f1b04,2025-03-20 12:38:36,12,3,False
27960a0d-34f1-46c7-8bd7-502faf816f68,CUS-01065,27242.84,pos,Osun,Osun-Central,7c139577ee7fabac,2025-03-20 12:51:23,12,3,False
c3135313-b2ea-4129-a424-1e05992e1767,CUS-01723,971.72,ussd,Lagos,Alimosho,b8469a7d5c27212d,2025-03-20 13:13:45,13,3,False
4a219d33-b1b6-4ece-9731-bc5bf9b78431,CUS-00260,157.6,mobile_money,Kaduna,Kaduna South,b36ce793582718ee,2025-03-20 13:16:05,13,3,False
2d121fc7-468b-4a1b-9919-d09909ad778f,CUS-00978,45050.48,mobile_money,Abuja FCT,Gwagwalada,b1eac8f3eae27cb3,2025-03-20 13:21:07,13,3,False
16841a61-50e4-485d-939a-9f3460cf1cde,CUS-00617,248.0,ussd,Kano,Gwale,9be78ff896a57226,2025-03-20 13:24:34,13,3,False
2fb1dab4-588f-419c-9a19-4ae3e56a31db,CUS-00318,364.61,bank_transfer,Lagos,Mushin,bf5945441b1f31c0,2025-03-20 13:29:55,13,3,False
77a0da56-964c-4b23-9d11-b26b4187b1a7,CUS-00316,448610.68,pos,Rivers,Eleme,f45621f2c00f78c7,2025-03-20 13:40:15,13,3,False
46d600fd-5277-4cf5-bb84-49f73ec4b2a5,CUS-01215,3191.56,pos,Lagos,Oshodi-Isolo,fcf96970900d7074,2025-03-20 13:46:37,13,3,False
ff670745-4847-44ba-82f2-bf7737fdcb7b,CUS-01392,720406.78,ussd,Lagos,Kosofe,4cb534e0ea95a08f,2025-03-20 13:50:53,13,3,False
9eeb7e8f-ddef-4bb4-bd91-481b18dd7d86,CUS-01271,360.78,pos,Sokoto,Sokoto-Central,7373474fe2ebb6c3,2025-03-20 13:52:26,13,3,False
ec2f7ba1-8f08-49f6-8d74-b342265ede3c,CUS-00787,19778.71,pos,Rivers,Eleme,f8a43fab67f661de,2025-03-20 13:53:53,13,3,False
90bc540d-3d9b-4f1a-a74d-289b10ee7fa9,CUS-00370,2493.8,bank_transfer,Lagos,Eti-Osa,90ecea92534cd57f,2025-03-20 13:55:13,13,3,False
364c3b9a-4d8e-4013-8ccd-ff0a414ced54,CUS-00371,429.11,mobile_money,Lagos,Ikeja,7db25f91fbf121bf,2025-03-20 14:06:18,14,3,False
2be15478-bc3b-458e-b37c-45aaf19bce78,CUS-01151,470324.86,pos,Bauchi,Bauchi-Central,12846136115c5e9c,2025-03-20 14:07:45,14,3,False
fef84bbd-604b-4aa2-b16c-85b72351f06d,CUS-00310,52718.32,bank_transfer,Rivers,Oyigbo,320091fe12a777cf,2025-03-20 14:14:18,14,3,False
d017ff36-11a1-4ac6-8135-f25f46305f5a,CUS-00960,4690.31,pos,Lagos,Mushin,49ef09fbe609636a,2025-03-20 14:17:20,14,3,False
6226648e-7471-4633-a1f7-630cb5b6d96c,CUS-01962,420.27,pos,Bauchi,Bauchi-Central,d70390a3e9a87b2e,2025-03-20 14:17:48,14,3,False
1ee068ae-eb22-4648-b7b2-5395e66a9c5c,CUS-01793,100961.46,bank_transfer,Anambra,Onitsha North,3960fe077f66e564,2025-03-20 14:25:00,14,3,True
7384160b-1f3b-43b8-8147-38d2cbbd624c,CUS-00778,429.55,bank_transfer,Ondo,Ondo-Central,734366b03ca116fb,2025-03-20 14:29:35,14,3,False
89422b39-eef2-4861-b072-11a5e5e2f7c8,CUS-00729,102953.61,bank_transfer,Lagos,Ikeja,74c46c6f8b16e0c6,2025-03-20 14:36:18,14,3,False
abb9a057-5f55-48fa-a694-83a8b75b4d3d,CUS-01151,735765.03,bank_transfer,Bauchi,Bauchi-Central,12846136115c5e9c,2025-03-20 14:39:00,14,3,True
6e783399-33ee-4ead-9ad7-0fbffc386199,CUS-01452,236.13,mobile_money,Zamfara,Zamfara-Central,8af2244a304d26f8,2025-03-20 14:48:20,14,3,False
bc2d0d2e-5c09-4dbd-bf16-eb50e1b3d368,CUS-00270,2117.94,pos,Benue,Benue-Central,30d3830e3a8a63b9,2025-03-20 14:51:14,14,3,False
a5c92d7a-84fe-4dd2-be02-3392728baff9,CUS-01793,42354.76,card,Anambra,Onitsha North,3960fe077f66e564,2025-03-20 14:54:00,14,3,True
d2e6747e-fa1d-4d05-9cd2-3f2e9367e33e,CUS-00422,87525.58,pos,Lagos,Surulere,ed6303f978217ba5,2025-03-20 14:58:00,14,3,True
1e853d92-cd08-4ff1-b09e-86dba476835e,CUS-00259,4430.64,bank_transfer,Lagos,Mushin,94694ebc6ddc6a43,2025-03-20 14:58:12,14,3,False
b97cd0e6-0bec-479d-b788-a37830eb5b6a,CUS-00422,47551.46,ussd,Lagos,Surulere,ed6303f978217ba5,2025-03-20 15:01:00,15,3,True
d1f3ccf2-0e6d-4240-bf8e-5bcd06e01f07,CUS-01150,17250.64,bank_transfer,Edo,Egor,6a45da23b71f0b13,2025-03-20 15:04:13,15,3,False
dad14ef4-692a-49a5-94a9-1e32acbb9287,CUS-01397,57078.94,mobile_money,Lagos,Kosofe,0d87b59e6833be9b,2025-03-20 15:22:37,15,3,False
ed42deeb-33ce-4511-bafe-323ed1acc2ae,CUS-00422,4609.35,pos,Lagos,Ikeja,ed6303f978217ba5,2025-03-20 15:27:00,15,3,True
9430afd1-05aa-47af-b530-5dd829aec464,CUS-00743,85730.68,pos,Abuja FCT,Gwagwalada,3c89eb93ecd23ea3,2025-03-20 15:29:42,15,3,False
e6ce2c4f-e6e3-431a-9b9e-cc3987f6304d,CUS-00342,254.0,pos,Lagos,Lagos Mainland,1ef61af4ad918042,2025-03-20 15:32:04,15,3,False
f3eb7df1-5e89-4586-8c46-4a9032e39f67,CUS-00509,5718.52,ussd,Ondo,Ondo-Central,9fd6e0c80e26c585,2025-03-20 15:35:35,15,3,False
a33678e9-2b17-4cb5-b276-dc22707a98f3,CUS-00995,4148.57,card,Lagos,Agege,5fae574986916801,2025-03-20 15:37:21,15,3,False
30bcaa9a-5366-4071-a1b9-85e795cfe211,CUS-01739,4996.17,bank_transfer,Rivers,Obio-Akpor,e0adb1db04a2c04e,2025-03-20 15:37:33,15,3,False
1d6257d5-c063-492d-b4e3-ab3eff2d77f0,CUS-01117,333342.75,pos,Kebbi,Kebbi-Central,d53cc1c3960e3eea,2025-03-20 15:42:08,15,3,False
4d12709b-be6e-44bd-823f-ed145d87faf1,CUS-01238,669455.55,bank_transfer,Akwa Ibom,Akwa Ibom-Central,4f2883e80ffbe344,2025-03-20 15:51:51,15,3,False
27e30fc0-3cec-4c06-a880-6bd53a471838,CUS-00139,22924.87,ussd,Bayelsa,Bayelsa-Central,1b85d0b8604dea2e,2025-03-20 15:53:29,15,3,False
0f2eb7e8-23f0-4a3a-bb27-d96426e70a74,CUS-00422,186622.69,mobile_money,Lagos,Mushin,ed6303f978217ba5,2025-03-20 15:57:00,15,3,True
f144b18f-e4e7-41e4-8742-b3377941f3d1,CUS-00017,88246.69,mobile_money,Lagos,Surulere,833d9617ecfe7a5b,2025-03-20 16:00:00,16,3,True
a90a3e95-8fbc-462f-a830-73d60d7acea5,CUS-00981,68756.24,pos,Abia,Abia-Central,1c34e83bf8e6a0ff,2025-03-20 16:01:01,16,3,False
e55ff3fa-8ea0-48e0-a583-6a5033afd2b6,CUS-00233,4513.43,pos,Abuja FCT,Gwagwalada,102c007b0ed18d02,2025-03-20 16:09:03,16,3,False
6c6c878f-d417-4736-a4ba-2f58c22df84f,CUS-00017,3926.24,bank_transfer,Sokoto,Sokoto-Central,833d9617ecfe7a5b,2025-03-20 16:14:00,16,3,True
7fea627a-4b12-4268-a121-645c834bbd0f,CUS-00381,642.63,ussd,Edo,Oredo,5e06f51e74b733cf,2025-03-20 16:14:42,16,3,False
680f949e-1756-4834-b804-8068ebd7a898,CUS-01889,220.83,bank_transfer,Ogun,Ogun-Central,d4dcceb674d03143,2025-03-20 16:14:56,16,3,False
7976356f-784f-4bcd-b1fd-c2246d15b998,CUS-01113,2901.84,mobile_money,Oyo,Ibadan North,380fc2921922c9ea,2025-03-20 16:15:31,16,3,False
f0ca603d-d267-4cb1-ba47-f3be8d4d5235,CUS-00026,72.46,mobile_money,Lagos,Surulere,f906aed94ac545a4,2025-03-20 16:23:18,16,3,False
5d433960-423f-4a05-9943-87509244cf6d,CUS-00231,70994.71,ussd,Abuja FCT,Municipal,4e6b4b041a5e1044,2025-03-20 16:25:08,16,3,False
3dc4ec15-27b6-4e74-aef4-ed610fef5a11,CUS-01180,5345.92,pos,Akwa Ibom,Akwa Ibom-Central,1eb41ea733304795,2025-03-20 16:29:32,16,3,False
0e86ba8c-6e37-4d5b-b53a-511cb976232e,CUS-01693,314614.19,bank_transfer,Lagos,Surulere,453f90468efd2c59,2025-03-20 16:30:00,16,3,True
6ceeda21-7617-4ed5-b9aa-b14efc470f52,CUS-01602,31517.07,pos,Lagos,Kosofe,6ffc16d93e1af1d8,2025-03-20 16:33:09,16,3,False
c488cbee-56fe-42a6-a27e-629aea74c140,CUS-01323,48300.6,bank_transfer,Lagos,Alimosho,ab9cd435daa247d3,2025-03-20 16:41:37,16,3,False
55ce382b-79ec-40f9-8f21-04d9865f7159,CUS-00422,2388.33,ussd,Lagos,Ikeja,ed6303f978217ba5,2025-03-20 16:44:00,16,3,True
0b10d8f0-adae-4111-bf03-2601d9f3f139,CUS-00773,474127.55,bank_transfer,Rivers,Eleme,bf57dfc7ac1d19b3,2025-03-20 16:50:46,16,3,False
7ce5088b-f23f-4194-aead-896ad60da77c,CUS-00302,2041.4,bank_transfer,Oyo,Oyo East,b8478804cb2a0e1b,2025-03-20 16:52:57,16,3,False
8b976c17-fda5-4391-85da-a87e39927a00,CUS-01806,1731.99,bank_transfer,Delta,Warri South,03e3cce37197c2f4,2025-03-20 16:55:55,16,3,False
7dd95dc9-beb5-48c6-9d3f-ea3773dcd7f7,CUS-01288,271.32,ussd,Lagos,Lagos Mainland,0af809fa686eb211,2025-03-20 16:57:56,16,3,False
4f8a4f7b-82c3-46a8-82cf-5fea4f9d17be,CUS-00845,137.52,pos,Rivers,Obio-Akpor,a273ddb69945855e,2025-03-20 16:57:58,16,3,False
db67c861-77f5-4a81-a08c-63fee53f0dd7,CUS-01903,2166.04,pos,Lagos,Lagos Mainland,c66db09d52261777,2025-03-20 16:58:44,16,3,False
5e56dd75-db17-4b60-aea9-1da4f9ced7c6,CUS-00690,1109.61,bank_transfer,Kano,Fagge,9b160c32acee1e9d,2025-03-20 17:00:00,17,3,False
1f0286ef-4d29-4ab3-ac35-c103c870e984,CUS-01925,2686.85,pos,Lagos,Eti-Osa,8723c44e85b37773,2025-03-20 17:03:37,17,3,False
1538849a-24b4-4df8-a16a-b5cacadfe47e,CUS-01293,1263.43,bank_transfer,Anambra,Onitsha North,114ee9c684964d54,2025-03-20 17:07:57,17,3,False
4c641044-e62f-491e-a076-210c672e275e,CUS-01590,383.9,card,Anambra,Onitsha North,13407ce4863fe750,2025-03-20 17:13:57,17,3,False
050db346-8dac-4b2d-b8c0-c4d8974d867f,CUS-00136,96976.76,pos,Abuja FCT,Gwagwalada,8489629970648402,2025-03-20 17:15:42,17,3,False
51595151-aa25-420f-b448-31ae9f3e8046,CUS-00937,2455.01,bank_transfer,Taraba,Taraba-Central,db6c0c9551210daa,2025-03-20 17:25:57,17,3,False
0c4edc4e-d430-4d87-a064-863006a768b4,CUS-01823,4184.71,pos,Abia,Abia-Central,7549cb46f8c38da9,2025-03-20 17:31:44,17,3,False
f4ca197f-ddcd-4474-8a32-48decf104b09,CUS-01023,14373.77,pos,Bayelsa,Bayelsa-Central,a70b1b3ef8b2136c,2025-03-20 17:34:25,17,3,False
d9cd5210-fd5b-4f3e-a481-ed3af0af13fc,CUS-00554,30274.93,pos,Kebbi,Kebbi-Central,899bca59a4169d29,2025-03-20 17:46:39,17,3,False
0dcc3894-1f24-4798-85c6-a609443f7534,CUS-01576,153.67,pos,Lagos,Surulere,7bae466cfc2d3e32,2025-03-20 17:56:56,17,3,False
e45f6add-4496-4377-bde4-06da13c5d396,CUS-00161,33399.48,ussd,Enugu,Enugu East,60cf3886193024a7,2025-03-20 17:58:09,17,3,False
6d0fcd39-1dfd-4baa-ac00-1553a8b3fd85,CUS-01925,94.59,pos,Lagos,Surulere,8723c44e85b37773,2025-03-20 17:59:19,17,3,False
a5acc30f-23bd-4d2e-bb76-aa26748a657a,CUS-01968,2785.51,bank_transfer,Kano,Gwale,5bf0380f23ab981e,2025-03-20 17:59:24,17,3,False
3cf9fa9c-a3a4-404d-8b9e-7d3d53aed960,CUS-00878,14025.75,bank_transfer,Lagos,Ikorodu,fe7bc21e8a9162fe,2025-03-20 18:00:00,18,3,True
6b207b5c-9f73-4ee3-8e47-abb434b19ec8,CUS-01903,848209.48,pos,Lagos,Ikorodu,c66db09d52261777,2025-03-20 18:04:01,18,3,False
0b1694f4-10a2-4e0d-986b-64a5386a35a5,CUS-00461,4928.94,mobile_money,Delta,Uvwie,981e3f54a7831fcb,2025-03-20 18:09:00,18,3,True
7954465b-52ca-402e-b18d-8a03c7f563cf,CUS-00302,493.67,bank_transfer,Oyo,Oyo East,b8478804cb2a0e1b,2025-03-20 18:12:49,18,3,False
aa8657d1-c9ad-4adc-a659-3e06e8f3d731,CUS-01381,4007.14,bank_transfer,Rivers,Eleme,f4b4ef6860ca96ae,2025-03-20 18:16:03,18,3,False
dfa87aef-91bf-486b-9fb7-c5dfeba13f74,CUS-00878,82603.02,bank_transfer,Sokoto,Sokoto-Central,fe7bc21e8a9162fe,2025-03-20 18:17:00,18,3,True
64302906-c9d0-4a08-98c1-b0234449ac64,CUS-00875,2941.72,bank_transfer,Lagos,Alimosho,72e07687895ad0c6,2025-03-20 18:20:59,18,3,False
76315fc9-67f1-42d5-b286-35d38e9ed42e,CUS-00334,389.16,pos,Lagos,Ikeja,426819f1bc1bcfec,2025-03-20 18:28:14,18,3,False
0143a54c-84a1-4985-b5fd-841c074d342f,CUS-01574,285.54,ussd,Lagos,Mushin,63f248344992f732,2025-03-20 18:30:51,18,3,False
3c36897b-0a39-4457-8f96-7183b56656dc,CUS-01793,52890.55,pos,Anambra,Nnewi North,3960fe077f66e564,2025-03-20 18:34:00,18,3,True
ea4def7a-0736-46ef-a62a-7c5e14f200aa,CUS-00422,46609.19,bank_transfer,Lagos,Lagos Mainland,ed6303f978217ba5,2025-03-20 18:34:00,18,3,True
49d381e4-f02b-41bf-bdad-084fa0462c28,CUS-01114,239.69,pos,Kaduna,Kaduna North,45d724ddfa9237fe,2025-03-20 18:42:45,18,3,False
7e23eac6-8882-4ff3-9530-8eb92c4eedac,CUS-00790,530725.36,mobile_money,Lagos,Alimosho,b15e711fa28274c0,2025-03-20 18:46:41,18,3,False
67cd9ae4-c98d-407e-9e83-255e1c214ae4,CUS-00297,49155.37,pos,Lagos,Ikeja,71796c290ad9637f,2025-03-20 18:52:29,18,3,False
82a9cafb-306e-4be8-976b-7791d104b096,CUS-00772,419.39,mobile_money,Lagos,Surulere,369e9e81cb9400c3,2025-03-20 18:52:44,18,3,False
b810af56-18f6-46ba-8f30-38ca0ab4ef25,CUS-01096,6502.34,card,Lagos,Alimosho,41d538220b50c361,2025-03-20 19:02:27,19,3,False
5ff90a91-1016-43b8-81ae-982437b4d34c,CUS-00818,22199.18,mobile_money,Lagos,Agege,a0e552c4d081ee3c,2025-03-20 19:12:23,19,3,False
a0ff50bd-964c-4cdd-b24e-ee40464cdca8,CUS-01615,3434.06,pos,Anambra,Awka South,7910d927cbcddaeb,2025-03-20 19:19:29,19,3,False
d1dbba03-eddc-4d1f-9c3f-553cd6f3027e,CUS-01099,94397.57,pos,Kano,Dala,2b981b38772e1c60,2025-03-20 19:20:01,19,3,False
085b5543-2b38-46d3-b54b-5e0300906920,CUS-00542,4367.04,mobile_money,Lagos,Oshodi-Isolo,bc51b7448e92413f,2025-03-20 19:33:35,19,3,False
3ea550e8-3b42-4738-b815-8b55fe597ef7,CUS-01897,476.34,mobile_money,Lagos,Agege,e94888cd3a69e633,2025-03-20 19:33:48,19,3,False
6eac22d8-16f3-4b48-8e1e-44e9d0906881,CUS-00461,434.72,pos,Delta,Uvwie,981e3f54a7831fcb,2025-03-20 19:50:00,19,3,True
f5c49b96-9f7b-43f2-8c4d-7c898d774a6b,CUS-00505,54146.25,pos,Lagos,Kosofe,d355a859cfb7d778,2025-03-20 19:57:18,19,3,False
08fde18b-e076-4f9c-8c7c-bf1349e8729b,CUS-00155,4348.46,pos,Lagos,Surulere,aa41351d7606065f,2025-03-20 20:01:08,20,3,False
6ac90f93-8f5d-4957-af22-cdfdc071a0bf,CUS-01213,469.82,mobile_money,Imo,Imo-Central,762447a64e707775,2025-03-20 20:02:30,20,3,False
a93bfa9b-e827-4183-8c58-45bc2e3d4a77,CUS-01793,4282.97,pos,Anambra,Onitsha North,3960fe077f66e564,2025-03-20 20:08:00,20,3,True
0ba59fed-0ad0-4bb7-8e39-4f04dacc7b5f,CUS-01261,2268.63,mobile_money,Imo,Imo-Central,d70bafe3ceb6d5ee,2025-03-20 20:10:45,20,3,False
6d8835f1-2e61-4b5c-8ba6-631758f6cb7a,CUS-00773,392.61,bank_transfer,Rivers,Oyigbo,bf57dfc7ac1d19b3,2025-03-20 20:12:43,20,3,False
f55b3fad-fabc-46fe-a6e4-4771d55be099,CUS-01734,344.85,pos,Lagos,Ikorodu,280dbfa5463b5bb0,2025-03-20 20:18:56,20,3,False
e5fe1ac1-7e2c-42fe-bea3-0862fc296538,CUS-01378,991345.76,pos,Kano,Nassarawa,9b8e99a87eb4e70c,2025-03-20 20:19:16,20,3,False
68ff75e0-7b61-4ee3-a882-c5f058868740,CUS-01793,189.56,pos,Anambra,Nnewi North,3960fe077f66e564,2025-03-20 20:20:00,20,3,True
a92f71a0-cd03-4901-9b78-f2546ed495e6,CUS-01289,388289.56,bank_transfer,Lagos,Mushin,071f24dd723ca26b,2025-03-20 20:24:00,20,3,True
827ab151-ea92-4d2f-b281-160e9b5628c9,CUS-01050,145.35,pos,Kebbi,Kebbi-Central,457ca2d963b3ad8c,2025-03-20 20:25:41,20,3,False
2a47ecc9-9658-46bf-ae67-ac138f1e4b9e,CUS-01787,45166.46,bank_transfer,Kaduna,Zaria,d28e308dde8dbfd0,2025-03-20 20:27:44,20,3,False
3dd8a32c-3968-4ce5-a3bd-a59bf2d61a4b,CUS-00113,778.1,ussd,Benue,Benue-Central,7424f512c08e218e,2025-03-20 20:32:10,20,3,False
af00a4a1-f870-40de-a816-8938f53f7e1b,CUS-01635,71308.82,bank_transfer,Lagos,Kosofe,4c2cbdd8ab6f3b4a,2025-03-20 20:50:46,20,3,False
7faeb16a-c2cd-4eec-af90-dc0966270d44,CUS-01456,495.45,pos,Anambra,Nnewi North,2ae0abcfd03562bf,2025-03-20 20:52:43,20,3,False
0a409914-146b-485c-a1cc-4cec587fa742,CUS-01793,420.46,bank_transfer,Anambra,Awka South,3960fe077f66e564,2025-03-20 21:01:00,21,3,True
9a7d71a4-cfd0-416f-9589-761d83eb5374,CUS-00947,72920.41,bank_transfer,Nassarawa,Nassarawa-Central,16f02fc59c758e76,2025-03-20 21:05:38,21,3,False
1e6ee473-8a57-4ef0-9c33-bc3d4cb8eda8,CUS-00422,384.36,bank_transfer,Lagos,Ikorodu,ed6303f978217ba5,2025-03-20 21:07:00,21,3,True
224b7607-de39-43c7-8a56-eed545be6f85,CUS-01870,1258.66,bank_transfer,Plateau,Plateau-Central,6959ad905098cedc,2025-03-20 21:13:09,21,3,False
fbd658de-ef8f-414d-bdcc-d8e5ff93d3bb,CUS-01691,248547.85,bank_transfer,Abuja FCT,Gwagwalada,cc9d0719ab0013e9,2025-03-20 21:23:08,21,3,False
7297876c-128d-4ed4-839e-840f86a3cff4,CUS-01186,2973.21,pos,Anambra,Awka South,6289ff269db8f2ac,2025-03-20 21:26:25,21,3,False
61fbd163-eed1-4b3f-95ee-2b791fd18a5e,CUS-00617,2933.68,pos,Kano,Fagge,9be78ff896a57226,2025-03-20 21:28:19,21,3,False
356bfe32-f4f6-4ec3-a857-4203a7357f46,CUS-00828,297.69,bank_transfer,Osun,Osun-Central,9a1f4e8803f68e25,2025-03-20 21:32:51,21,3,False
23b3b94c-115d-4191-bd0d-f6a772fe7b7f,CUS-00461,1278.2,bank_transfer,Delta,Uvwie,981e3f54a7831fcb,2025-03-20 21:34:00,21,3,True
aa2e5235-2d89-484f-803b-22123be26aee,CUS-01650,134.84,pos,Lagos,Oshodi-Isolo,66eb0412e92729a3,2025-03-20 21:34:15,21,3,False
ad643001-876a-43dd-9114-48dead616f47,CUS-00507,84762.52,bank_transfer,Plateau,Plateau-Central,f0f00c7123d03468,2025-03-20 21:36:11,21,3,False
14174959-55b0-4232-ba65-e4a6ee4d6156,CUS-00151,178.33,pos,Lagos,Alimosho,2bf14b665bcd3a89,2025-03-20 21:42:07,21,3,False
2b422cc8-5367-4b42-a138-1ddd9fd16106,CUS-01793,2474.55,mobile_money,Anambra,Onitsha North,3960fe077f66e564,2025-03-20 21:44:00,21,3,True
0fe62989-b9f2-4293-9a71-8b10f0103fbd,CUS-01793,795155.27,mobile_money,Anambra,Onitsha North,3960fe077f66e564,2025-03-20 21:47:00,21,3,True
4d43a71b-0932-451e-a432-389242bbbfa8,CUS-01375,877988.45,mobile_money,Zamfara,Zamfara-Central,0bc8442031e8871c,2025-03-20 21:51:43,21,3,False
cdb4e915-1873-4c24-a5f7-bccae40c869b,CUS-01793,4776.71,bank_transfer,Anambra,Awka South,3960fe077f66e564,2025-03-20 21:52:00,21,3,True
95c23dc2-9382-44c5-85ff-4fd4c00749bb,CUS-00586,65279.47,pos,Lagos,Ikeja,fd16b5ef53f118f3,2025-03-20 21:53:32,21,3,False
edbec821-6111-4f1d-a284-26b0ea692c01,CUS-01793,89689.52,mobile_money,Anambra,Nnewi North,3960fe077f66e564,2025-03-20 21:55:00,21,3,True
c4e99096-c17e-4413-a62e-047f736026cd,CUS-00422,7578.37,bank_transfer,Lagos,Lagos Mainland,ed6303f978217ba5,2025-03-20 22:01:00,22,3,True
385ac113-4ea6-4537-ad01-1be32bc51118,CUS-00461,162137.69,bank_transfer,Delta,Uvwie,981e3f54a7831fcb,2025-03-20 22:37:00,22,3,True
3c988f8a-209a-4875-8bfc-26ac0d4576fb,CUS-00461,506.28,bank_transfer,Delta,Oshimili South,981e3f54a7831fcb,2025-03-20 22:57:00,22,3,True
7e54b14b-305e-4459-bb89-8e2536faba58,CUS-01626,1879.12,pos,Lagos,Eti-Osa,cacac985ee6dde77,2025-03-20 23:16:44,23,3,False
a42615e9-354c-48c3-a26c-b42fe2ceb5b4,CUS-01742,434.77,mobile_money,Kwara,Kwara-Central,d2a3e6ca8f72aef1,2025-03-21 01:09:02,1,4,False
1e726e41-7276-4530-8796-234bd91f42c9,CUS-00378,678310.84,bank_transfer,Benue,Benue-Central,b91ad10a40c22ad6,2025-03-21 03:09:00,3,4,True
965ba6f2-b0e9-48e3-96e9-ad49026c36a4,CUS-01129,876492.71,bank_transfer,Kano,Nassarawa,3cb9a5c73af5a620,2025-03-21 04:46:00,4,4,True
9870e72a-14b6-46c0-8f84-fd1fa881677a,CUS-01717,567145.63,bank_transfer,Edo,Ikpoba-Okha,22ed1abc7ef41eb3,2025-03-21 05:52:00,5,4,True
39f335e6-9482-4e17-ae6d-2560d5c84288,CUS-01670,3929.05,pos,Rivers,Port-Harcourt,c21817c50f2234d3,2025-03-21 06:13:41,6,4,False
2a3800ce-d03e-4135-bd5a-1b3353201953,CUS-00094,49731.9,pos,Abia,Abia-Central,2042e9881324c986,2025-03-21 06:29:10,6,4,False
9b07bc8c-cbab-461c-8fe1-2edd1a885aad,CUS-00950,54935.03,mobile_money,Kaduna,Zaria,7660a9858ed161d4,2025-03-21 07:00:00,7,4,False
3a1ceb05-ef77-46a0-8689-2fb5cd06b2c1,CUS-01689,3085.38,pos,Kwara,Kwara-Central,db07aa24ceea0121,2025-03-21 07:10:06,7,4,False
42fde4e7-9428-4376-b3d4-ebb120b9005b,CUS-00094,3198.63,pos,Abia,Abia-Central,2042e9881324c986,2025-03-21 08:31:20,8,4,False
cb89ca1c-4c2e-4a70-bd98-ac2b11a91225,CUS-00602,299.21,mobile_money,Lagos,Ikorodu,2f63c3ceec0cd786,2025-03-21 09:10:05,9,4,False
844c75be-da1d-4fac-b41f-9e01d4d88b78,CUS-01232,80584.13,pos,Lagos,Ikorodu,3bdc663f1724f3e8,2025-03-21 09:12:48,9,4,False
537bbdc0-0af0-4e63-9296-acf49496ee36,CUS-00095,109.23,mobile_money,Abuja FCT,Kuje,153f2c240b7102b6,2025-03-21 09:15:30,9,4,False
b880ec7b-4be5-4348-a7d1-6f339bc05eb9,CUS-01743,1163.05,pos,Lagos,Lagos Mainland,d5589e4b86f19561,2025-03-21 09:15:32,9,4,False
0a498641-71aa-45c3-8daf-45af5ea08995,CUS-01178,809224.68,mobile_money,Kwara,Kwara-Central,94f90507e81b387e,2025-03-21 09:16:21,9,4,False
80030972-e2ff-4b7f-96b9-85455ecef4dc,CUS-00992,211.47,mobile_money,Kano,Fagge,9efb5fcc24e336a3,2025-03-21 09:25:05,9,4,False
fca9a080-c129-41c9-9067-643c662c5d64,CUS-01051,470292.06,bank_transfer,Oyo,Oyo East,2c2c9380a4d6a434,2025-03-21 09:27:43,9,4,False
fffa29e5-fe65-4bcd-bef3-0e38038bfe86,CUS-00931,3663.97,mobile_money,Bauchi,Bauchi-Central,378d1c4e280df576,2025-03-21 09:35:32,9,4,False
7f48c3ec-f438-45ce-8242-2501c7095213,CUS-01686,3032.9,ussd,Adamawa,Adamawa-Central,7628d342554142c5,2025-03-21 09:40:11,9,4,False
81233d1e-04e5-491c-91f3-8830f9dd78f2,CUS-01474,48151.76,mobile_money,Kano,Nassarawa,9f74e67babbc18cb,2025-03-21 09:41:23,9,4,False
e47717a4-3644-468e-9e32-09c749046aff,CUS-01642,3940.32,bank_transfer,Abuja FCT,Municipal,d02d3de6b21344b6,2025-03-21 09:48:56,9,4,False
e26ebded-29b0-4891-bc4b-5c0ced40d46b,CUS-00181,255840.32,bank_transfer,Lagos,Surulere,8cf06c883a82ee80,2025-03-21 10:04:47,10,4,False
c8e9a1fe-e34a-4a6b-8df2-9a533a99ff6a,CUS-01155,391.02,ussd,Osun,Osun-Central,4206908d01944652,2025-03-21 10:09:29,10,4,False
53f8a39d-5880-490c-a45f-4aa42e8de49c,CUS-00053,36251.37,ussd,Nassarawa,Nassarawa-Central,a61dd7c00eb08ac9,2025-03-21 10:12:55,10,4,False
3f236da3-b180-44ab-b7dd-e3d86f5ca9de,CUS-00656,3774.38,mobile_money,Kano,Gwale,52c7f8207abbb9c3,2025-03-21 10:12:59,10,4,False
e684150a-7825-40a5-9393-890a9b942905,CUS-01668,32472.68,pos,Lagos,Alimosho,b9c57314348e2c32,2025-03-21 10:22:39,10,4,False
a33dc7b0-2d88-4a92-b34d-4b0b800d2e02,CUS-01334,51756.16,pos,Ebonyi,Ebonyi-Central,e0982791e49f6f96,2025-03-21 10:31:23,10,4,False
917cfd41-a733-4c6a-a341-940d342e2448,CUS-01766,519.24,mobile_money,Osun,Osun-Central,95b4edf9a9a1eb6f,2025-03-21 10:42:48,10,4,False
0874678d-89af-4b4f-b61e-b7628c4887d7,CUS-00714,5873.51,pos,Kano,Fagge,223a8e3d7a6f6005,2025-03-21 10:44:56,10,4,False
7a569d41-c304-4e91-baec-917ebeda7c2b,CUS-00027,142.23,card,Abuja FCT,Gwagwalada,8234c83e56e9f1ff,2025-03-21 10:48:37,10,4,False
f4524145-57ea-46cc-a135-f1f3a405fe94,CUS-01776,154.78,card,Anambra,Onitsha North,7c36fdafee67b187,2025-03-21 10:49:16,10,4,False
fef3aded-793c-47d0-a0d7-73096f1926a7,CUS-00539,12721.65,mobile_money,Lagos,Ikeja,3d80c520256de784,2025-03-21 10:51:35,10,4,False
dbb633b4-a630-4b35-a2f2-7673e3b5a5f5,CUS-01548,388.31,pos,Lagos,Alimosho,4c6c2fda7eb08019,2025-03-21 11:02:55,11,4,False
838fcedc-faee-47ac-98ee-85370a51f443,CUS-01298,486.7,pos,Enugu,Nsukka,8316a52fadfdb58f,2025-03-21 11:06:51,11,4,False
533f6269-a0e5-40e2-8f93-a5fdf7be2f18,CUS-01241,243550.0,bank_transfer,Abia,Abia-Central,6a842683f72bdf4b,2025-03-21 11:07:07,11,4,False
a51808c7-cd8b-4e10-a572-ad7e44a70733,CUS-00265,757.74,bank_transfer,Osun,Osun-Central,e564db3fcad1cad8,2025-03-21 11:08:12,11,4,False
2f5671df-00c6-4d92-83ce-32a501ecfc12,CUS-01453,224.2,pos,Oyo,Ibadan North,fee6248a5b22adcf,2025-03-21 11:17:32,11,4,False
6fa1d6e5-ae2b-40c2-af2d-3bb2d937d383,CUS-00971,99349.64,pos,Gombe,Gombe-Central,e4a1203b447eeb72,2025-03-21 11:22:41,11,4,False
34f7055f-54c9-40b9-ade2-785d9ef34b3c,CUS-01689,4130.09,pos,Kwara,Kwara-Central,db07aa24ceea0121,2025-03-21 11:39:37,11,4,False
18fe387b-8f6e-4187-b870-25dbb941eaa2,CUS-01123,3325.93,bank_transfer,Benue,Benue-Central,fb699ebe9e952918,2025-03-21 11:50:56,11,4,False
a83c75fc-7419-4657-8d85-8c945b78fd04,CUS-01546,257.3,pos,Benue,Benue-Central,07f4f42f28f9e9cc,2025-03-21 11:57:15,11,4,False
e1236400-8e6a-4948-a1e3-e423e7206304,CUS-01008,71361.33,mobile_money,Lagos,Oshodi-Isolo,51cb3537699b145a,2025-03-21 12:00:40,12,4,False
fa43e1b1-84b3-4baf-80ef-052fb35e2eab,CUS-01774,38753.85,mobile_money,Imo,Imo-Central,4416a81ac3c26ad7,2025-03-21 12:01:20,12,4,False
4684df7a-0a76-4fc1-934e-747f23c34218,CUS-01283,1734.86,ussd,Lagos,Surulere,c5bbd7ccda625b32,2025-03-21 12:01:45,12,4,False
0564a574-7dbd-4161-81d2-1f65dc816451,CUS-00027,1477.02,card,Abuja FCT,Bwari,8234c83e56e9f1ff,2025-03-21 12:01:48,12,4,False
d31d4e21-fb16-4c62-ba87-450274c04cef,CUS-01554,52858.67,mobile_money,Lagos,Ikeja,10db96157a1db4c7,2025-03-21 12:01:48,12,4,False
9456b143-6a58-4c5b-aff1-41dde22cb99e,CUS-01645,266695.43,bank_transfer,Kwara,Kwara-Central,28718c1a00f4bf11,2025-03-21 12:15:00,12,4,True
8026262a-8fcb-44ad-814a-470feeb3dc8e,CUS-01741,98.54,bank_transfer,Ondo,Ondo-Central,dc9d7491b3c3e3a0,2025-03-21 12:31:59,12,4,False
6d480729-c5fb-4b7e-98a7-a373f03055d5,CUS-00930,3879.38,bank_transfer,Lagos,Oshodi-Isolo,74c22ecde730501a,2025-03-21 12:34:44,12,4,False
088b887d-544b-4e01-b294-a5b8b2be70c0,CUS-00562,37059.94,pos,Lagos,Ikorodu,5638a1f9b6523012,2025-03-21 12:53:46,12,4,False
e5ae647b-2dd1-491a-8d33-a26140fed114,CUS-00815,55236.7,mobile_money,Abuja FCT,Bwari,d2f4401bf27e1f0b,2025-03-21 12:59:25,12,4,False
498650b8-dbfc-4a36-922c-206a468522fa,CUS-01679,89629.05,pos,Edo,Ikpoba-Okha,b43b902fdfc612ca,2025-03-21 13:01:53,13,4,False
7ba4dd08-0798-4bb7-a3f9-452b5b80e524,CUS-00445,65340.26,pos,Jigawa,Jigawa-Central,76846c6ed170527d,2025-03-21 13:32:48,13,4,False
caffbfc4-fce3-4c29-ba6a-6757ca40d687,CUS-01210,85002.2,pos,Rivers,Oyigbo,0e27aca8e7040c91,2025-03-21 13:40:34,13,4,False
fdd1750a-05ea-4a85-b65a-14a1b8a8d360,CUS-01546,136.76,pos,Benue,Benue-Central,07f4f42f28f9e9cc,2025-03-21 13:44:08,13,4,False
ab6a409d-ae7b-4870-ba6d-25672120400f,CUS-00721,38090.44,mobile_money,Lagos,Mushin,d0dc71258440f880,2025-03-21 13:48:15,13,4,False
64c67d9f-5beb-47d2-8b7e-11132ebf3e1a,CUS-00142,1155.04,card,Abuja FCT,Kuje,105188bd14032836,2025-03-21 13:48:44,13,4,False
c476c01b-d149-45df-8cea-f51b9523f56c,CUS-01098,69933.14,pos,Abia,Abia-Central,311eb4d69dc7f861,2025-03-21 13:49:59,13,4,False
9fc5ade8-094e-4bff-8044-266318725177,CUS-00749,1032.55,mobile_money,Enugu,Enugu East,fa2e8b2d3d307798,2025-03-21 13:51:41,13,4,False
b6bc492d-ce55-4020-920e-05701783ca64,CUS-00750,80843.41,pos,Lagos,Alimosho,5d8a76c1b104c89c,2025-03-21 13:58:23,13,4,False
ef302b37-e468-4556-9871-3821d9b7ba08,CUS-00551,296.51,pos,Sokoto,Sokoto-Central,c0cf8f2ba3b42f8e,2025-03-21 14:15:44,14,4,False
2cb3e501-06d5-47cf-93cb-7c4ee98bf1bd,CUS-01971,4778.51,bank_transfer,Bauchi,Bauchi-Central,f55c7da2f7e80843,2025-03-21 14:22:05,14,4,False
c135f667-339a-4c22-9a17-dcebd8c24bb7,CUS-00885,456931.52,ussd,Lagos,Alimosho,86545590e89568a7,2025-03-21 14:30:13,14,4,False
db9677c6-3b2d-4941-9719-a52fbae4e6c2,CUS-00028,5236.03,pos,Kaduna,Zaria,597d94128f41095a,2025-03-21 14:35:51,14,4,False
f78d8b83-2a9b-475b-9940-fa3e92beb913,CUS-01720,1068.74,mobile_money,Lagos,Kosofe,d367b754b9943828,2025-03-21 14:41:18,14,4,False
d52fe727-367d-485c-9665-19f816e9087a,CUS-01112,1411.97,mobile_money,Lagos,Kosofe,b4f1235d82904da6,2025-03-21 14:50:28,14,4,False
57a768e8-794d-40ed-91bc-fbd1b6bf500d,CUS-00218,741769.21,bank_transfer,Delta,Oshimili South,24abeb697c977db0,2025-03-21 14:53:59,14,4,False
d876e52b-6eec-4e65-8a54-1259d75fd2c0,CUS-01511,41231.23,pos,Ondo,Ondo-Central,feb703ea6117aadb,2025-03-21 14:59:28,14,4,False
20a48e26-b625-44ba-bc6b-5687be0fbbde,CUS-01991,443.3,pos,Lagos,Ikeja,abb9607a0f5b6000,2025-03-21 15:01:31,15,4,False
1fed9b2f-37ea-42fb-a2f7-d714dd72c2b8,CUS-00522,623.6,pos,Bayelsa,Bayelsa-Central,8359329b6dadc065,2025-03-21 15:18:24,15,4,False
b1b20ee8-f0fc-4ff7-9713-ec98f6d7a87d,CUS-01005,64602.21,mobile_money,Delta,Warri South,dbe7ce2edc6a7b4d,2025-03-21 15:20:20,15,4,False
954e3373-6964-41ef-a819-fd301c5c2aa8,CUS-00466,68621.25,pos,Kano,Nassarawa,5ed9a67b0307bf3e,2025-03-21 15:22:31,15,4,False
860ae19d-1429-4175-b85c-c4acfa0a90b7,CUS-01621,601192.53,pos,Lagos,Agege,8647eebdaf46fec5,2025-03-21 15:23:33,15,4,False
1f5ea5f4-eb5b-4015-98dd-e2c33bda2972,CUS-00328,2807.97,bank_transfer,Rivers,Port-Harcourt,c6ea48448e01a500,2025-03-21 15:24:25,15,4,False
28895598-ac6a-44f1-a88a-c80fca10dae7,CUS-00005,3696.85,mobile_money,Lagos,Mushin,690985c0ae071827,2025-03-21 15:26:04,15,4,False
c17e05bb-9eb0-4697-9e4a-c0f042e78e91,CUS-01013,1199.04,pos,Lagos,Ikeja,85964e557da03c0d,2025-03-21 15:26:13,15,4,False
3fea2c99-292f-4487-9c4f-87d4718f3474,CUS-01079,190.0,pos,Katsina,Katsina-Central,3e3041f5201f24c0,2025-03-21 15:47:15,15,4,False
bb472805-9f04-4f91-b24e-6272190c5ac3,CUS-00996,24663.7,pos,Taraba,Taraba-Central,7a9b7dbe88f4f124,2025-03-21 15:50:00,15,4,False
cc428d12-56b6-49bf-948d-358ccc105e6f,CUS-00472,83939.78,ussd,Lagos,Alimosho,56988587362d6b60,2025-03-21 15:50:10,15,4,False
3957df1f-cd4b-4531-8caf-905df7b92ccc,CUS-01041,2201.17,card,Imo,Imo-Central,e8b1e78dda5fdc05,2025-03-21 15:50:35,15,4,False
a50d7479-0200-4a8a-b592-a33246c3837c,CUS-01782,2579.38,pos,Oyo,Ibadan South-West,5a12a23810b5b458,2025-03-21 16:00:00,16,4,True
240b2356-72b6-4159-a81c-f27fd7a2bbc4,CUS-01697,490.32,mobile_money,Lagos,Kosofe,020d925fc173441f,2025-03-21 16:14:30,16,4,False
4fe129cf-32c2-4312-b5e1-566d30c49f04,CUS-00848,786500.8,bank_transfer,Abuja FCT,Gwagwalada,b8495cc2e07bf6b9,2025-03-21 16:16:59,16,4,False
f7ef3804-8add-4470-b796-11087563d1ac,CUS-01782,82038.72,mobile_money,Adamawa,Adamawa-Central,5a12a23810b5b458,2025-03-21 16:18:00,16,4,True
f4075ffe-0dfd-4a48-ac82-725d6202937f,CUS-00251,3035.98,ussd,Rivers,Eleme,07442ae1baeabdbf,2025-03-21 16:29:29,16,4,False
6c245350-db8d-468b-b71b-9070272d6432,CUS-01923,2640.72,pos,Kano,Nassarawa,19a94d961a7b33d9,2025-03-21 16:32:43,16,4,False
75bf61a1-bad8-4be1-afcb-3560fa7ee007,CUS-00327,216.48,pos,Kaduna,Kaduna South,83677903174a360f,2025-03-21 16:35:34,16,4,False
e1bb01d1-a99c-47b1-aede-05524acba313,CUS-01516,3425.96,pos,Delta,Oshimili South,a32bab6da33eca58,2025-03-21 16:36:05,16,4,False
1758b67e-c95b-45b2-b353-272e490629af,CUS-01543,3373.69,ussd,Lagos,Agege,3a0152b6fe236ef4,2025-03-21 16:38:51,16,4,False
7c0244f3-d61a-44c6-b91b-3a879b02eefc,CUS-00676,1541.07,pos,Lagos,Kosofe,57e05c0116363981,2025-03-21 16:43:56,16,4,False
2a4b3707-806a-4f5e-8d70-ff107b364fbf,CUS-00426,257.77,pos,Abuja FCT,Kuje,a6c9458cb98726fc,2025-03-21 16:50:21,16,4,False
845e0b8c-ab6a-44e1-8a85-acd42c42e571,CUS-00667,812.58,mobile_money,Lagos,Ikeja,253d8a4c18d46c1e,2025-03-21 16:50:43,16,4,False
9eb05b14-2dae-4547-9c69-1579ce855dd9,CUS-00232,1881.02,bank_transfer,Oyo,Oyo East,ea03ae9c877f8c0b,2025-03-21 17:01:30,17,4,False
43ab42cc-9ff0-4c0c-b195-b11bf569b9a1,CUS-01476,1190.47,card,Benue,Benue-Central,034bbe47deb0873c,2025-03-21 17:02:25,17,4,False
8e043339-bd29-4341-8f1e-3f1344a1e721,CUS-00906,127.1,card,Plateau,Plateau-Central,98117148c7a5e4fa,2025-03-21 17:22:03,17,4,False
b115b2a6-72d6-4cf6-9454-66190ca11b6c,CUS-01228,52806.63,pos,Ekiti,Ekiti-Central,79b3d8855aaa997b,2025-03-21 17:24:37,17,4,False
b2a8246c-69c4-4a5a-8ae4-55b02df52ed2,CUS-00097,1838.3,bank_transfer,Rivers,Eleme,b6d43539671f700f,2025-03-21 17:31:37,17,4,False
2fdb14ea-0db4-4860-93b1-99e4027b9f13,CUS-00103,3350.88,mobile_money,Abuja FCT,Municipal,f6171ccce20fcaeb,2025-03-21 17:36:52,17,4,False
dc5f5493-c682-4894-ae35-2ded78581d83,CUS-01161,743.51,pos,Lagos,Lagos Mainland,eae646070bb9b5a8,2025-03-21 17:44:09,17,4,False
9d024813-9b42-41f3-a070-f00699b0780e,CUS-01743,1422.73,pos,Lagos,Oshodi-Isolo,d5589e4b86f19561,2025-03-21 18:01:32,18,4,False
cf91a457-a312-43eb-b04b-6df1c27839f4,CUS-00803,2030.77,pos,Kaduna,Kaduna South,1aaac49944c6a235,2025-03-21 18:06:47,18,4,False
828f034f-45ba-4443-81f6-6c1dd2437c34,CUS-00836,185233.95,card,Taraba,Taraba-Central,ba636c1a13a3a541,2025-03-21 18:39:51,18,4,False
fad1989e-e075-4e8a-85c8-5e2ebf419f30,CUS-01994,263.15,bank_transfer,Osun,Osun-Central,24889af499de1e57,2025-03-21 18:47:32,18,4,False
7981af4b-a13b-44e9-9b52-65233d0a1e6f,CUS-00561,233.65,mobile_money,Lagos,Alimosho,6b64c305fff4b7c1,2025-03-21 18:54:27,18,4,False
01319541-10b9-42a3-a0de-d684a225a04f,CUS-00348,715893.73,bank_transfer,Rivers,Port-Harcourt,a772237ddffddff3,2025-03-21 19:11:35,19,4,False
11336d80-4a99-4aa2-bc11-444ba8aaa5ad,CUS-00916,206.4,mobile_money,Kano,Kumbotso,5bd822755a40195e,2025-03-21 19:19:48,19,4,False
996483ca-df2d-4122-b440-faba4ddb3ff7,CUS-00688,70086.59,bank_transfer,Kwara,Kwara-Central,06ec4d841c47e02c,2025-03-21 19:20:51,19,4,False
3325748c-4a31-4630-a136-789cc2ed0192,CUS-01684,3644.89,mobile_money,Lagos,Ikorodu,c502b63d2b4acfae,2025-03-21 19:38:55,19,4,False
46a9015c-36b0-44ed-a78f-79a2427f32ef,CUS-00458,28169.19,bank_transfer,Lagos,Agege,a9c04aa00827864e,2025-03-21 19:39:39,19,4,False
8a24bf16-4652-4c66-9534-c48be1038529,CUS-00540,51670.78,mobile_money,Katsina,Katsina-Central,eff3c0ac9d23a694,2025-03-21 19:40:53,19,4,False
33b1becc-b336-45d1-a721-66c3279faeb5,CUS-00375,4888.38,pos,Kano,Fagge,83cdeb9a127a29d9,2025-03-21 19:56:26,19,4,False
1f0b4f81-0562-4bc0-b828-9363b3efc453,CUS-01951,94285.02,pos,Lagos,Agege,ff96fe42ef3de0ae,2025-03-21 20:16:30,20,4,False
828a136d-5d19-47b5-a60b-9aada28e8160,CUS-01232,50178.08,pos,Lagos,Kosofe,3bdc663f1724f3e8,2025-03-21 20:16:34,20,4,False
544103ce-3d53-42d4-a3d3-965ec24635a1,CUS-01385,357.66,ussd,Kano,Kumbotso,14dc1e3604a87504,2025-03-21 20:22:53,20,4,False
1dbf405e-a83f-4709-a28c-15f85876162e,CUS-01651,17339.69,pos,Kano,Gwale,396043149ea8b2e6,2025-03-21 20:29:43,20,4,False
ff9746b7-4a33-4a2b-9d21-12513d99b776,CUS-01905,160.29,bank_transfer,Lagos,Eti-Osa,63c9a98938fd6b95,2025-03-21 20:30:35,20,4,False
a1d934c4-f6d5-4dee-aa16-55c50611e5fd,CUS-00039,3825.73,pos,Rivers,Eleme,6a7f7ee1f5a1712f,2025-03-21 20:36:14,20,4,False
512cb346-bc46-487e-89e0-bf1627c5cb8d,CUS-01263,612261.64,pos,Abuja FCT,Kuje,a2d63acc0293b2db,2025-03-21 20:37:52,20,4,False
00ca7bf1-2d94-4758-b629-11a3d1ea0767,CUS-01268,326.69,bank_transfer,Kaduna,Kaduna South,65173508ca2600a2,2025-03-21 20:44:33,20,4,False
f3a83bef-5ae1-41e9-8e72-f6b2ccd9e745,CUS-01071,464.32,bank_transfer,Lagos,Eti-Osa,2c2aba826c5a47ac,2025-03-21 20:54:06,20,4,False
ef87ded9-f34b-4ea3-b66c-1da32e7452d4,CUS-01065,450.96,pos,Osun,Osun-Central,7c139577ee7fabac,2025-03-21 21:12:26,21,4,False
28ca9446-806b-48ad-a24b-394400c24c18,CUS-00271,28575.66,pos,Benue,Benue-Central,1ed4881d016ff524,2025-03-21 21:22:55,21,4,False
ad163fca-f79d-46e3-85d8-6f1b67cebfe9,CUS-00376,72838.51,bank_transfer,Borno,Borno-Central,30d2cce2a11ef3e3,2025-03-21 21:25:21,21,4,False
23832516-40cb-478c-ad90-39f9319bd152,CUS-01814,65.48,pos,Lagos,Ikorodu,46056a504b319207,2025-03-21 21:34:24,21,4,False
cc2a65e8-c6c7-42b4-b886-8d5890fe1ee0,CUS-01933,1547.63,pos,Kaduna,Zaria,5d04ebb0603b769c,2025-03-21 21:35:34,21,4,False
ada62aba-d06a-4f2d-8d62-4ea1db852f2e,CUS-01861,788121.22,bank_transfer,Delta,Oshimili South,7c59729f913bdbb9,2025-03-21 21:48:49,21,4,False
22808aa7-83e7-4459-bfbc-0ab7b9124c42,CUS-00068,182.14,pos,Lagos,Mushin,4e173537ea95bb34,2025-03-21 21:50:44,21,4,False
8215a14b-a049-48e8-9674-04e86c0abfbb,CUS-00776,4197.97,pos,Lagos,Oshodi-Isolo,ee819ec07e84bdd2,2025-03-21 21:58:21,21,4,False
af81786e-c378-411a-9b65-f91b37682e80,CUS-00080,1070.64,pos,Zamfara,Zamfara-Central,cd85d8451082aedb,2025-03-21 22:48:24,22,4,False
ea279bcf-1ff7-4738-99c4-afa45d95c158,CUS-00239,317.38,pos,Lagos,Eti-Osa,a18fc29097aafe72,2025-03-21 22:53:02,22,4,False
8cb6a29c-8919-4f50-9c04-4e660a1b79e4,CUS-00029,3428.59,mobile_money,Lagos,Mushin,a05457497b410a44,2025-03-21 23:17:12,23,4,False
68dc6bd9-633a-40b2-a07e-4f50160a7696,CUS-00918,1336.25,bank_transfer,Kwara,Kwara-Central,402f6978085be2fa,2025-03-21 23:39:50,23,4,False
59d6577e-96a7-4714-ba9f-2cf70ac3498c,CUS-01442,331.63,pos,Anambra,Onitsha North,5a18b54435835ed9,2025-03-22 01:05:21,1,5,False
a982787b-5e48-4ea5-a94c-383ca0327f40,CUS-01672,2036.97,mobile_money,Zamfara,Zamfara-Central,62f20bbb589f3230,2025-03-22 01:30:56,1,5,False
ffb3d601-e962-4dc8-8c84-cf333949d348,CUS-01083,428.55,pos,Kebbi,Kebbi-Central,b6a82c9c02ad23e5,2025-03-22 02:27:03,2,5,False
aaf04a25-da8b-4ba8-92a3-60815ccdf401,CUS-01903,506549.68,bank_transfer,Lagos,Alimosho,c66db09d52261777,2025-03-22 02:36:00,2,5,True
988b1bde-fc6c-42fb-9364-e989ca5fdf5a,CUS-00746,583906.0,bank_transfer,Rivers,Obio-Akpor,e9d240424aae87b1,2025-03-22 02:42:00,2,5,True
43cd20b7-9a28-4fb9-80ff-3188fe0fe60d,CUS-00565,3496.19,pos,Kaduna,Kaduna South,0d3ddcef520e555e,2025-03-22 02:48:23,2,5,False
5fb0f59e-cbc0-49eb-a4fb-6bf32044c2ff,CUS-00805,393693.66,bank_transfer,Osun,Osun-Central,1bd77958d113fdcf,2025-03-22 03:42:00,3,5,True
510cbde2-2b32-4be4-9ca3-6ee8e847c996,CUS-00007,601125.31,bank_transfer,Zamfara,Zamfara-Central,d8d2a6dd35f76c1f,2025-03-22 03:43:00,3,5,True
f86e11d3-87ca-4c11-aaa1-8412583008a1,CUS-00797,2376.08,pos,Oyo,Ibadan South-West,59420c39724467cb,2025-03-22 04:47:28,4,5,False
3d40dfb6-ad3b-4d15-8fb0-dfa4122fcf20,CUS-01751,174.6,ussd,Lagos,Alimosho,d7aa67b01e985885,2025-03-22 05:01:32,5,5,False
12f84210-63ec-4c37-8d0f-e93ca2977ac5,CUS-00901,3025.85,mobile_money,Lagos,Ikorodu,8cc6b102f1e0b742,2025-03-22 05:17:55,5,5,False
6d76b742-bbd7-4a03-bcbb-69016de82e12,CUS-01370,4527.53,card,Bayelsa,Bayelsa-Central,488f12e25e074319,2025-03-22 06:27:40,6,5,False
193e3b13-b20a-4804-931f-4980d6bfbb10,CUS-01630,160086.12,ussd,Kwara,Kwara-Central,e72c068b89d1c7b1,2025-03-22 07:15:00,7,5,True
56c57311-4161-48d8-9e41-86f46a2404ad,CUS-01630,52953.02,mobile_money,Kwara,Kwara-Central,e72c068b89d1c7b1,2025-03-22 07:21:00,7,5,True
ad1938e5-3739-4d83-b0ff-e07dd7796918,CUS-01630,437.39,mobile_money,Kwara,Kwara-Central,e72c068b89d1c7b1,2025-03-22 07:24:00,7,5,True
4d850bc3-6f07-407f-b91d-120d4784c6e0,CUS-01630,3707.91,pos,Kwara,Kwara-Central,e72c068b89d1c7b1,2025-03-22 08:18:00,8,5,True
8486a632-61b0-4193-b6d3-37f99a9fb7e1,CUS-01438,656.96,ussd,Lagos,Oshodi-Isolo,9e67975ac1e802bd,2025-03-22 08:57:19,8,5,False
b6499c6b-ab5c-44bf-a8c7-bfdb9747012e,CUS-00972,340.61,mobile_money,Ondo,Ondo-Central,b8958a1a3d1c964a,2025-03-22 09:01:05,9,5,False
780c16c1-a55e-4375-bccf-9a15ad7d7568,CUS-00695,5009.95,bank_transfer,Kaduna,Kaduna South,81e192968c626dfd,2025-03-22 09:03:30,9,5,False
d0468c47-3c7a-4530-a655-a20a70563df0,CUS-00909,35335.12,pos,Rivers,Oyigbo,256c588e94dcbb7b,2025-03-22 09:20:24,9,5,False
a9736396-4292-4c47-b7b9-8158896eb8bf,CUS-00055,66895.32,mobile_money,Adamawa,Adamawa-Central,59d4333d73c25113,2025-03-22 09:21:20,9,5,False
8112d7e2-49b4-4a87-8c91-b3fc8de7e9bd,CUS-01050,74970.04,bank_transfer,Kebbi,Kebbi-Central,457ca2d963b3ad8c,2025-03-22 09:28:47,9,5,False
24291d74-3606-48d9-9f52-d784d383808a,CUS-01630,170.41,pos,Kwara,Kwara-Central,e72c068b89d1c7b1,2025-03-22 09:31:00,9,5,True
aff756e0-986e-4c4b-a80a-47dc9366d956,CUS-01058,2102.8,pos,Abuja FCT,Municipal,823adada4ab70de2,2025-03-22 09:49:30,9,5,False
fcd2d2dd-c4ff-4502-a776-ed6734efaa2e,CUS-00052,375.82,pos,Gombe,Gombe-Central,d3dbc8c315fe35d8,2025-03-22 10:04:08,10,5,False
e434debf-e074-44de-b726-87f327ee7f6b,CUS-00257,471192.94,bank_transfer,Edo,Ikpoba-Okha,05b67e1b6e78ab21,2025-03-22 10:06:16,10,5,False
ef9bb864-d454-42de-bb4d-4b80631245bd,CUS-00491,350.22,pos,Enugu,Nsukka,e00eb35a370ee76b,2025-03-22 10:13:26,10,5,False
d0b38152-2111-491c-95d1-5db3111c513b,CUS-00290,476.78,mobile_money,Lagos,Ikorodu,9182df30e6018f89,2025-03-22 10:14:00,10,5,True
d7c0f7e4-9cb2-42f4-bd0a-4851e9762620,CUS-00290,79.5,pos,Lagos,Mushin,9182df30e6018f89,2025-03-22 10:23:00,10,5,True
51a56d4e-ef72-41b3-8638-5766f7e7c1c1,CUS-00297,616130.6,pos,Lagos,Mushin,71796c290ad9637f,2025-03-22 10:28:47,10,5,False
fbaaf890-cd5f-4c48-a894-0e82b89a699a,CUS-00290,418.16,ussd,Lagos,Ikorodu,9182df30e6018f89,2025-03-22 10:33:00,10,5,True
056facfb-25bc-4a02-a822-fd4bf37bf163,CUS-00290,212.2,pos,Lagos,Surulere,9182df30e6018f89,2025-03-22 10:35:00,10,5,True
ef57df6d-1e5f-44a6-a465-1d97c11c551d,CUS-01099,888923.23,pos,Kano,Fagge,2b981b38772e1c60,2025-03-22 10:41:00,10,5,False
5bddb576-ebd0-42d8-87ff-e97a337fd94d,CUS-01566,36141.52,bank_transfer,Anambra,Nnewi North,5c458226cf44cc07,2025-03-22 10:41:32,10,5,False
525c7d89-480b-4be0-9baf-625a371e895e,CUS-01678,3134.17,mobile_money,Lagos,Oshodi-Isolo,028151f168167801,2025-03-22 10:42:14,10,5,False
3c79125d-7a2c-4b71-9a78-4fc6bfa26682,CUS-00290,123.01,ussd,Lagos,Ikeja,9182df30e6018f89,2025-03-22 10:44:00,10,5,True
2b49475d-3460-4014-9f68-94b481fe8ca3,CUS-00697,52619.15,pos,Oyo,Ibadan South-West,3a7a3a30be3ac3f4,2025-03-22 10:47:42,10,5,False
522994da-c425-4f45-9dbb-83ac4ebec534,CUS-00290,452.05,mobile_money,Lagos,Ikorodu,9182df30e6018f89,2025-03-22 10:49:00,10,5,True
0d07ae31-789e-4820-92ef-c36af7ffbbfe,CUS-00290,299.78,ussd,Lagos,Alimosho,9182df30e6018f89,2025-03-22 10:52:00,10,5,True
4d0d233a-394c-4b4c-a18a-8b2027c736fa,CUS-00085,423.47,bank_transfer,Kano,Tarauni,bbe1ca633613948f,2025-03-22 10:56:19,10,5,False
84f86a7f-c581-40c8-8c39-44b269e3b33c,CUS-01604,228.02,pos,Lagos,Alimosho,f3a9328502c9a405,2025-03-22 11:10:33,11,5,False
99139213-f1ca-496e-8727-8dacfe025156,CUS-00173,55787.28,bank_transfer,Lagos,Alimosho,215dbe62d129810e,2025-03-22 11:11:24,11,5,False
4e75b66d-96e8-4b10-bed9-f89a13585e39,CUS-01460,3473.31,pos,Rivers,Obio-Akpor,b1d49046bd80c6c6,2025-03-22 11:12:38,11,5,False
58476fb2-7fdb-479c-a113-6ac64c929308,CUS-01093,2101.9,mobile_money,Abuja FCT,Kuje,3c0564b23a094400,2025-03-22 11:22:31,11,5,False
71747861-5258-40e8-a698-b82f81b229a2,CUS-00645,47110.03,pos,Niger,Niger-Central,3f8102ecf21bc1db,2025-03-22 11:23:38,11,5,False
91aae5f8-ba10-44b3-b32d-ad1fed775ea9,CUS-00427,453.02,card,Niger,Niger-Central,cc5fd57c9ca71698,2025-03-22 11:31:35,11,5,False
a186fb48-6d20-4cd5-9d0a-9ac819cc4ac8,CUS-00611,2704.66,pos,Imo,Imo-Central,4fd5ba40c68d9677,2025-03-22 11:33:07,11,5,False
7ba1667d-121e-45cc-b60f-f2e116efccb4,CUS-01558,1628.95,pos,Bauchi,Bauchi-Central,7f04b0f4ed5414f4,2025-03-22 11:35:28,11,5,False
511b706f-f86a-462f-b743-01a2c031f71f,CUS-01573,61672.3,card,Zamfara,Zamfara-Central,4f9a7e83b7a2bce0,2025-03-22 11:43:38,11,5,False
f2f004bc-4be7-4ddb-bf80-46c01973acdb,CUS-00179,490.0,bank_transfer,Lagos,Mushin,53779734db1d17c1,2025-03-22 11:44:07,11,5,False
277180c0-4b6d-475f-9565-ad72f297c537,CUS-00545,477.16,pos,Kano,Dala,816780c3a970fd43,2025-03-22 11:52:42,11,5,False
f612fb15-4714-4710-bc71-b977ba8df7af,CUS-01885,1527.73,ussd,Abuja FCT,Municipal,18c0900df3cb458f,2025-03-22 11:56:27,11,5,False
a9698356-8195-4e1c-96af-701e43d8eafe,CUS-00023,4269.46,bank_transfer,Abuja FCT,Municipal,f84e67d217d0d0ef,2025-03-22 12:00:00,12,5,True
66522127-71d0-442b-91a3-d4b493973ac3,CUS-00786,496.6,card,Oyo,Ogbomoso,5a94533355fbe278,2025-03-22 12:04:34,12,5,False
cde1af98-333c-475f-a93f-304e854ceca5,CUS-01622,495.12,pos,Oyo,Ogbomoso,7963dcf2f8c7dcbc,2025-03-22 12:08:37,12,5,False
00d0c557-15de-4f05-b5bd-5a0cbcd64e5d,CUS-00023,73183.99,pos,Bayelsa,Bayelsa-Central,f84e67d217d0d0ef,2025-03-22 12:15:00,12,5,True
ba6e8e14-4b96-4d77-9ee1-77bdcb1e9871,CUS-00022,128.83,ussd,Kano,Tarauni,790afffe6907fb50,2025-03-22 12:18:15,12,5,False
f5026373-f5cb-4fd1-998c-b97c78a01ce3,CUS-00519,3447.86,mobile_money,Lagos,Alimosho,1eccc1b62b9d671c,2025-03-22 12:25:49,12,5,False
20b338a1-f26c-46c6-b1d4-7840ef596b72,CUS-00485,590.04,card,Nassarawa,Nassarawa-Central,a37c69cff4308eaa,2025-03-22 12:28:48,12,5,False
bdcdc861-60df-4eb6-bc9d-b07f72c40916,CUS-01564,289.26,bank_transfer,Plateau,Plateau-Central,de56d3da703b6adb,2025-03-22 12:34:25,12,5,False
8057ba65-09c3-4ba8-95dc-a6572c938855,CUS-00181,1668.66,pos,Lagos,Surulere,8cf06c883a82ee80,2025-03-22 12:41:03,12,5,False
05dcf4d6-c158-4c9a-8160-9edab66a3ada,CUS-00372,3143.92,pos,Lagos,Mushin,131ea15f92860a0b,2025-03-22 12:42:49,12,5,False
8fcdc9ac-5f82-4be8-9bf4-941aa9b5e8ea,CUS-01209,355447.9,bank_transfer,Ogun,Ogun-Central,0bbfc21575dc4370,2025-03-22 12:46:52,12,5,False
673e7250-66f8-4c5d-bdd7-d9b681acb228,CUS-01579,241.41,bank_transfer,Oyo,Ibadan South-West,98d39056461813d3,2025-03-22 12:48:17,12,5,False
c894ae10-0d3a-44b8-a889-4bd4694dee80,CUS-01204,29148.62,ussd,Abuja FCT,Municipal,7fc10fe4ca5124d6,2025-03-22 12:48:49,12,5,False
4b33477d-c5bb-45ff-9301-5e4b79ba8e22,CUS-01630,688362.68,pos,Kwara,Kwara-Central,e72c068b89d1c7b1,2025-03-22 12:52:00,12,5,True
1c7c4577-efde-4c84-8022-a218306538f3,CUS-00405,4948.55,ussd,Nassarawa,Nassarawa-Central,4601c42a0f5d4785,2025-03-22 12:53:37,12,5,False
761efb59-37c2-4475-86c0-e9a9c07141c6,CUS-00739,268338.42,card,Rivers,Obio-Akpor,deb40db8640bcb51,2025-03-22 13:21:38,13,5,False
13e47007-01b3-4895-8dae-034e4b7c28e7,CUS-01081,852894.16,ussd,Lagos,Eti-Osa,d32760edf470473b,2025-03-22 13:21:39,13,5,False
4e8ac164-13fb-4bf9-85af-368c917172bf,CUS-00321,3172.73,pos,Ondo,Ondo-Central,8712e0b7021fe925,2025-03-22 13:22:19,13,5,False
6b5e7442-6b89-4030-9784-7902100a32d4,CUS-01472,2176.13,bank_transfer,Kebbi,Kebbi-Central,c72840e5ddc555fa,2025-03-22 13:24:58,13,5,False
eea4601f-7175-4b86-9705-9211083a1faf,CUS-01951,2456.61,mobile_money,Lagos,Eti-Osa,ff96fe42ef3de0ae,2025-03-22 13:29:44,13,5,False
b840c555-bd54-45cd-9982-01f7a0c0bb60,CUS-01518,833697.55,pos,Lagos,Ikorodu,25b3afc72feb3e62,2025-03-22 13:30:44,13,5,False
76d4cac6-8d9c-434e-8884-4b25a4375c55,CUS-01152,265.37,ussd,Edo,Oredo,72ad6ac72ade3ab7,2025-03-22 13:42:39,13,5,False
bcb3dc50-8c28-49d9-ba82-ca09a3a7b2cb,CUS-00454,26094.96,bank_transfer,Lagos,Lagos Mainland,6ef7ad5156b9d3a1,2025-03-22 13:44:01,13,5,False
d7aa013c-0895-4bff-8d33-992633c2e865,CUS-00548,4034.55,bank_transfer,Abuja FCT,Kuje,ec494afb9403a35d,2025-03-22 13:53:01,13,5,False
70fdee0a-3534-4581-9f75-beed56b957dd,CUS-00111,499.22,pos,Lagos,Lagos Mainland,b4139af7343c44e3,2025-03-22 13:57:38,13,5,False
ed9ea80c-4094-450b-b828-f692bf980d35,CUS-01161,94215.38,pos,Lagos,Lagos Mainland,eae646070bb9b5a8,2025-03-22 13:59:22,13,5,False
a2eedfff-a0c7-41e3-b92e-d42099d80690,CUS-01599,139.35,mobile_money,Nassarawa,Nassarawa-Central,c4762c97dfed483f,2025-03-22 14:03:05,14,5,False
81780796-6de0-4bec-bd61-aecf38fc48e8,CUS-00347,323097.68,mobile_money,Lagos,Alimosho,e3b3f35a1024d9f0,2025-03-22 14:05:00,14,5,False
c8dcd57a-252b-42bf-89a9-b934c2295084,CUS-01144,92647.36,pos,Kano,Fagge,79f2ca9dea7f4c82,2025-03-22 14:07:50,14,5,False
3468d357-539d-417a-b4aa-62b60256cb47,CUS-01533,58.54,mobile_money,Kano,Dala,189df3b2a7ddc4fc,2025-03-22 14:10:04,14,5,False
1029a535-93cc-46b1-b345-d4e74e4c5c7c,CUS-00962,1503.39,mobile_money,Lagos,Ikeja,da8857276f8d9de1,2025-03-22 14:12:59,14,5,False
d80ff4df-4cfe-4835-b58f-6df1548c6c81,CUS-01421,51521.88,bank_transfer,Abuja FCT,Municipal,41a21affe763edbe,2025-03-22 14:18:42,14,5,False
7ed7fb4d-aa6b-481c-bc3e-8a43c64cdc35,CUS-00548,4078.35,bank_transfer,Abuja FCT,Gwagwalada,ec494afb9403a35d,2025-03-22 14:25:23,14,5,False
5e3d1ee5-e308-4dc1-98b8-17e7311a1cc5,CUS-00436,714878.07,pos,Lagos,Lagos Mainland,68fb798e5b124399,2025-03-22 14:27:32,14,5,False
bd451647-a5b5-4c24-910d-46a155d0a997,CUS-01045,3492.82,ussd,Kaduna,Kaduna South,514113e6f764629e,2025-03-22 14:40:16,14,5,False
73a2f9b6-32c3-4f77-8055-13b0c99e73fa,CUS-00235,1669.5,bank_transfer,Ondo,Ondo-Central,a7d47ba536fd676a,2025-03-22 14:46:24,14,5,False
f0f7b866-aba8-4702-a175-e2cd540e576b,CUS-00212,96946.92,pos,Delta,Warri South,b5710344f2723025,2025-03-22 14:50:00,14,5,False
d1913eb1-61a2-4f0a-8f88-4a163842a0bb,CUS-01536,67197.72,pos,Lagos,Oshodi-Isolo,72eadab8e3304187,2025-03-22 14:58:26,14,5,False
1157c40f-636b-4cf6-b633-87c5b5b3be32,CUS-01045,3556.66,mobile_money,Kaduna,Kaduna South,514113e6f764629e,2025-03-22 15:00:26,15,5,False
be4d1975-795a-4392-99e8-0ecb90ae7e70,CUS-00832,35416.37,card,Lagos,Oshodi-Isolo,a50745698a3d08e4,2025-03-22 15:08:07,15,5,False
76241fdc-694c-4020-bc6e-364736163a72,CUS-00022,1254.3,ussd,Kano,Nassarawa,790afffe6907fb50,2025-03-22 15:14:58,15,5,False
746653f4-fdf2-4488-b7b3-f459078f86a2,CUS-00797,276.12,pos,Oyo,Oyo East,59420c39724467cb,2025-03-22 15:26:01,15,5,False
0cbb359a-682c-437c-95b9-1d009e6abca5,CUS-01517,706288.9,pos,Nassarawa,Nassarawa-Central,beeded9bdc46ff19,2025-03-22 15:26:27,15,5,False
c03c9cf3-6311-4319-9fb2-f9a1e1ae7601,CUS-00727,470.04,pos,Imo,Imo-Central,5e2631ade3332edb,2025-03-22 15:28:46,15,5,False
c72e365c-b630-4874-845e-2e958d4f0c12,CUS-00094,99.29,pos,Abia,Abia-Central,2042e9881324c986,2025-03-22 15:29:10,15,5,False
0fa88c7c-9671-476d-b617-e70afb98d96f,CUS-00083,3355.79,ussd,Lagos,Oshodi-Isolo,d08d1bc4a38fcfc5,2025-03-22 15:33:17,15,5,False
1063eced-1052-4a0d-8e3d-14bbc52d35b5,CUS-01295,4580.18,pos,Lagos,Kosofe,ed59bae45fd6a782,2025-03-22 15:54:39,15,5,False
9279d8c5-c598-4253-a287-ef47c4b30d1b,CUS-01478,116.84,pos,Imo,Imo-Central,4507ac80375043f6,2025-03-22 15:58:36,15,5,False
de76b648-f810-4650-9eb7-751b05d4851d,CUS-01463,75064.51,mobile_money,Delta,Oshimili South,c8977aab38696c1b,2025-03-22 16:00:28,16,5,False
1a784602-dbd5-4dbe-a697-fe93b6c670ee,CUS-00402,79219.83,bank_transfer,Abuja FCT,Bwari,f2b2f87b00141bb9,2025-03-22 16:04:50,16,5,False
fc04aa99-2046-4d4e-a0c1-bc04701aa401,CUS-01501,63658.38,mobile_money,Abuja FCT,Municipal,124a718d146d7993,2025-03-22 16:21:12,16,5,False
3e58a347-db94-4553-b093-f5a6a7c9a065,CUS-01847,483.98,bank_transfer,Lagos,Mushin,c635e7b67ef870da,2025-03-22 16:21:35,16,5,False
971cb61e-d496-4099-af77-46ea0e4c7c78,CUS-01808,2107.66,pos,Lagos,Kosofe,82f5a1f1904224bf,2025-03-22 16:22:26,16,5,False
ee680ea6-2c90-4367-b31c-1959420abc4d,CUS-01318,18373.33,mobile_money,Lagos,Ikorodu,0d53a7e44c1ebaa4,2025-03-22 16:42:18,16,5,False
cee67821-ffb8-43b5-840b-37c896f851e6,CUS-01151,2922.43,pos,Bauchi,Bauchi-Central,12846136115c5e9c,2025-03-22 16:45:49,16,5,False
f5512b04-bcc2-47ef-b18a-d29b6e7815b9,CUS-01561,2876.44,mobile_money,Lagos,Agege,e4806e2d6e74cc83,2025-03-22 16:50:12,16,5,False
e02f092d-de76-4905-9e8c-8b8e871cdf04,CUS-01254,219.79,pos,Anambra,Nnewi North,e253a6ae5eaa7b46,2025-03-22 16:54:37,16,5,False
e2c2d8d6-d2f5-4685-a33a-f5e36477ce2b,CUS-00279,1804.92,pos,Imo,Imo-Central,58f65ee3752265ba,2025-03-22 16:57:08,16,5,False
3fe2d896-92dd-42a7-8000-f5226bfefb79,CUS-00277,918.13,pos,Delta,Oshimili South,05fd2ce1901ce713,2025-03-22 16:57:14,16,5,False
0264e47d-46a9-4feb-8ebb-e8cd1c897662,CUS-00267,2930.44,mobile_money,Edo,Ikpoba-Okha,1560943ead050084,2025-03-22 16:58:49,16,5,False
75e12f29-df5e-4e5d-b802-d9c8706fae5a,CUS-00007,66586.63,mobile_money,Zamfara,Zamfara-Central,d8d2a6dd35f76c1f,2025-03-22 17:02:40,17,5,False
00b57950-c6ec-41ad-bea3-53338de291f4,CUS-01977,2875.71,bank_transfer,Rivers,Obio-Akpor,02673b590c313531,2025-03-22 17:09:25,17,5,False
c3bbb6de-deb4-41b5-b788-f9aa4f3a33b3,CUS-01630,869201.08,bank_transfer,Kwara,Kwara-Central,e72c068b89d1c7b1,2025-03-22 17:15:00,17,5,True
c11760cf-e96d-482e-a99b-19eeb1784960,CUS-00744,824266.06,bank_transfer,Lagos,Alimosho,3cefb1dc104151c1,2025-03-22 17:25:49,17,5,False
087b2508-3e66-45c1-abc3-e9d9984d5816,CUS-00886,24196.08,bank_transfer,Delta,Oshimili South,33d61bca358de42a,2025-03-22 17:31:40,17,5,False
0bdbd51c-5fe1-4ab1-83cc-a2b1cca6fa42,CUS-01559,231953.1,bank_transfer,Nassarawa,Nassarawa-Central,6b228ba50f9a88ac,2025-03-22 17:33:10,17,5,False
ad37f65c-c30b-456e-8161-e55a3e28dfe7,CUS-00812,914.73,pos,Lagos,Ikorodu,645424aee1e81270,2025-03-22 17:34:47,17,5,False
6967d8f9-cf1a-4b13-a396-000c0651b6ef,CUS-01426,64522.84,bank_transfer,Lagos,Agege,3bf75e734c5b5dd8,2025-03-22 17:38:41,17,5,False
11da1243-7427-4c9a-9ef0-1f3251370b4c,CUS-01337,2725.85,mobile_money,Anambra,Onitsha North,ea9f50ef925bfd0a,2025-03-22 17:39:47,17,5,False
9c095cca-af9e-4c5d-9854-c3a324076fd0,CUS-01416,3504.59,pos,Lagos,Ikeja,ec384e46e51f1e64,2025-03-22 17:40:47,17,5,False
74aadea3-434c-4704-8a28-b4a10284ac6d,CUS-00606,296.34,pos,Lagos,Agege,60733c43bf9bf339,2025-03-22 17:42:21,17,5,False
d1d74f1b-136e-47c1-832a-a547f248d283,CUS-01286,1258.78,pos,Lagos,Oshodi-Isolo,82739cbcbd1403a5,2025-03-22 17:47:10,17,5,False
b7302deb-3670-4fef-ba46-ecf4e6f3181a,CUS-01269,4851.65,mobile_money,Kano,Dala,d063004795dfbee2,2025-03-22 17:49:08,17,5,False
80bccf53-079a-492f-84d2-1e861827b50c,CUS-01260,49853.76,pos,Kano,Kumbotso,bf2d4785cb46fa2b,2025-03-22 17:54:58,17,5,False
470fca91-7faa-4a28-ac45-53c3968c706d,CUS-01536,4977.15,pos,Lagos,Eti-Osa,72eadab8e3304187,2025-03-22 18:07:56,18,5,False
a10ce5da-39b2-41fd-8cce-9d70bcbb7730,CUS-00863,3111.49,bank_transfer,Rivers,Oyigbo,a133f84deb5ccf1d,2025-03-22 18:14:00,18,5,False
aa726118-7995-4926-a58a-352fa630c9e5,CUS-00513,327.79,bank_transfer,Zamfara,Zamfara-Central,cd2355238b6c4a61,2025-03-22 18:21:23,18,5,False
efee19ce-d9cf-49ca-84de-041f12adac12,CUS-00632,3969.7,pos,Abuja FCT,Kuje,76bdcde9144067f5,2025-03-22 18:24:35,18,5,False
27d2b5e7-adca-4973-adab-e2c2554261c8,CUS-00464,764237.62,bank_transfer,Akwa Ibom,Akwa Ibom-Central,ff4c1464f33acdfe,2025-03-22 18:25:25,18,5,False
59e4eaca-9a0f-42f4-908c-78236cd073c5,CUS-01686,60443.82,ussd,Adamawa,Adamawa-Central,7628d342554142c5,2025-03-22 18:30:21,18,5,False
aed9d79c-1eed-4ef7-9897-f17b394c3b65,CUS-01684,38806.3,mobile_money,Lagos,Lagos Mainland,c502b63d2b4acfae,2025-03-22 18:32:57,18,5,False
c4559c2d-8d37-4eb8-8a9c-b7d7408135f7,CUS-00282,227221.52,bank_transfer,Rivers,Eleme,98cd637cafd56335,2025-03-22 18:37:16,18,5,False
890090ca-0bcf-4588-868b-dadaac851162,CUS-00974,488.86,pos,Lagos,Alimosho,c996ce5477003036,2025-03-22 18:39:51,18,5,False
4c258cb7-a5d7-49de-b141-899a16b148db,CUS-00008,350517.76,pos,Kaduna,Kaduna South,0c54ccb814a42c2d,2025-03-22 18:41:51,18,5,False
b52aee42-dd95-4ba8-9efe-ba8b8880929e,CUS-00258,2245.36,bank_transfer,Oyo,Ogbomoso,0aef7632c74d2bb0,2025-03-22 18:44:04,18,5,False
1120bd12-a7ca-4065-bdde-522a8e9ec74b,CUS-01719,2957.49,pos,Lagos,Agege,3bca07c7e0c085d6,2025-03-22 18:45:00,18,5,False
6d144367-c189-4524-9b8e-e4eb23885810,CUS-01738,2819.25,mobile_money,Rivers,Obio-Akpor,a1b70eee008f9afd,2025-03-22 18:45:32,18,5,False
9ad1b966-a517-42d3-b432-bffa71a3fffc,CUS-01630,736504.64,mobile_money,Kwara,Kwara-Central,e72c068b89d1c7b1,2025-03-22 18:50:00,18,5,True
498a0a7f-409a-4670-b89f-561acf508696,CUS-00653,4932.44,pos,Osun,Osun-Central,e8a1a2cdb5cf364e,2025-03-22 18:51:44,18,5,False
ecd01198-bd49-442a-9bd8-36b4a7e9fff1,CUS-00124,4584.23,card,Lagos,Ikeja,e28d9b0a17e761c8,2025-03-22 19:09:35,19,5,False
033db973-62ef-438c-a7e2-5c3ec1543da1,CUS-01634,498.75,pos,Yobe,Yobe-Central,665b394f3b341135,2025-03-22 19:16:51,19,5,False
0f0e65fe-f36a-4194-901a-c9432f8f908c,CUS-00811,841.42,bank_transfer,Bauchi,Bauchi-Central,f7fcb89ac16fa82f,2025-03-22 19:19:09,19,5,False
81006b14-8ec5-41f0-b215-f77f760139af,CUS-00616,441.56,pos,Lagos,Ikorodu,8470760c8e9d2523,2025-03-22 19:36:01,19,5,False
7331222e-3332-4a3a-a8b0-4d28e7bd99ed,CUS-01630,1841.23,card,Kwara,Kwara-Central,e72c068b89d1c7b1,2025-03-22 19:37:00,19,5,True
8cadc9ec-1fb9-4949-84d7-f9cae8d11bb0,CUS-00952,592.38,mobile_money,Lagos,Agege,6c135efc80e8ab9c,2025-03-22 19:39:18,19,5,False
945cf356-be02-45f1-8b75-84d799f4532f,CUS-00861,115320.18,pos,Abuja FCT,Kuje,88c623371bdc41ff,2025-03-22 19:41:53,19,5,False
67c34d63-bbf0-4e94-88c4-c37f40257b73,CUS-01630,833.06,pos,Kwara,Kwara-Central,e72c068b89d1c7b1,2025-03-22 19:47:00,19,5,True
63ba2022-dcab-4998-9b8a-6f1915251603,CUS-01630,273153.75,card,Kwara,Kwara-Central,e72c068b89d1c7b1,2025-03-22 19:47:00,19,5,True
b9a3311c-d58d-404c-ac1a-8ae753b556c6,CUS-01915,3303.37,pos,Ondo,Ondo-Central,5df0e6f4ac72dfe8,2025-03-22 19:52:52,19,5,False
57c90de3-4a90-4eec-93ee-7d6d06d781fd,CUS-01299,1430.24,mobile_money,Edo,Egor,463bb7d0d1220095,2025-03-22 19:53:13,19,5,False
72ad1ad3-f9fb-4122-9aa1-e20579e33ee8,CUS-00962,47128.7,pos,Lagos,Mushin,da8857276f8d9de1,2025-03-22 19:53:46,19,5,False
2d3ada72-bdc2-481a-9e2b-86c00b63ff60,CUS-01615,28474.44,pos,Anambra,Nnewi North,7910d927cbcddaeb,2025-03-22 19:54:14,19,5,False
cab3299b-e878-4305-bde1-7719689f1faf,CUS-01630,134.77,pos,Kwara,Kwara-Central,e72c068b89d1c7b1,2025-03-22 20:00:00,20,5,True
9ce69148-0f25-4d80-b99e-57db2e6bcc16,CUS-00891,449.39,mobile_money,Sokoto,Sokoto-Central,50eb9194ca6b0f1e,2025-03-22 20:08:31,20,5,False
6cf5a335-7de0-4c19-95c0-5dfc3b189f71,CUS-00287,243.58,pos,Oyo,Ibadan North,afbcc0122e2768f4,2025-03-22 20:12:00,20,5,False
ff278af3-7d43-48b0-8fbf-7da367291527,CUS-00028,80.0,pos,Kaduna,Kaduna South,597d94128f41095a,2025-03-22 20:18:06,20,5,False
8cdaedf3-23ac-43c4-a0f4-aee0e219a1bd,CUS-00278,17472.59,mobile_money,Edo,Oredo,822dd77593056ff5,2025-03-22 20:19:09,20,5,False
32c956dd-6288-4067-9782-680e28455a23,CUS-00736,541181.37,card,Rivers,Port-Harcourt,a1e444919f8015bd,2025-03-22 20:20:10,20,5,False
20e460da-09b3-4fdf-914d-53c1ba8f2194,CUS-00229,1918.3,pos,Enugu,Enugu East,b213b560d21d418e,2025-03-22 20:29:22,20,5,False
f43164a0-2b38-4c69-a44d-3dff4a25eb12,CUS-00526,149.86,pos,Rivers,Eleme,4b22245e0c2ece40,2025-03-22 20:33:15,20,5,False
6e62b598-551a-470c-8438-aa5a3df337e4,CUS-00652,42832.14,pos,Kaduna,Kaduna North,b53d9478f74db31d,2025-03-22 20:33:17,20,5,False
92a34366-29af-4807-964f-442caac24e34,CUS-01921,744.65,bank_transfer,Lagos,Alimosho,00eff35bca36a5be,2025-03-22 20:40:14,20,5,False
5669bfde-b94f-435f-bcfa-207abf4877de,CUS-01763,1224.3,pos,Abuja FCT,Bwari,f9ab794edc0181f0,2025-03-22 20:54:06,20,5,False
97c23ec8-2077-4f95-b925-395cb96e3c0b,CUS-01154,1448.21,pos,Lagos,Ikeja,b6010d549f54bd12,2025-03-22 21:00:00,21,5,True
6f76c6d5-8fca-497d-ba68-7fff6af85f33,CUS-01273,93466.68,mobile_money,Lagos,Surulere,4a8421a02c35e770,2025-03-22 21:02:25,21,5,False
6cdfb2d3-96b0-468e-b511-28e2ae637a38,CUS-00576,1945.84,card,Lagos,Oshodi-Isolo,889483354ede0f98,2025-03-22 21:07:17,21,5,False
e32d9c21-3a62-4c56-9854-e24fea86f717,CUS-00679,393.21,bank_transfer,Zamfara,Zamfara-Central,7e25cc8d75f3b759,2025-03-22 21:08:01,21,5,False
3962ca35-c69e-4c75-a629-24d8a2f4e10a,CUS-01154,4020.56,ussd,Yobe,Yobe-Central,b6010d549f54bd12,2025-03-22 21:13:00,21,5,True
8dc35260-689d-4d5c-b63d-15a29719070a,CUS-01258,3458.18,pos,Lagos,Ikorodu,b76535faa81b1618,2025-03-22 21:21:55,21,5,False
da69622e-87a7-409f-b529-71b817e390a9,CUS-01559,180.86,bank_transfer,Nassarawa,Nassarawa-Central,6b228ba50f9a88ac,2025-03-22 21:34:12,21,5,False
c66f5dd2-0d0d-4309-a376-3ad72de64181,CUS-01603,190.11,pos,Kano,Tarauni,73ddb92252538ec9,2025-03-22 21:45:36,21,5,False
7ed242b8-7042-4f87-bfd8-a6993deb3ca0,CUS-01222,43348.19,pos,Rivers,Eleme,710138c9fc241830,2025-03-22 21:47:18,21,5,False
746788d6-f4e6-48df-89ec-136eaf341a34,CUS-00300,255.95,mobile_money,Lagos,Ikorodu,4fcd148b58c99584,2025-03-22 21:48:33,21,5,False
d45ffb76-f8a0-4d09-bef6-4f01e7a60e85,CUS-01762,1648.56,bank_transfer,Lagos,Surulere,a30f47b1c41a7839,2025-03-22 21:49:22,21,5,False
101b125d-4a6b-4867-a249-9bebdf82f345,CUS-01844,82076.93,pos,Jigawa,Jigawa-Central,1c72f4beb92ebf41,2025-03-22 21:53:46,21,5,False
f53b3790-420a-47b2-b6e8-77faab0b34d5,CUS-00559,95.17,bank_transfer,Enugu,Enugu North,2cf7d4cd4f3766f7,2025-03-22 21:57:58,21,5,False
83ce1fac-4c68-46cf-9151-0f7d2a579db4,CUS-01172,712079.75,bank_transfer,Enugu,Nsukka,8fab45462ee28d2f,2025-03-22 22:19:00,22,5,True
7759fecc-741e-420d-87ef-8fd0140b706e,CUS-01630,43908.71,ussd,Kwara,Kwara-Central,e72c068b89d1c7b1,2025-03-22 22:31:00,22,5,True
e50b4c0b-ed9f-4317-8de0-9e70730211db,CUS-01630,3788.33,pos,Kwara,Kwara-Central,e72c068b89d1c7b1,2025-03-22 22:43:00,22,5,True
09d6d3ec-75e8-4ff1-a04e-1100f34d1809,CUS-00181,314.81,pos,Lagos,Lagos Mainland,8cf06c883a82ee80,2025-03-22 23:02:16,23,5,False
89cb141b-ef5f-4d07-bf61-cee29ab48fbb,CUS-01556,3190.93,pos,Kaduna,Zaria,c43fb64fc547fd6f,2025-03-22 23:03:29,23,5,False
ba3a57ff-e6ba-4d21-b9f2-b104291f58e3,CUS-00264,137.1,bank_transfer,Kebbi,Kebbi-Central,e6fc28195d9c3e83,2025-03-23 00:06:12,0,6,False
e2b70f0a-9549-408c-9a6e-e1b75ab80237,CUS-01347,25808.42,pos,Rivers,Port-Harcourt,ec76fa108fd59db4,2025-03-23 01:39:26,1,6,False
85a0f9da-b904-4c51-9c58-ec942d3c4311,CUS-01436,76851.35,pos,Kano,Fagge,407a3276e36403ea,2025-03-23 02:11:57,2,6,False
18b4b7ef-d3d4-4bb0-8e45-68c5f5c10a7c,CUS-01986,284.98,pos,Ondo,Ondo-Central,179c3d78f887cc5d,2025-03-23 03:39:01,3,6,False
d207c010-0c81-423c-9d61-291bf6f47527,CUS-00992,26840.95,bank_transfer,Kano,Nassarawa,9efb5fcc24e336a3,2025-03-23 04:22:44,4,6,False
f18dd2d0-05a9-4071-9ee0-9fa04ce8b954,CUS-01105,2395.07,bank_transfer,Lagos,Lagos Mainland,44cf5a2cab83a672,2025-03-23 04:53:15,4,6,False
e856377e-8bba-498c-9ce7-9f4d7c71ca24,CUS-01515,97567.32,pos,Lagos,Agege,a431e97b4e692b20,2025-03-23 06:02:04,6,6,False
0dca5414-3c3f-496d-8bd8-08caeab03aed,CUS-01675,1407.88,pos,Kano,Dala,a9e9dac83e68ea24,2025-03-23 06:10:00,6,6,True
cf6a8c82-0073-49f9-969a-fce5519382da,CUS-01750,3770.44,mobile_money,Oyo,Ibadan South-West,36acb58c329495a7,2025-03-23 06:13:00,6,6,True
6fd85b39-e784-4bc6-adff-0254cf75838c,CUS-01436,1123.6,pos,Kano,Dala,407a3276e36403ea,2025-03-23 06:22:00,6,6,True
5cdb0169-669a-4e34-b1ed-abdd97168a39,CUS-00903,86118.45,pos,Oyo,Ibadan North,e707cda42c6fc450,2025-03-23 06:31:00,6,6,True
b1809e6c-43e7-44b7-af80-ca9ef0b31431,CUS-00903,52468.9,pos,Oyo,Ogbomoso,e707cda42c6fc450,2025-03-23 06:38:00,6,6,True
344853eb-ea79-441e-851d-c7bb89c370bb,CUS-01015,47865.45,bank_transfer,Adamawa,Adamawa-Central,19492d475c97a771,2025-03-23 06:40:39,6,6,False
0a8a53fe-acb1-4c0d-84ab-362158c6d679,CUS-01115,9790.36,ussd,Oyo,Ibadan South-West,8e84f0abbb452664,2025-03-23 06:46:37,6,6,False
3234a185-77d3-4e68-b64e-c7b0cbc98cc6,CUS-01436,233.08,bank_transfer,Kano,Tarauni,407a3276e36403ea,2025-03-23 06:56:00,6,6,True
f38ad88d-9446-48c8-9eb6-d7de35689591,CUS-01750,4405.42,mobile_money,Oyo,Oyo East,36acb58c329495a7,2025-03-23 07:07:00,7,6,True
7f82f23f-1fe8-4bc4-998a-865dfe9e9037,CUS-01998,2605.09,bank_transfer,Lagos,Agege,1b723b7d1e316182,2025-03-23 07:20:49,7,6,False
e208dd82-8224-487a-a1b2-51ffc841ae5d,CUS-01675,341.81,pos,Kano,Dala,a9e9dac83e68ea24,2025-03-23 07:29:00,7,6,True
61c52f23-ca8e-403f-8efc-6c39157d2b77,CUS-00903,51.71,mobile_money,Oyo,Ibadan North,e707cda42c6fc450,2025-03-23 07:36:00,7,6,True
16f43e3e-4fc2-4c88-bebd-5bda7d8d7cb5,CUS-01675,2897.01,ussd,Kano,Kumbotso,a9e9dac83e68ea24,2025-03-23 07:44:00,7,6,True
361b1d40-e8b8-49a5-8357-428209cea80c,CUS-00950,1803.91,pos,Kaduna,Kaduna South,7660a9858ed161d4,2025-03-23 07:57:00,7,6,True
baa0c2e3-c6df-49e7-97d5-08fbfc6989e7,CUS-00329,58948.0,bank_transfer,Oyo,Ogbomoso,7b2bc2bfdc63f934,2025-03-23 08:00:00,8,6,True
bbd6c2a7-df07-40ad-8b0e-975c40f2c407,CUS-00329,16822.19,bank_transfer,Adamawa,Adamawa-Central,7b2bc2bfdc63f934,2025-03-23 08:05:00,8,6,True
dbb8487d-dd28-41de-88db-dda12940152b,CUS-01436,110.77,pos,Kano,Kumbotso,407a3276e36403ea,2025-03-23 08:07:00,8,6,True
7bef52e2-9861-4850-a9ac-bc8579f9c5ba,CUS-00903,3468.61,pos,Oyo,Ibadan South-West,e707cda42c6fc450,2025-03-23 08:18:00,8,6,True
fedcf889-5f05-48e0-9952-8bc1097b0fc8,CUS-01436,4859.98,ussd,Kano,Fagge,407a3276e36403ea,2025-03-23 08:22:00,8,6,True
1e07e3cd-5837-4551-8a9c-1ac2d79b83c4,CUS-01750,16264.19,pos,Oyo,Ibadan South-West,36acb58c329495a7,2025-03-23 08:27:00,8,6,True
3a47c213-22cb-4bdd-97ca-5fefcf6b2db2,CUS-01436,2739.16,pos,Kano,Nassarawa,407a3276e36403ea,2025-03-23 08:29:00,8,6,True
7125c9d6-dd61-44ea-90e8-8e980c1e2632,CUS-00903,3492.71,pos,Oyo,Oyo East,e707cda42c6fc450,2025-03-23 08:43:00,8,6,True
4c82f52f-86b9-42e4-91ba-844c2fc91aa3,CUS-01675,308.57,pos,Kano,Kumbotso,a9e9dac83e68ea24,2025-03-23 08:52:00,8,6,True
55a72b6e-7cfa-439e-a660-2e83232daeb6,CUS-01799,556291.93,bank_transfer,Lagos,Ikeja,73145fde27a32e2e,2025-03-23 09:03:29,9,6,False
cf1de318-fc67-4bdc-a817-960305f72225,CUS-01468,34095.75,mobile_money,Zamfara,Zamfara-Central,3267f29956f279f7,2025-03-23 09:09:24,9,6,False
7887f6c2-1d01-4f73-9beb-0d5d079b834e,CUS-00960,214.33,pos,Lagos,Kosofe,49ef09fbe609636a,2025-03-23 09:10:45,9,6,False
08f5f76a-7a21-45e4-8246-acfde6685f8a,CUS-00274,13228.88,card,Abuja FCT,Municipal,0043d9354f88a060,2025-03-23 09:26:12,9,6,False
76c9e7d1-20d5-47b1-bc0e-64fdb65f5d90,CUS-00867,215.61,mobile_money,Lagos,Surulere,e881590c80f4d64f,2025-03-23 09:30:53,9,6,False
55cd8329-7b2f-40e0-af32-3b68b0205ba5,CUS-01750,3330.35,mobile_money,Oyo,Ibadan North,36acb58c329495a7,2025-03-23 09:34:00,9,6,True
6d75d54e-6d6d-4e7f-b325-1c38aa9f65f6,CUS-01423,75111.51,pos,Lagos,Ikeja,9b4a9315bbdb7cca,2025-03-23 09:39:14,9,6,False
c247bd8f-beab-4c9e-a455-f06205701192,CUS-01750,1971.72,bank_transfer,Oyo,Ibadan South-West,36acb58c329495a7,2025-03-23 09:51:00,9,6,True
1e05f17a-12d8-4563-8971-a98895f297a0,CUS-01104,3419.24,pos,Ogun,Ogun-Central,dc32c75fccecfcc9,2025-03-23 09:53:52,9,6,False
d9363d30-d1a1-41d5-b812-cc55a1b84199,CUS-01750,590507.58,bank_transfer,Oyo,Ibadan South-West,36acb58c329495a7,2025-03-23 09:54:00,9,6,True
cc2272e1-ebcf-4da2-baf8-6b86c415c7d7,CUS-00950,13914.12,pos,Kaduna,Zaria,7660a9858ed161d4,2025-03-23 09:56:00,9,6,True
1eba5c2f-e4ff-4695-bff8-362bda7e1e0e,CUS-00615,263662.28,bank_transfer,Adamawa,Adamawa-Central,70794346772b0ba7,2025-03-23 09:57:19,9,6,False
1b2bf393-af93-4d37-abc7-ea041cb07820,CUS-01750,998285.91,ussd,Oyo,Ibadan North,36acb58c329495a7,2025-03-23 10:03:00,10,6,True
421fd70f-6df6-4759-80ce-0dea48dd2450,CUS-01675,171.57,pos,Kano,Gwale,a9e9dac83e68ea24,2025-03-23 10:04:00,10,6,True
fb5fbc9d-4983-454c-a00a-19ba754cb140,CUS-00950,3472.18,pos,Kaduna,Zaria,7660a9858ed161d4,2025-03-23 10:09:00,10,6,True
082a55ca-f189-44a5-a0de-f75c83d74160,CUS-01200,63.31,pos,Kwara,Kwara-Central,fd60ae30ae1d36ae,2025-03-23 10:14:31,10,6,False
b0344ac5-be90-4051-aba0-cf0a6580d2b9,CUS-01935,94392.99,pos,Benue,Benue-Central,beac29344830dd2f,2025-03-23 10:19:29,10,6,False
9e248044-fb0f-4425-b217-c05f145c6929,CUS-00601,332.4,pos,Kano,Dala,dc250b6d8147d297,2025-03-23 10:25:21,10,6,False
28f9fd90-c509-444f-af85-e7e265ff3131,CUS-01675,1202.23,pos,Kano,Gwale,a9e9dac83e68ea24,2025-03-23 10:29:00,10,6,True
63e6894c-9a5a-47ff-bdce-d41fd8be37fb,CUS-00165,3792.39,card,Bauchi,Bauchi-Central,da9388b31798113b,2025-03-23 10:34:14,10,6,False
c9f9773e-5fe7-47f6-8f72-259046db39d4,CUS-00563,1815.85,pos,Lagos,Ikeja,25a706977d61cb16,2025-03-23 10:35:38,10,6,False
fae97573-0e34-47f6-9ab4-8e3560c231d1,CUS-00517,200.39,bank_transfer,Benue,Benue-Central,ae544b55a6d75903,2025-03-23 10:36:18,10,6,False
d06330c7-9d29-4d0d-86d1-8118ade884a1,CUS-01525,1091.83,pos,Kano,Fagge,ebdefd77badb8caf,2025-03-23 10:41:02,10,6,False
24c245b8-57e5-4001-b0ec-520e86c5b092,CUS-00056,72951.8,bank_transfer,Lagos,Surulere,2261f7a59fdd0292,2025-03-23 10:53:01,10,6,False
5d942a87-f39c-4a2c-a985-1376b528f8f8,CUS-00950,4856.96,pos,Kaduna,Zaria,7660a9858ed161d4,2025-03-23 10:54:00,10,6,True
a35352b6-c423-4664-ab5e-12b104e30312,CUS-01461,94214.73,ussd,Kaduna,Zaria,1f5002689c96a0c3,2025-03-23 11:00:00,11,6,True
1b25947d-be17-430a-a900-1eb354208787,CUS-01675,1426.35,ussd,Kano,Dala,a9e9dac83e68ea24,2025-03-23 11:01:00,11,6,True
03a81726-13ec-4ce8-9c7a-f3e954a26014,CUS-01037,4507.73,card,Ondo,Ondo-Central,a88d75e7d5798857,2025-03-23 11:06:02,11,6,False
71812590-2334-4458-a3e3-0e1544d0e036,CUS-01347,1948.8,pos,Rivers,Obio-Akpor,ec76fa108fd59db4,2025-03-23 11:18:41,11,6,False
0cf80f2b-8b9d-4eea-bb07-95301bc91d93,CUS-00636,11725.19,card,Oyo,Oyo East,0e03d5f724baf012,2025-03-23 11:21:36,11,6,False
9a60ab37-6f33-4d06-bc18-83aee870dd10,CUS-01461,11929.4,mobile_money,Cross River,Cross River-Central,1f5002689c96a0c3,2025-03-23 11:24:00,11,6,True
d9d70cac-7bfb-4924-b146-a712da78d90e,CUS-00950,453.7,bank_transfer,Kaduna,Zaria,7660a9858ed161d4,2025-03-23 11:24:00,11,6,True
f24b0680-34c9-4d9d-b6ed-60b1c7eb2a30,CUS-00889,3048.07,mobile_money,Lagos,Eti-Osa,840f3e716557215a,2025-03-23 11:27:00,11,6,False
b4c95f8b-813a-43ad-a465-df8c3f8006b1,CUS-00439,948.11,pos,Lagos,Alimosho,602b25072990d14e,2025-03-23 11:32:30,11,6,False
747bc749-c4af-4836-b45a-0cf523a966d0,CUS-00950,3148.95,pos,Kaduna,Zaria,7660a9858ed161d4,2025-03-23 11:38:00,11,6,True
b84b6ad3-aab2-4df2-a8a0-ca35bfa62bf0,CUS-01199,483287.46,pos,Lagos,Oshodi-Isolo,87823df2b69fc0a4,2025-03-23 11:40:16,11,6,False
f9ba46a8-1416-47a0-9207-e5704800e61a,CUS-00791,444.34,card,Kaduna,Zaria,6e4ba221fb73358b,2025-03-23 11:45:07,11,6,False
1fba9928-cce2-43d2-9fb5-e2638f73a995,CUS-01680,316.62,bank_transfer,Kano,Dala,5b6d9e25e5985abb,2025-03-23 11:46:05,11,6,False
feafa9ce-d9bc-4764-95ef-af04dee33b1b,CUS-01343,171250.3,bank_transfer,Ondo,Ondo-Central,22c2fd795ceb667f,2025-03-23 11:47:42,11,6,False
ec3045d6-b45e-49c1-86de-ffa3352a4e85,CUS-01750,698752.15,mobile_money,Oyo,Ogbomoso,36acb58c329495a7,2025-03-23 11:50:00,11,6,True
b67dc32f-31d4-4a96-b942-9e9441fe7c6b,CUS-00737,1964.89,bank_transfer,Plateau,Plateau-Central,b3fcfe129e0f1e6a,2025-03-23 11:57:06,11,6,False
62c511c1-606e-4dbb-a496-8d34cc7a2d65,CUS-00374,70400.6,mobile_money,Lagos,Surulere,398280c5aebe72e8,2025-03-23 12:01:08,12,6,False
1ba0fe7a-cec3-44ef-8c90-aa7a75d7d132,CUS-00903,663142.13,card,Oyo,Ibadan North,e707cda42c6fc450,2025-03-23 12:09:00,12,6,True
a9e213f8-e916-4e11-958b-91047c0f08e1,CUS-01486,1714.54,pos,Rivers,Oyigbo,68f0f77451d5d2f5,2025-03-23 12:13:58,12,6,False
9de0541a-062d-4143-bb57-7dfc1bbd9148,CUS-01956,445.5,ussd,Delta,Oshimili South,03426b6d08e1ad15,2025-03-23 12:18:04,12,6,False
43d46c11-5b6c-482c-9c1c-094d52f4c43c,CUS-01403,1217.5,pos,Osun,Osun-Central,6666f1a1cebc0728,2025-03-23 12:20:24,12,6,False
5344f41a-651e-469e-be49-e6b9d41c503e,CUS-00381,1439.86,ussd,Edo,Oredo,5e06f51e74b733cf,2025-03-23 12:24:31,12,6,False
218a160d-cf8c-4f95-8865-c6ba95846484,CUS-00094,2562.7,pos,Abia,Abia-Central,2042e9881324c986,2025-03-23 12:27:15,12,6,False
8ad2311c-8be3-4ff2-8395-b97d768b7650,CUS-00950,195988.32,bank_transfer,Kaduna,Kaduna South,7660a9858ed161d4,2025-03-23 12:30:00,12,6,True
7c71e06b-8ba5-4cc9-a5fb-bbf9cd9f3d84,CUS-00950,7767.51,pos,Kaduna,Kaduna South,7660a9858ed161d4,2025-03-23 12:30:00,12,6,True
92006965-923a-4e4e-8abc-67ccfda32119,CUS-01675,331.18,card,Kano,Gwale,a9e9dac83e68ea24,2025-03-23 12:38:00,12,6,True
49e13e80-aba6-4849-b796-110d8d414978,CUS-00137,759.38,mobile_money,Edo,Oredo,9e1e07433aaacd7f,2025-03-23 12:41:47,12,6,False
6ecf9a57-35f0-4f76-bc18-2dd0eb243b85,CUS-00409,954.0,pos,Lagos,Alimosho,7edcbf54bb8a31ff,2025-03-23 12:51:43,12,6,False
c891ccaf-0f06-4fb6-8402-986050628bb7,CUS-00950,436.62,mobile_money,Kaduna,Kaduna North,7660a9858ed161d4,2025-03-23 12:54:05,12,6,False
55be9756-26db-4531-89b9-cecb385e298c,CUS-01107,277.97,pos,Kwara,Kwara-Central,3a15b34bb5d0c2d2,2025-03-23 13:07:42,13,6,False
5ec294ee-0541-4fb0-b26e-6b3b68482777,CUS-01518,3801.26,pos,Lagos,Mushin,25b3afc72feb3e62,2025-03-23 13:09:20,13,6,False
9d91f127-ee86-43a1-9b03-c8f971871fc3,CUS-01340,40915.47,ussd,Kano,Dala,32701a6673725ff9,2025-03-23 13:10:56,13,6,False
ace3731c-252e-4271-bb4f-f7db7b43538e,CUS-00367,44015.71,pos,Kogi,Kogi-Central,cde5edbdb69eca2a,2025-03-23 13:14:48,13,6,False
cbb803bc-0bbc-49df-9f67-4ed1eb17a41f,CUS-01366,359.0,pos,Ondo,Ondo-Central,bb1761bfcb6e4105,2025-03-23 13:17:41,13,6,False
4f1b12ae-4e2d-49d4-8771-ee9dc0336cbb,CUS-00220,2610.77,pos,Delta,Oshimili South,86abb464750be17b,2025-03-23 13:22:54,13,6,False
a47e3e0e-51b1-4b6f-a230-50792a2babfb,CUS-00903,88821.57,mobile_money,Oyo,Ibadan North,e707cda42c6fc450,2025-03-23 13:23:00,13,6,True
e6005ffc-5630-481e-b348-9995e3d2cca9,CUS-01063,45787.56,bank_transfer,Rivers,Eleme,9e1a89fd42d907c4,2025-03-23 13:26:33,13,6,False
d7e366e8-2422-44be-9ca0-955efa0aee4b,CUS-01743,42376.58,pos,Lagos,Lagos Mainland,d5589e4b86f19561,2025-03-23 13:26:43,13,6,False
ed9c6845-1d56-45e7-98f8-8054608ec652,CUS-01776,2330.24,mobile_money,Anambra,Onitsha North,7c36fdafee67b187,2025-03-23 13:32:41,13,6,False
8fabefac-1fb3-4271-86a2-2016b966352a,CUS-01181,3041.16,pos,Kano,Gwale,9eb56ac542f8f5d3,2025-03-23 13:34:33,13,6,False
f33d9712-e792-408a-8272-b40d031c55a7,CUS-01063,447001.94,bank_transfer,Rivers,Oyigbo,9e1a89fd42d907c4,2025-03-23 13:39:29,13,6,False
c837df73-c6f5-4d91-8043-4ff267936160,CUS-00374,548124.07,mobile_money,Lagos,Alimosho,398280c5aebe72e8,2025-03-23 13:45:08,13,6,False
c8595b4a-4c8a-4443-9580-e497545a59a9,CUS-00746,93606.95,ussd,Rivers,Oyigbo,e9d240424aae87b1,2025-03-23 13:46:10,13,6,False
48643af9-fbd7-4c63-ac15-b19f8c49b80f,CUS-00950,76306.75,pos,Kaduna,Kaduna South,7660a9858ed161d4,2025-03-23 13:47:00,13,6,True
79abc6ea-fc7b-4e95-b535-760966753338,CUS-00959,380.29,mobile_money,Osun,Osun-Central,4636c0b345f47cd9,2025-03-23 13:53:10,13,6,False
fc3f1091-b856-4a3b-93f6-1e7c51e80ec4,CUS-00100,4021.75,ussd,Lagos,Kosofe,bcf49328f37bdf89,2025-03-23 13:59:42,13,6,False
83362185-a258-493f-8986-570cf07475dd,CUS-01423,2707.42,pos,Lagos,Lagos Mainland,9b4a9315bbdb7cca,2025-03-23 14:00:00,14,6,True
e82cdafd-389f-48ad-8475-e5b2e8bd8821,CUS-01563,96241.0,bank_transfer,Kano,Dala,dd45ddf89763dce5,2025-03-23 14:03:20,14,6,False
eae633c6-ef7e-46b1-942c-68116fb1d209,CUS-01583,80.08,ussd,Abuja FCT,Gwagwalada,91b7d62f8a3e011f,2025-03-23 14:13:51,14,6,False
949785aa-e47c-4628-8c8a-2ee4486d774b,CUS-01202,355.6,pos,Lagos,Ikorodu,82a30116a4708d90,2025-03-23 14:15:36,14,6,False
b4d11bb0-428d-4b10-8ff9-8e2866cdf98c,CUS-01750,117.1,ussd,Oyo,Ogbomoso,36acb58c329495a7,2025-03-23 14:16:00,14,6,True
80b9f05d-00cb-41af-9742-7477155e81b5,CUS-00950,339.2,bank_transfer,Kaduna,Zaria,7660a9858ed161d4,2025-03-23 14:18:00,14,6,True
9fdccd44-0de4-4d33-8ebc-5862515e539c,CUS-01423,23951.42,pos,Sokoto,Sokoto-Central,9b4a9315bbdb7cca,2025-03-23 14:19:00,14,6,True
a48e8a44-f258-491f-98db-809012974094,CUS-01887,958795.29,bank_transfer,Lagos,Ikorodu,0be354668f5ee630,2025-03-23 14:19:15,14,6,False
7f4110e0-1a5d-4b56-b528-343880741a1a,CUS-01750,87209.64,bank_transfer,Oyo,Ogbomoso,36acb58c329495a7,2025-03-23 14:20:00,14,6,True
6309de3a-1ad0-43b2-bbc5-f5d9c107c45d,CUS-01750,59537.57,pos,Oyo,Ibadan South-West,36acb58c329495a7,2025-03-23 14:21:00,14,6,True
f0c8eb26-c063-450b-b5bb-0145ce4348d7,CUS-01324,482.08,mobile_money,Ebonyi,Ebonyi-Central,9a86a95dc16a8c44,2025-03-23 14:50:41,14,6,False
2b1da99f-221c-4ec5-be5d-b4822398b056,CUS-01217,32700.61,pos,Anambra,Onitsha North,ea197a474c256325,2025-03-23 14:54:55,14,6,False
07088fd8-38c1-4e6f-9acd-d10bee5c378c,CUS-01577,97058.57,bank_transfer,Delta,Warri South,9fb196909d1c3443,2025-03-23 14:56:04,14,6,False
07095028-a0de-4685-86e9-8582ca764495,CUS-01197,340.47,bank_transfer,Akwa Ibom,Akwa Ibom-Central,5efac0a27f8fb3df,2025-03-23 14:59:31,14,6,False
2f3070a5-9ed1-4d03-af37-0c42e574553a,CUS-00830,3934.18,bank_transfer,Lagos,Alimosho,641b7c08ec6c7f29,2025-03-23 15:03:25,15,6,False
261807ba-f80c-4293-94ae-0ce9b7dbcbd4,CUS-00194,60768.56,mobile_money,Kano,Gwale,772c1cdc30b567ac,2025-03-23 15:07:49,15,6,False
e4cdda1d-de2d-4ffc-a5ca-6002af39f37e,CUS-01624,358.4,pos,Lagos,Surulere,766976ee8cdbe429,2025-03-23 15:11:31,15,6,False
fef24618-26ad-4d6f-8112-fda10c80023b,CUS-01576,3055.0,pos,Lagos,Oshodi-Isolo,7bae466cfc2d3e32,2025-03-23 15:14:25,15,6,False
fb8edb41-2142-45d2-bc2f-b924f9d7c80a,CUS-00134,452.73,mobile_money,Jigawa,Jigawa-Central,e7db1492838416b6,2025-03-23 15:18:02,15,6,False
bddf09fb-83c6-422a-94a6-45ba07d05c4a,CUS-01590,1229.96,card,Anambra,Awka South,13407ce4863fe750,2025-03-23 15:27:29,15,6,False
d410cc9d-51aa-4baa-abf1-31a738663a3f,CUS-00969,75721.99,bank_transfer,Abuja FCT,Kuje,16437dc8de01cc12,2025-03-23 15:27:45,15,6,False
d03b295f-ee6c-463e-9b51-f60b83593bcc,CUS-00218,150.4,ussd,Delta,Uvwie,24abeb697c977db0,2025-03-23 15:29:35,15,6,False
cd6c3959-cfb8-441e-8212-914f348adec2,CUS-01064,2117.22,bank_transfer,Rivers,Eleme,b9189ef7da9ec2d9,2025-03-23 15:29:56,15,6,False
ebc717dc-175b-4ccd-ac0d-ce209d87b07b,CUS-00990,270.8,pos,Imo,Imo-Central,867cc7228b2daf96,2025-03-23 15:41:40,15,6,False
3867c3ba-c67e-4e4e-a8c0-6ef1b355b47d,CUS-01738,2363.92,mobile_money,Rivers,Port-Harcourt,a1b70eee008f9afd,2025-03-23 15:45:25,15,6,False
eddc263e-d112-42a8-83ad-c1d124b3b319,CUS-01750,447931.38,bank_transfer,Oyo,Oyo East,36acb58c329495a7,2025-03-23 15:48:00,15,6,True
b338cb9a-ce58-473c-961e-e88cba289be6,CUS-01076,3443.3,ussd,Rivers,Oyigbo,8fb4ce490c245fca,2025-03-23 16:11:00,16,6,False
17479af1-4f87-4446-9851-ff31bf241fe1,CUS-01675,3492.33,mobile_money,Kano,Nassarawa,a9e9dac83e68ea24,2025-03-23 16:15:00,16,6,True
9e8ebdee-a892-4a00-b97c-07010dfdd37f,CUS-00903,738727.27,mobile_money,Oyo,Ibadan North,e707cda42c6fc450,2025-03-23 16:15:00,16,6,True
613f1ace-c350-4cb0-bfbf-f8ae85d713d7,CUS-00074,215.14,ussd,Edo,Ikpoba-Okha,29381210ef969377,2025-03-23 16:19:53,16,6,False
02a51f2c-4f3a-4432-8018-73b1f9767658,CUS-01675,2086.17,ussd,Kano,Dala,a9e9dac83e68ea24,2025-03-23 16:20:00,16,6,True
8b349a60-1207-4838-b09a-50f2479ed904,CUS-01439,1110.32,ussd,Anambra,Onitsha North,ee6a1de6a1ba11f5,2025-03-23 16:23:37,16,6,False
692e6e0d-9038-4713-8249-8714a5787477,CUS-01750,120.05,pos,Oyo,Ibadan South-West,36acb58c329495a7,2025-03-23 16:32:00,16,6,True
a3962365-50fb-4def-9ea5-e563e165ad58,CUS-01675,51427.31,mobile_money,Kano,Tarauni,a9e9dac83e68ea24,2025-03-23 16:38:00,16,6,True
c942e0f2-072e-4f0b-aebc-70e1b76052f8,CUS-01452,966830.87,mobile_money,Zamfara,Zamfara-Central,8af2244a304d26f8,2025-03-23 16:53:30,16,6,False
738d8ae9-955c-483b-8423-4bfb50dc0d85,CUS-00286,2966.6,card,Abuja FCT,Bwari,475411eb6eadef97,2025-03-23 16:55:12,16,6,False
3660c3bf-145e-4da0-a743-03ce3cdffb1f,CUS-00185,22337.25,pos,Delta,Oshimili South,d898e5104d1303b0,2025-03-23 16:57:38,16,6,False
6c58c001-2400-41fd-a493-399b5fbea705,CUS-01892,297.84,pos,Imo,Imo-Central,6614c00a15167cdf,2025-03-23 17:01:00,17,6,True
493075d2-e9f0-4fc6-a539-a576a62b5a2c,CUS-01892,293.06,ussd,Imo,Imo-Central,6614c00a15167cdf,2025-03-23 17:08:00,17,6,True
d581c37b-8e80-41f9-8019-f6c01565d6f1,CUS-00363,4296.56,bank_transfer,Oyo,Ogbomoso,89065733662aeed2,2025-03-23 17:11:55,17,6,False
966b3ed9-7eed-4d82-9723-2a256c6018f4,CUS-00855,79.78,bank_transfer,Lagos,Oshodi-Isolo,c708ef9fa6a48519,2025-03-23 17:18:23,17,6,False
9f2137c4-b6b1-457e-8753-02206685006f,CUS-01892,334.09,ussd,Imo,Imo-Central,6614c00a15167cdf,2025-03-23 17:22:00,17,6,True
c5e34ddc-2052-4b16-b33e-1854ea8614e6,CUS-00490,2205.08,pos,Abuja FCT,Kuje,559a3ab27e289433,2025-03-23 17:26:05,17,6,False
8ee55613-10e9-41ce-9dbf-c639542c2715,CUS-00115,1206.06,pos,Zamfara,Zamfara-Central,cc9901f14e251415,2025-03-23 17:31:25,17,6,False
7c17c56e-09a8-4fd8-8afe-0e7553e65dfe,CUS-01892,95.48,mobile_money,Imo,Imo-Central,6614c00a15167cdf,2025-03-23 17:43:00,17,6,True
9725b15c-27a7-4956-8622-5092bdbc624f,CUS-01892,300.26,ussd,Imo,Imo-Central,6614c00a15167cdf,2025-03-23 17:44:00,17,6,True
ab5ccbaf-b5b7-41db-bff2-6a20942cf9d7,CUS-01892,89.46,ussd,Imo,Imo-Central,6614c00a15167cdf,2025-03-23 17:50:00,17,6,True
0aa428c5-9220-4d19-be01-19f2301a2f6c,CUS-01797,59.47,pos,Lagos,Surulere,e2fc293fbae9deba,2025-03-23 17:50:10,17,6,False
667f3c60-6292-4807-a95d-bfa19b5e63a8,CUS-01892,134.53,pos,Imo,Imo-Central,6614c00a15167cdf,2025-03-23 17:51:00,17,6,True
39382fd3-ee05-4611-8b1a-a814ee9e2c1f,CUS-00903,54484.86,pos,Oyo,Ibadan North,e707cda42c6fc450,2025-03-23 17:53:00,17,6,True
cb8f0098-1705-42d5-a628-89d1409d72df,CUS-01069,6906.9,mobile_money,Kano,Dala,b069407252ab93ec,2025-03-23 17:53:43,17,6,False
2c6528bf-b03f-4c7e-9ae1-159169ff9da4,CUS-01436,132.35,pos,Kano,Kumbotso,407a3276e36403ea,2025-03-23 17:56:00,17,6,True
1e012d08-fa49-482a-8f60-56979320f07f,CUS-00903,572887.48,bank_transfer,Oyo,Ibadan South-West,e707cda42c6fc450,2025-03-23 18:01:00,18,6,True
1f040418-fadb-4f89-944a-c733405f5ef8,CUS-00758,1088.56,mobile_money,Nassarawa,Nassarawa-Central,939287cb470a4cbe,2025-03-23 18:01:57,18,6,False
1aa58a65-9b09-48a6-9cb7-160f449657d8,CUS-01035,76990.76,pos,Edo,Egor,156ab5dd8a852c79,2025-03-23 18:04:30,18,6,False
43c2fcd8-59f4-49a3-941e-a43818b8daf6,CUS-00660,3482.65,bank_transfer,Kano,Tarauni,8c6878b8b463d522,2025-03-23 18:05:16,18,6,False
4d571401-4ed9-4d87-b043-18799c50ecaa,CUS-00486,14909.69,bank_transfer,Lagos,Kosofe,eef581881ffc0e65,2025-03-23 18:12:17,18,6,False
e3773110-0a48-46b7-80eb-1fa36d8c521c,CUS-01675,372.84,ussd,Kano,Dala,a9e9dac83e68ea24,2025-03-23 18:17:00,18,6,True
7459898e-f898-4204-81a9-76211a117310,CUS-01436,282.73,mobile_money,Kano,Gwale,407a3276e36403ea,2025-03-23 18:19:00,18,6,True
2b0a15a3-9f9b-4673-9032-d7c6788a4b73,CUS-00994,35846.64,pos,Rivers,Obio-Akpor,188c7c6b9c629f66,2025-03-23 18:22:44,18,6,False
8d2d5d49-6b63-489f-8e0b-4b11d2d26d7d,CUS-01255,3772.43,pos,Rivers,Oyigbo,6773a08760c2e82d,2025-03-23 18:22:51,18,6,False
e9cdf29d-6a3f-4aff-b14c-1f00d498c6e2,CUS-01049,2976.82,pos,Lagos,Mushin,317bf6dcd72d237b,2025-03-23 18:26:48,18,6,False
f19f3f89-6d34-41e1-8d6e-2a2fe1c4ee34,CUS-01148,20359.92,mobile_money,Borno,Borno-Central,7dad1b3771045202,2025-03-23 18:28:01,18,6,False
a531df5d-a2d7-4fdc-b092-d56f579162cc,CUS-01532,77695.97,pos,Ondo,Ondo-Central,ef2c51163b7b1b11,2025-03-23 18:33:00,18,6,False
23491b05-a7a8-494c-a987-442572aba8c6,CUS-01597,274.79,bank_transfer,Lagos,Mushin,66b0d9200f483975,2025-03-23 18:42:01,18,6,False
e38509af-a7af-4cd5-a29b-667f42269ac9,CUS-00426,63684.19,pos,Abuja FCT,Bwari,a6c9458cb98726fc,2025-03-23 18:43:25,18,6,False
d94a4261-1f80-464b-9606-9483628e01a2,CUS-00950,3840.49,bank_transfer,Kaduna,Kaduna South,7660a9858ed161d4,2025-03-23 18:47:00,18,6,True
9ac4c442-fb96-4292-8a8d-a63a5e8cf58f,CUS-00373,242.93,bank_transfer,Anambra,Awka South,e49e584a125d0350,2025-03-23 18:47:29,18,6,False
18a7a16f-87a0-4d94-b54c-f537fa64a4e5,CUS-01246,3539.95,bank_transfer,Lagos,Lagos Mainland,3fde53d02cb1d927,2025-03-23 19:02:47,19,6,False
9870ccf7-bc23-41d1-9bbc-63c3a92759ce,CUS-00574,25248.5,pos,Sokoto,Sokoto-Central,14aafd8c2d7338af,2025-03-23 19:06:16,19,6,False
049c8a04-47eb-46a7-bac2-7395799fe5f9,CUS-00903,271.64,mobile_money,Oyo,Oyo East,e707cda42c6fc450,2025-03-23 19:07:00,19,6,True
dc822b6d-e9ba-4b17-b42e-95d0d6a98ead,CUS-00307,4711.29,bank_transfer,Kano,Fagge,6d0a82c927ff5ec6,2025-03-23 19:09:44,19,6,False
4865f890-e2a4-4b30-8710-f3a178d1484c,CUS-00837,72915.35,pos,Rivers,Eleme,06cddace0190e17b,2025-03-23 19:11:04,19,6,False
fcf0b8ec-dc92-4bfb-b26b-370c7713eb97,CUS-00679,98103.18,bank_transfer,Zamfara,Zamfara-Central,7e25cc8d75f3b759,2025-03-23 19:15:17,19,6,False
70522c16-f809-4e0e-ab3e-4fe630f991e5,CUS-01694,97.52,pos,Rivers,Oyigbo,d5150cfe61edef38,2025-03-23 19:19:53,19,6,False
716cb7ec-43f0-4c4f-80e3-d7f527ecc50e,CUS-01436,128.4,bank_transfer,Kano,Nassarawa,407a3276e36403ea,2025-03-23 19:20:00,19,6,True
1128502e-6b0d-4d74-97b5-77aa74956471,CUS-00950,994.71,pos,Kaduna,Kaduna South,7660a9858ed161d4,2025-03-23 19:25:00,19,6,True
40517610-3b9d-4b87-ac07-5412c5bebfb5,CUS-00210,456.35,mobile_money,Oyo,Ibadan North,e7a908e94677ed3e,2025-03-23 19:26:19,19,6,False
7f5e231c-167b-4bd4-b162-d72bba6b11b6,CUS-00161,3045.78,bank_transfer,Enugu,Enugu East,60cf3886193024a7,2025-03-23 19:26:50,19,6,False
b3d66ab5-6b63-4fb6-82ab-48c0544b4bf8,CUS-00903,89646.69,bank_transfer,Oyo,Ibadan South-West,e707cda42c6fc450,2025-03-23 19:32:00,19,6,True
bd17b9f6-40be-4309-9050-14efac4ffb72,CUS-00628,413892.31,bank_transfer,Lagos,Ikeja,ba556bfeb1b5b580,2025-03-23 19:34:10,19,6,False
f3ac20e3-8ffe-4f4d-ad1a-02987873f6c5,CUS-01750,1516.25,pos,Oyo,Ibadan North,36acb58c329495a7,2025-03-23 19:35:00,19,6,True
8d8bc2d7-4e66-4703-a7c9-b893d8b33039,CUS-01436,22198.02,pos,Kano,Gwale,407a3276e36403ea,2025-03-23 19:41:00,19,6,True
545e2f81-a58b-4d56-a271-fef11a47bc00,CUS-01905,42423.63,bank_transfer,Lagos,Mushin,63c9a98938fd6b95,2025-03-23 19:56:05,19,6,False
075fd86c-e02d-4c17-97ef-14c72f89b1e6,CUS-00229,361.66,pos,Enugu,Enugu East,b213b560d21d418e,2025-03-23 20:07:27,20,6,False
af7c51f3-a748-45a5-85ee-2b978ba8415e,CUS-00701,52624.61,mobile_money,Lagos,Eti-Osa,103556a324a9a49d,2025-03-23 20:24:41,20,6,False
552b89a8-b18a-4174-a11f-1bb115cdc0ce,CUS-01436,92.94,pos,Kano,Fagge,407a3276e36403ea,2025-03-23 20:26:00,20,6,True
4be1ed47-c89a-4425-a62e-01125a212d23,CUS-01607,4601.11,pos,Imo,Imo-Central,984cfcfe59f2d6b7,2025-03-23 20:26:37,20,6,False
9504a544-e438-478c-a09d-49abe94b4912,CUS-00424,1726.95,pos,Lagos,Alimosho,91994fb841d39732,2025-03-23 20:27:35,20,6,False
4f7d07c2-f289-4fcc-b12f-46aa4919fb7d,CUS-00903,3200.2,card,Oyo,Oyo East,e707cda42c6fc450,2025-03-23 20:37:00,20,6,True
910581ec-2d4e-4087-b7db-82586482d553,CUS-01775,861085.85,ussd,Kano,Fagge,d9a299ad346ab25c,2025-03-23 20:37:09,20,6,False
277aca85-8469-4be4-9cec-a2f4c45a90d8,CUS-00871,84117.38,ussd,Kano,Nassarawa,086966739eb1d2e8,2025-03-23 20:41:19,20,6,False
51667a31-8da6-4ef1-8177-048fefb20522,CUS-01675,960178.17,ussd,Kano,Nassarawa,a9e9dac83e68ea24,2025-03-23 20:56:00,20,6,True
a2544d1c-c362-483a-82e3-efa3171666c8,CUS-00340,394.86,mobile_money,Abuja FCT,Bwari,42fe7616398a23da,2025-03-23 20:58:09,20,6,False
20938f06-ec0d-448c-b1cf-46dc8ed22ad5,CUS-00879,92707.74,pos,Lagos,Mushin,4f8acc0ab1ef2e45,2025-03-23 20:58:34,20,6,False
cc573425-f3a1-4a5c-83df-5fb218b35815,CUS-00421,31956.99,pos,Imo,Imo-Central,30c2c103147fffc3,2025-03-23 21:00:37,21,6,False
dc63370d-0637-42bf-88bc-0d55c57aa190,CUS-01675,261.46,pos,Kano,Fagge,a9e9dac83e68ea24,2025-03-23 21:01:00,21,6,True
3155fea3-06a7-4da2-9e3f-3c48ce6b2875,CUS-01675,213.43,pos,Kano,Gwale,a9e9dac83e68ea24,2025-03-23 21:01:00,21,6,True
72a34d81-ef48-42a6-8510-9674a7faac94,CUS-00977,6804.17,pos,Lagos,Agege,ffbdca1a3ac6ce03,2025-03-23 21:09:39,21,6,False
a71487dd-599a-41e8-bb09-4f50e5303de0,CUS-01923,69310.69,pos,Kano,Kumbotso,19a94d961a7b33d9,2025-03-23 21:33:28,21,6,False
3984f432-1ad7-4b46-b642-4eac67dd5af2,CUS-00951,1549.09,bank_transfer,Delta,Warri South,4973e4e26b1c17dd,2025-03-23 21:41:33,21,6,False
177fd691-491c-48dc-b60e-8b72e9cd1109,CUS-00805,4353.38,card,Osun,Osun-Central,1bd77958d113fdcf,2025-03-23 21:53:39,21,6,False
3bdd744c-81a8-4cbd-b01d-394d44832072,CUS-00950,3166.49,pos,Kaduna,Kaduna North,7660a9858ed161d4,2025-03-23 22:31:00,22,6,True
0f705976-e80c-48b0-8350-6e535a2693b7,CUS-01436,215.98,pos,Kano,Kumbotso,407a3276e36403ea,2025-03-23 22:57:00,22,6,True
bd40b445-62d0-4e4e-b4ed-7735d8f7067e,CUS-01729,10360.56,bank_transfer,Kaduna,Kaduna South,14cfd0e04dac2451,2025-03-23 23:46:20,23,6,False
1889738f-78b1-4517-84c3-030156f86c1d,CUS-00225,70094.95,bank_transfer,Lagos,Alimosho,0745bb953102d53d,2025-03-24 00:29:21,0,0,False
fadc002b-cf98-49a2-a6cc-7bdfdb4e6499,CUS-00070,87313.52,card,Abia,Abia-Central,7c295cab1e590026,2025-03-24 00:42:01,0,0,False
5a6e4179-0adc-4fd7-988c-3c11a8c8845c,CUS-00257,123.59,bank_transfer,Edo,Ikpoba-Okha,05b67e1b6e78ab21,2025-03-24 01:31:40,1,0,False
3bab8a53-e59a-4bf0-8ee5-dbf088461cb2,CUS-01417,51603.14,mobile_money,Lagos,Lagos Mainland,b56e5ca0db4f72a5,2025-03-24 01:44:57,1,0,False
d231fa14-a871-457b-9cfb-31a2496417ba,CUS-01001,1858.96,mobile_money,Oyo,Oyo East,537f88949a0d8fb6,2025-03-24 05:28:28,5,0,False
4e474d10-8525-4f7d-a179-d54c8bac3532,CUS-01048,859081.3,bank_transfer,Zamfara,Zamfara-Central,5ead41bb0faa4328,2025-03-24 05:47:00,5,0,True
459055d9-bc32-4a80-9d60-5fd6780ae8d5,CUS-01318,2711.97,pos,Lagos,Ikeja,0d53a7e44c1ebaa4,2025-03-24 06:09:00,6,0,True
b7fe6a7a-d819-4669-b688-0714cbae5f11,CUS-00264,2550.39,bank_transfer,Kebbi,Kebbi-Central,e6fc28195d9c3e83,2025-03-24 06:44:59,6,0,False
b687ec93-fe15-4d40-8c69-bd6bfb6b2edf,CUS-01318,2400.24,ussd,Lagos,Lagos Mainland,0d53a7e44c1ebaa4,2025-03-24 06:52:00,6,0,True
4839d19c-48b0-48e8-9e71-bb8757c3e346,CUS-00516,16167.94,pos,Rivers,Port-Harcourt,a9e4532a82bbee62,2025-03-24 07:02:57,7,0,False
bc1d861f-3303-4e13-904e-073444c3fe07,CUS-01932,107.63,bank_transfer,Oyo,Ogbomoso,1015c124c9b58be1,2025-03-24 07:31:04,7,0,False
4646d6e3-4749-40a7-b50b-0ca2271a8efc,CUS-01318,2614.47,bank_transfer,Lagos,Surulere,0d53a7e44c1ebaa4,2025-03-24 07:47:00,7,0,True
2e58490c-387f-4ec2-9f9c-eb5e1ddc915a,CUS-01250,4933.71,bank_transfer,Imo,Imo-Central,0731972790fd691c,2025-03-24 09:16:15,9,0,False
100e806e-40e6-4c46-a076-2c7525848610,CUS-01838,343.37,ussd,Yobe,Yobe-Central,6a7ec85c1aa650c1,2025-03-24 09:27:39,9,0,False
91e2d970-30a6-4730-987e-722115211286,CUS-01318,36774.51,mobile_money,Lagos,Ikorodu,0d53a7e44c1ebaa4,2025-03-24 09:33:00,9,0,True
56a7fdc1-73ce-4646-a120-75d25eea73c0,CUS-01318,4966.4,pos,Lagos,Mushin,0d53a7e44c1ebaa4,2025-03-24 09:33:00,9,0,True
b74f4108-6e54-453b-a9fe-bd968de3ac9e,CUS-01281,1457.1,pos,Edo,Ikpoba-Okha,1bd265a4fcf5f631,2025-03-24 09:36:27,9,0,False
adcb60f9-28da-49d1-96a2-67e3c43a0790,CUS-01254,1336.54,mobile_money,Anambra,Awka South,e253a6ae5eaa7b46,2025-03-24 09:42:03,9,0,False
6cfb51eb-fb9e-4400-9ea0-a6d311864332,CUS-01318,447.22,pos,Lagos,Surulere,0d53a7e44c1ebaa4,2025-03-24 09:43:00,9,0,True
96b5ba1b-95bb-422c-a103-a055849bcde4,CUS-00521,7419.91,pos,Rivers,Eleme,a0aaebb24338c8d8,2025-03-24 09:46:03,9,0,False
88b8a7bc-6ebe-4de2-9ccb-142a66cd736e,CUS-00773,76872.81,bank_transfer,Rivers,Eleme,bf57dfc7ac1d19b3,2025-03-24 09:58:27,9,0,False
2024ba0d-b678-4e0e-ad0d-5a9c352878f8,CUS-00924,133.11,pos,Rivers,Obio-Akpor,d494faa3deaae833,2025-03-24 10:06:56,10,0,False
d9e938e9-7989-42f5-aae4-d23697827e43,CUS-01839,1398.56,mobile_money,Lagos,Mushin,9ec5d5657a2201e2,2025-03-24 10:09:18,10,0,False
7137c2d6-9389-4810-b3a7-55b2e9d2dd55,CUS-01583,26441.79,pos,Abuja FCT,Bwari,91b7d62f8a3e011f,2025-03-24 10:12:49,10,0,False
e3cf8d4e-b6dc-44cf-8b4e-27becbd26a7a,CUS-01112,3931.79,mobile_money,Lagos,Oshodi-Isolo,b4f1235d82904da6,2025-03-24 10:36:02,10,0,False
55fb39a0-0f80-453d-9267-7568afa07838,CUS-00733,311.33,card,Abuja FCT,Kuje,47a5dfc0b178c136,2025-03-24 10:36:22,10,0,False
b49478cd-dc61-4f8a-9f2c-232fada66e4e,CUS-01358,2712.3,mobile_money,Kano,Gwale,c30937aaf9c93ce0,2025-03-24 10:50:54,10,0,False
d41e9c68-4235-4176-8c9a-5a4603a4d1da,CUS-01889,123.8,bank_transfer,Ogun,Ogun-Central,d4dcceb674d03143,2025-03-24 10:57:01,10,0,False
fd3c18ea-216f-4c2f-8976-0df5d0092c08,CUS-01372,140.2,pos,Sokoto,Sokoto-Central,713ea3cc11d3ba66,2025-03-24 10:57:38,10,0,False
0b1f8176-49f3-45d1-8b12-3d8dba54f64a,CUS-00101,82849.07,bank_transfer,Enugu,Nsukka,0a2033d5ef1404b7,2025-03-24 10:58:21,10,0,False
b45387ef-22e0-403d-bb2f-0db2928c067b,CUS-00589,296.6,mobile_money,Lagos,Mushin,5e6a801e67834684,2025-03-24 11:02:30,11,0,False
67df6ca1-ea9d-4499-80ac-37d1d275d0ff,CUS-00393,234.04,pos,Abia,Abia-Central,6d5850dcdc1d378b,2025-03-24 11:10:51,11,0,False
022a017a-bba7-4dd5-91b3-23a9cc4b4ce0,CUS-01315,14887.86,mobile_money,Delta,Warri South,37b697e0557bbd0e,2025-03-24 11:11:34,11,0,False
0fbf56c7-1445-46e4-aca5-62ea27c81911,CUS-00900,1978.84,pos,Lagos,Ikorodu,d66a452ae977614a,2025-03-24 11:11:46,11,0,False
58af0ac9-c0c5-46a4-930c-00642bd6458c,CUS-00900,65268.09,pos,Lagos,Ikorodu,d66a452ae977614a,2025-03-24 11:15:30,11,0,False
017842c6-aafb-43e6-8e61-9b092f20d4cf,CUS-00433,80918.83,pos,Lagos,Agege,dc214b9c85be517a,2025-03-24 11:25:43,11,0,False
5e29019d-6bed-46c7-8e9d-b06a80cba920,CUS-00084,3758.94,bank_transfer,Kano,Dala,31075b13f8b10ce4,2025-03-24 11:29:34,11,0,False
68ebcb57-d560-497b-b68f-8fdf6f5f5b63,CUS-01962,373.93,pos,Bauchi,Bauchi-Central,d70390a3e9a87b2e,2025-03-24 11:49:56,11,0,False
664fa981-1dfb-4920-9875-08e671c6ec1f,CUS-01849,88558.73,bank_transfer,Delta,Uvwie,18e60b69544688c6,2025-03-24 11:49:58,11,0,False
b5ae547b-dfd3-4a54-945a-fbdee034703b,CUS-01533,193958.57,bank_transfer,Kano,Dala,189df3b2a7ddc4fc,2025-03-24 11:52:00,11,0,True
6c0b8eb1-b78a-467b-8b3e-235b2f7b74cc,CUS-00446,2959.8,pos,Ogun,Ogun-Central,a54ec969ae4fe771,2025-03-24 11:55:07,11,0,False
7ce7dc15-75a9-4e8e-8ed3-cb3db556222c,CUS-00764,253977.37,pos,Lagos,Ikorodu,505092f3fbd319a1,2025-03-24 11:56:38,11,0,False
c5278496-946b-45f6-98e6-aa2509ac22ee,CUS-01939,400.02,bank_transfer,Lagos,Alimosho,8768ba6957f10aa1,2025-03-24 12:05:35,12,0,False
3f142d68-d9f9-4cb1-9732-6310b4e73d0b,CUS-01241,492.17,bank_transfer,Abia,Abia-Central,6a842683f72bdf4b,2025-03-24 12:23:09,12,0,False
ea355709-4742-43c2-bc25-98971b2db40b,CUS-01672,159340.16,mobile_money,Zamfara,Zamfara-Central,62f20bbb589f3230,2025-03-24 12:37:15,12,0,False
3e874b64-dfd8-4d83-b498-263968460da6,CUS-00385,2953.47,bank_transfer,Benue,Benue-Central,fe012c67a9e98f01,2025-03-24 12:37:56,12,0,False
57ce6d4b-8e76-4889-af4c-17ae8b0830bb,CUS-01099,79276.92,bank_transfer,Kano,Fagge,2b981b38772e1c60,2025-03-24 12:55:10,12,0,False
bbf3a74f-3ea2-4a0e-8610-c789dce2ea07,CUS-01762,3342.28,bank_transfer,Lagos,Eti-Osa,a30f47b1c41a7839,2025-03-24 13:00:00,13,0,True
06350bc7-a6a1-48f2-b182-e51139a12746,CUS-01279,2163.62,mobile_money,Abuja FCT,Bwari,b56cc1990c02d164,2025-03-24 13:01:09,13,0,False
577a2f3d-98a4-4166-890e-c63010cfc638,CUS-00902,1406.81,pos,Lagos,Oshodi-Isolo,74f8fb4b85130ba0,2025-03-24 13:09:52,13,0,False
c9fce442-e6e1-47bd-800f-fec144cf5324,CUS-01762,84988.2,ussd,Yobe,Yobe-Central,a30f47b1c41a7839,2025-03-24 13:11:00,13,0,True
ada03519-dc1d-49ba-85b8-6a4a5cea011d,CUS-00853,143.75,ussd,Nassarawa,Nassarawa-Central,be466e32ca37e9cd,2025-03-24 13:13:28,13,0,False
c1a46d57-a6be-4cce-a79e-13c4d9d433a0,CUS-01527,3025.83,bank_transfer,Kano,Dala,1525da85020e4792,2025-03-24 13:27:55,13,0,False
a356422a-ed2e-4974-81c6-eb7cddbcdf53,CUS-01253,447.57,pos,Lagos,Ikorodu,c8054b1af1495193,2025-03-24 13:30:16,13,0,False
50209b12-1a31-4898-9722-241bfb02707a,CUS-00636,771484.94,pos,Oyo,Ibadan North,0e03d5f724baf012,2025-03-24 13:39:30,13,0,False
4d21f05f-1ae6-4b3d-a38f-0e1996e74e6b,CUS-01812,16825.82,pos,Kano,Dala,3673738ad941e114,2025-03-24 13:43:01,13,0,False
d49556f9-13b1-4e03-894f-06ff98ed1376,CUS-00018,1779.28,pos,Rivers,Obio-Akpor,64be6769e0ecccb4,2025-03-24 14:11:28,14,0,False
660950bd-0e3e-4c41-878e-79b92d4c9a61,CUS-01855,2720.25,pos,Lagos,Agege,5f2890bf6a138d02,2025-03-24 14:16:01,14,0,False
16779740-3885-4f96-85da-571f09154fe8,CUS-00364,446.41,bank_transfer,Jigawa,Jigawa-Central,a373311aaf47ce29,2025-03-24 14:52:23,14,0,False
39b9d222-f050-49de-b4b6-4bb2c5e33372,CUS-01645,194121.01,bank_transfer,Kwara,Kwara-Central,28718c1a00f4bf11,2025-03-24 14:53:00,14,0,True
76e449e7-b3ba-49a5-8cf6-3c7ea3761671,CUS-01993,154.73,pos,Lagos,Kosofe,dd874e83d9f452d4,2025-03-24 14:53:46,14,0,False
683ebb55-fb2f-4bad-aaf0-3274b51a00e5,CUS-01577,518080.23,bank_transfer,Delta,Oshimili South,9fb196909d1c3443,2025-03-24 14:57:27,14,0,False
f803ab7a-5129-467a-ba53-8e651648d903,CUS-01660,419.16,bank_transfer,Kaduna,Kaduna South,47d98a681f2232b5,2025-03-24 14:58:28,14,0,False
c2fb329b-f698-4755-ab40-8fffe383f761,CUS-01777,954.18,bank_transfer,Rivers,Obio-Akpor,3b6b26cc8eb04698,2025-03-24 14:59:45,14,0,False
9be8813e-858d-4d52-8a33-38f51ac7a934,CUS-01018,1975.99,pos,Taraba,Taraba-Central,b4ff7a153fc4dff5,2025-03-24 15:03:05,15,0,False
d315916a-4acb-4d46-8486-8f8cec069394,CUS-01044,3937.89,mobile_money,Niger,Niger-Central,5ab1a2bf1058e736,2025-03-24 15:04:52,15,0,False
382de95c-9f43-410d-9482-6a3d26356134,CUS-01257,4712.12,pos,Abuja FCT,Municipal,77ef1ea1d75fd442,2025-03-24 15:05:23,15,0,False
ba0dfb7e-7372-409a-893d-cc0ff488e27d,CUS-00158,131265.95,bank_transfer,Lagos,Alimosho,917312f18359f92b,2025-03-24 15:11:19,15,0,False
a4127447-c9d7-453b-a75f-48605e8c865d,CUS-00145,44435.18,mobile_money,Lagos,Ikeja,9e508b130921c688,2025-03-24 15:15:04,15,0,False
be7771d4-d0a2-4022-829e-0c50ca2265fc,CUS-00312,85559.9,bank_transfer,Lagos,Ikeja,3494ed058a6d99ad,2025-03-24 15:27:43,15,0,False
cab54b9a-37cf-4948-9893-bc8b8d639936,CUS-00081,732422.07,pos,Enugu,Enugu North,aa0d9f651510b9f0,2025-03-24 15:59:57,15,0,False
23b98d12-6182-49d0-80a6-490d65dd6d30,CUS-01318,12853.64,mobile_money,Lagos,Kosofe,0d53a7e44c1ebaa4,2025-03-24 16:03:00,16,0,True
8ef1aa65-ac4b-4e57-922c-a45743a2d880,CUS-01063,2420.21,bank_transfer,Rivers,Port-Harcourt,9e1a89fd42d907c4,2025-03-24 16:05:58,16,0,False
540c1e59-f7cc-4248-8b29-953ab3550cb5,CUS-01975,928.44,ussd,Jigawa,Jigawa-Central,640d7e3fa91691b5,2025-03-24 16:26:58,16,0,False
da3accfc-a882-426e-9842-ddea1940ee00,CUS-01093,457.32,bank_transfer,Abuja FCT,Gwagwalada,3c0564b23a094400,2025-03-24 16:27:34,16,0,False
939e3db4-97c5-4396-a90f-33b594bbd178,CUS-00336,49096.72,bank_transfer,Sokoto,Sokoto-Central,6d122924f13a87c4,2025-03-24 16:28:07,16,0,False
25ba9231-7214-4370-ae8b-c0246f17ed3a,CUS-00921,480.61,mobile_money,Abuja FCT,Municipal,c65673b7915bf99e,2025-03-24 16:30:30,16,0,False
853863d6-0aad-45cc-8842-833e5a905a2b,CUS-00595,271.01,mobile_money,Abuja FCT,Kuje,1fc14ea080410264,2025-03-24 16:32:50,16,0,False
69af42ed-88ca-4daa-a213-a3d62bdb6a25,CUS-01510,3702.57,pos,Benue,Benue-Central,69cb295a76c3f3e8,2025-03-24 16:43:20,16,0,False
abab476d-6aea-429c-b1da-941fe8f7b23d,CUS-00561,451.1,mobile_money,Lagos,Eti-Osa,6b64c305fff4b7c1,2025-03-24 16:44:58,16,0,False
de89cbcd-f7d2-4294-a2d5-b1adf0bb34c6,CUS-01318,465.24,bank_transfer,Lagos,Lagos Mainland,0d53a7e44c1ebaa4,2025-03-24 16:49:00,16,0,True
dc4e557f-8483-4716-a43c-ca8c7e96f4a3,CUS-01293,1547.68,bank_transfer,Anambra,Awka South,114ee9c684964d54,2025-03-24 16:52:48,16,0,False
cca9d6ca-404b-4084-889d-dccdf863e004,CUS-01009,79417.51,pos,Abuja FCT,Bwari,d779f710e5a038e7,2025-03-24 17:15:18,17,0,False
ab129701-3f4a-4463-8465-260a9eac89c4,CUS-00005,431.0,mobile_money,Lagos,Mushin,690985c0ae071827,2025-03-24 17:18:12,17,0,False
ab2c1b08-c67a-4301-bdac-b33ac1696776,CUS-01749,50944.15,ussd,Lagos,Ikorodu,1bf255c831c8b957,2025-03-24 17:18:39,17,0,False
0d02aac0-ca59-46b8-b5bb-00bb0a6cd199,CUS-00657,2720.11,ussd,Rivers,Obio-Akpor,663d45a6ec85fbeb,2025-03-24 17:21:47,17,0,False
ce0efd75-5aee-464e-a403-424c1da9fc60,CUS-01309,3918.23,bank_transfer,Benue,Benue-Central,3f2e55ad5d711bdb,2025-03-24 17:28:42,17,0,False
2af29ee8-44a0-455c-9de6-88ebbccae780,CUS-01237,4601.43,card,Abuja FCT,Bwari,133b472c31a8289a,2025-03-24 17:33:23,17,0,False
302fddb3-c312-46fe-b835-a07717f0a30c,CUS-01667,2848.68,pos,Yobe,Yobe-Central,7e4e3afc85b0c8b0,2025-03-24 17:36:57,17,0,False
7e201f79-2797-4492-8923-4c6033bdb941,CUS-00899,65890.82,pos,Lagos,Eti-Osa,6f982fdfe8b9f332,2025-03-24 17:37:44,17,0,False
4c1c6313-d387-4bb7-a4cf-9f2e588a31bf,CUS-01817,108.24,mobile_money,Kwara,Kwara-Central,303a9e8e2b3d6b5a,2025-03-24 17:48:08,17,0,False
026d3a9f-9e2a-4714-a472-41d178f2389c,CUS-01425,29059.62,bank_transfer,Akwa Ibom,Akwa Ibom-Central,94921b8cae938886,2025-03-24 18:00:56,18,0,False
f687ed25-c229-4361-9a60-79a6da683136,CUS-01125,3927.1,bank_transfer,Oyo,Ogbomoso,b63037c4f1608ebc,2025-03-24 18:05:30,18,0,False
bb0d3492-19cf-4537-9e33-adaee25f2b3a,CUS-01126,68323.78,mobile_money,Lagos,Surulere,4dbdfcbd94e9e972,2025-03-24 18:07:29,18,0,False
8cd04471-bcb7-4cc9-9d02-a25ee67f4b52,CUS-00890,230.63,pos,Ondo,Ondo-Central,ec04d0f65b6923c4,2025-03-24 18:12:28,18,0,False
6ccec30b-9620-4c2d-96df-c143789e64e4,CUS-01318,460.12,mobile_money,Lagos,Surulere,0d53a7e44c1ebaa4,2025-03-24 18:15:00,18,0,True
58670335-ce74-4143-a52c-8df4a55f5882,CUS-00660,479.76,bank_transfer,Kano,Nassarawa,8c6878b8b463d522,2025-03-24 18:15:30,18,0,False
0929008b-d5a9-4cf2-87dd-67ad79793315,CUS-00726,709.73,pos,Lagos,Eti-Osa,dafcccd8fd9e36a8,2025-03-24 18:17:27,18,0,False
a24356e1-9e86-4491-8104-0cced03dd1c9,CUS-00683,961785.31,pos,Anambra,Awka South,792417d8a46fd0a5,2025-03-24 18:18:08,18,0,False
49a9c695-5687-4b2b-b3c8-b114ab74e2fb,CUS-00710,4023.54,mobile_money,Kwara,Kwara-Central,4e59f88826819d26,2025-03-24 18:22:10,18,0,False
7b55a1f3-9e84-495b-88a2-2aab2cac36f4,CUS-00049,2307.28,pos,Lagos,Eti-Osa,45d1a59f5d7f63e7,2025-03-24 18:39:33,18,0,False
f3762501-8f26-427d-9592-ccea59de6abd,CUS-00579,23743.32,bank_transfer,Kano,Tarauni,f9d75d8c8fad4688,2025-03-24 18:42:55,18,0,False
e5307792-67ba-4e59-8cc0-8051915ddc0a,CUS-01232,128.35,mobile_money,Lagos,Eti-Osa,3bdc663f1724f3e8,2025-03-24 18:54:46,18,0,False
f6f8e789-a088-4765-a335-8d0725a2d81c,CUS-01035,3510.85,pos,Edo,Ikpoba-Okha,156ab5dd8a852c79,2025-03-24 18:57:20,18,0,False
f29e9594-cf6c-4713-b7fc-f47197569f91,CUS-00399,273588.74,pos,Osun,Osun-Central,7ad897b38bbadf7c,2025-03-24 18:59:24,18,0,False
a9bce503-f48a-4734-9aa2-6f5e7253356e,CUS-00399,156.21,bank_transfer,Osun,Osun-Central,7ad897b38bbadf7c,2025-03-24 19:02:52,19,0,False
e64274a1-8aee-4e21-ab10-457038908c7e,CUS-00987,4841.87,bank_transfer,Rivers,Port-Harcourt,01e7a632232003ba,2025-03-24 19:20:17,19,0,False
ac254488-bc06-4aa9-9975-ddc4e3300fa7,CUS-00336,396.35,bank_transfer,Sokoto,Sokoto-Central,6d122924f13a87c4,2025-03-24 19:38:51,19,0,False
88a8f37c-e4b7-4768-801e-4c437c8cba75,CUS-01784,83665.66,mobile_money,Delta,Uvwie,418192c8ffc6e281,2025-03-24 19:55:48,19,0,False
10b48bac-9661-4fdc-a64e-b4733ebb3cf1,CUS-00333,405.84,mobile_money,Lagos,Eti-Osa,b5bd0c2268bf604e,2025-03-24 20:09:01,20,0,False
b4060833-905f-4feb-8ee9-26183502640c,CUS-01436,282.65,pos,Kano,Tarauni,407a3276e36403ea,2025-03-24 20:10:25,20,0,False
264fd1ac-01f1-4935-82ea-1126e6c34184,CUS-00097,560719.1,bank_transfer,Rivers,Obio-Akpor,b6d43539671f700f,2025-03-24 20:11:02,20,0,False
91ceccf8-4a11-4628-b8cf-0b5009969fc0,CUS-01071,38324.16,pos,Lagos,Agege,2c2aba826c5a47ac,2025-03-24 20:34:53,20,0,False
8ce3ca54-fc44-4252-823d-d2a22bfd314b,CUS-01688,4438.69,pos,Kaduna,Kaduna South,c6da6c20add6ccdb,2025-03-24 20:36:41,20,0,False
9cebc079-4f3d-49e8-9bbb-4125c748ab4d,CUS-00600,4382.62,bank_transfer,Lagos,Eti-Osa,ca8783ddf7b9c102,2025-03-24 20:36:54,20,0,False
093dabec-9c2f-44c6-9daf-fbfd71a05d7a,CUS-00015,487.1,bank_transfer,Lagos,Agege,18c3701a26db3a75,2025-03-24 20:37:50,20,0,False
6b2d065a-d22d-40ca-a025-53230d7d1401,CUS-01935,3236.88,bank_transfer,Benue,Benue-Central,beac29344830dd2f,2025-03-24 20:38:05,20,0,False
189fd570-87b7-4a31-aaed-03c9e991d3ea,CUS-00350,4962.33,bank_transfer,Abuja FCT,Bwari,b27e4fcd31057a4f,2025-03-24 20:58:23,20,0,False
5826945b-cab5-4224-89eb-112a1862498c,CUS-01058,68825.67,pos,Abuja FCT,Bwari,823adada4ab70de2,2025-03-24 21:00:24,21,0,False
40816745-cc12-47d7-9e2d-3249d8e64397,CUS-00771,307.66,bank_transfer,Borno,Borno-Central,d59a3a8ad97e5503,2025-03-24 21:01:19,21,0,False
3f48c723-62da-449a-8f91-082da9248896,CUS-00192,37003.54,mobile_money,Nassarawa,Nassarawa-Central,3be92bc242be1da2,2025-03-24 21:21:09,21,0,False
0df5a7fa-9825-4963-a92a-e1d0631c947c,CUS-00622,319242.78,bank_transfer,Rivers,Port-Harcourt,7e53a819ad1be8b4,2025-03-24 21:29:36,21,0,False
acf8821e-6555-4f4e-8c29-b62d0c33b846,CUS-00530,3203.94,mobile_money,Benue,Benue-Central,c87ff27a0ddd5155,2025-03-24 21:33:23,21,0,False
9bb293e3-15be-424c-9c0b-a56087927f21,CUS-00054,207.44,bank_transfer,Kaduna,Kaduna South,77c84a745dfc622a,2025-03-24 21:38:51,21,0,False
a1144b74-8cf9-4487-b04b-ac96b21d2fb9,CUS-00899,3870.13,pos,Lagos,Surulere,6f982fdfe8b9f332,2025-03-24 21:39:37,21,0,False
919fcb1f-ab0a-404e-b5c6-6768d8c5896b,CUS-00070,341.35,mobile_money,Abia,Abia-Central,7c295cab1e590026,2025-03-24 21:58:10,21,0,False
e5e00f85-d5ab-4047-be4c-c87ad6d76b86,CUS-01143,93.92,bank_transfer,Oyo,Ibadan North,2a1e8ff74d96ae9b,2025-03-24 22:10:23,22,0,False
741879ea-9420-4c53-b75d-1e9ba6417793,CUS-01318,3735.76,pos,Lagos,Surulere,0d53a7e44c1ebaa4,2025-03-24 22:17:00,22,0,True
cab44ace-2dbd-4517-98d9-03adce6bcc00,CUS-01318,209.77,pos,Lagos,Eti-Osa,0d53a7e44c1ebaa4,2025-03-24 22:33:00,22,0,True
b4fba4cc-f50c-4388-af50-b8b811374dbd,CUS-01173,1571.96,pos,Kano,Dala,835d7ff91e1af072,2025-03-24 22:39:09,22,0,False
a6cbef9e-b07b-4a61-9a23-cef800693003,CUS-00862,952.65,card,Oyo,Oyo East,c408d8c18eab051a,2025-03-24 23:42:23,23,0,False
5bacf149-b2cf-446f-a1d6-814a52785ce2,CUS-00087,2605.44,mobile_money,Enugu,Enugu North,19e353826f15dcb5,2025-03-25 01:14:34,1,1,False
20723b2e-f265-4ba5-877b-8149607bc39e,CUS-01263,774221.53,bank_transfer,Abuja FCT,Kuje,a2d63acc0293b2db,2025-03-25 02:27:00,2,1,True
47945718-b32c-48e8-a952-f36897a37609,CUS-00374,517358.56,bank_transfer,Lagos,Oshodi-Isolo,398280c5aebe72e8,2025-03-25 02:41:12,2,1,False
f1ab0fd9-50f9-4e65-967e-00c562ec6124,CUS-01933,4806.92,pos,Kaduna,Zaria,5d04ebb0603b769c,2025-03-25 03:26:36,3,1,False
39425aaf-e64e-4e1e-b9c2-871268f61be1,CUS-01303,395.01,pos,Oyo,Oyo East,da79e85123761826,2025-03-25 03:58:20,3,1,False
8ec3ebfd-c087-4645-aaba-655a42893297,CUS-00006,837143.18,bank_transfer,Lagos,Ikorodu,8e398bc1cbdc78d0,2025-03-25 05:40:32,5,1,False
92db7fca-0f06-4482-b766-fcd20cbcb260,CUS-01440,81.19,pos,Bayelsa,Bayelsa-Central,497e2d0a46fe1877,2025-03-25 06:06:49,6,1,False
2af86c6c-4937-4c95-a5a9-965cf06479fa,CUS-01817,989.19,bank_transfer,Kwara,Kwara-Central,303a9e8e2b3d6b5a,2025-03-25 06:26:00,6,1,True
5a502e7f-32bf-4125-8ac3-92abe7eeb68a,CUS-01820,89711.04,pos,Lagos,Surulere,cf971cc6ddb2bb35,2025-03-25 06:29:03,6,1,False
49818a45-9d3d-4902-beeb-a3572289dc17,CUS-00991,6150.75,mobile_money,Edo,Egor,ef4fc1417ee3e00f,2025-03-25 06:32:14,6,1,False
33f1e772-83ce-42d1-ae61-3350e9afeb2c,CUS-01076,854.99,mobile_money,Kaduna,Kaduna South,8fb4ce490c245fca,2025-03-25 07:00:00,7,1,True
10681b26-9d24-4d34-89fc-b3d7d85bb387,CUS-01076,27395.83,ussd,Cross River,Cross River-Central,8fb4ce490c245fca,2025-03-25 07:18:00,7,1,True
44df729b-67c1-4270-8880-db8505af5fd4,CUS-01389,281.42,mobile_money,Abuja FCT,Gwagwalada,8ad5ba7b72d97c12,2025-03-25 08:33:53,8,1,False
91c73077-1d18-47c7-b430-1026db81c67f,CUS-00172,115.14,pos,Abuja FCT,Bwari,eb1fc4a3af643718,2025-03-25 09:00:09,9,1,False
48d63f33-8638-4a0f-a411-59a10d85343b,CUS-01817,744586.51,pos,Kwara,Kwara-Central,303a9e8e2b3d6b5a,2025-03-25 09:02:00,9,1,True
7229a8ae-1626-4527-bd46-b0ecd59d1aa6,CUS-00982,99472.18,mobile_money,Lagos,Ikeja,5833cf70f1e3f607,2025-03-25 09:25:49,9,1,False
6fef29a6-c443-4326-a111-92fe1c5e7cbc,CUS-01365,630523.72,bank_transfer,Lagos,Ikorodu,75e449b0c77e704e,2025-03-25 09:27:40,9,1,False
1c4c0f00-1fc7-4086-94a8-8f4502b2b0bb,CUS-01659,3103.09,ussd,Abuja FCT,Gwagwalada,730cfa22f07b1396,2025-03-25 09:30:15,9,1,False
3c1026fe-6b2e-4596-8756-31ed2ffc6ce1,CUS-01167,3329.01,pos,Abuja FCT,Municipal,281007905cca8b73,2025-03-25 09:38:59,9,1,False
56053ad2-6b73-43e8-94b5-2fbfe0945faf,CUS-00742,2340.99,pos,Osun,Osun-Central,c850ae7c8a0b4b55,2025-03-25 09:44:09,9,1,False
f64cb182-b218-47a0-8b0d-951453cab867,CUS-00617,40279.35,pos,Kano,Fagge,9be78ff896a57226,2025-03-25 09:45:03,9,1,False
9236cad6-eb89-4b12-96e3-ca8f9616a1e4,CUS-00260,39019.92,mobile_money,Kaduna,Kaduna South,b36ce793582718ee,2025-03-25 09:48:23,9,1,False
7152f9a0-279e-4018-b1e6-9545de5593a2,CUS-00726,203.65,pos,Lagos,Oshodi-Isolo,dafcccd8fd9e36a8,2025-03-25 09:56:38,9,1,False
8f233214-971a-44d5-afe9-8f96e78d3ef8,CUS-00668,4270.29,pos,Kaduna,Kaduna South,5e53bf0f5aecd7ec,2025-03-25 10:00:00,10,1,True
5abde2b2-0fb9-4029-9865-e62cb74d9ceb,CUS-01706,3691.55,mobile_money,Enugu,Enugu East,86372c2220b851b3,2025-03-25 10:02:44,10,1,False
fd0f8192-7747-46f5-b9f8-54a445be2328,CUS-00668,2924.97,bank_transfer,Cross River,Cross River-Central,5e53bf0f5aecd7ec,2025-03-25 10:06:00,10,1,True
a818536e-3b4e-4491-98be-7450b669a201,CUS-00996,419.12,pos,Taraba,Taraba-Central,7a9b7dbe88f4f124,2025-03-25 10:10:33,10,1,False
77930bda-96df-49be-afcf-a9073e3a5d66,CUS-01831,31929.21,pos,Kaduna,Kaduna South,a929ced3de8349d3,2025-03-25 10:10:42,10,1,False
57b5fdcf-7435-4821-bd28-eab8dda81338,CUS-00192,412.39,mobile_money,Nassarawa,Nassarawa-Central,3be92bc242be1da2,2025-03-25 10:14:56,10,1,False
bc7cc866-19b0-40e4-9fb7-0e7a627ded89,CUS-01985,2763.71,ussd,Lagos,Eti-Osa,e60e86688a83e9d7,2025-03-25 10:15:09,10,1,False
c5b94c60-9814-47d1-861d-9bfcde961a2c,CUS-00241,205.03,mobile_money,Katsina,Katsina-Central,719378d0a548c057,2025-03-25 10:18:02,10,1,False
50f221c9-2b46-4ba2-8bf3-4007e8fdf27a,CUS-01787,1710.73,bank_transfer,Kaduna,Zaria,d28e308dde8dbfd0,2025-03-25 10:31:13,10,1,False
61077a1f-cf71-4abe-9f20-b01e00ff0de9,CUS-00821,86109.39,pos,Lagos,Eti-Osa,28ef841e7a9516fb,2025-03-25 10:36:26,10,1,False
f1591093-d6d1-4e3e-a969-11241bd81406,CUS-01630,448662.45,bank_transfer,Kwara,Kwara-Central,e72c068b89d1c7b1,2025-03-25 10:36:51,10,1,False
c16bbdd3-275f-4f5d-86b5-b1dc0764b6a1,CUS-01120,2991.01,card,Niger,Niger-Central,d82a46dd625584cc,2025-03-25 10:49:15,10,1,False
6cd5a061-d967-4a86-9d26-f543009bcea4,CUS-00246,1696.44,pos,Rivers,Oyigbo,ff8ab03394d64642,2025-03-25 10:49:26,10,1,False
ed0783b5-64fd-4dac-8ef2-c8b847f07969,CUS-01260,89.24,pos,Kano,Nassarawa,bf2d4785cb46fa2b,2025-03-25 10:50:42,10,1,False
27747227-2e63-45bc-901f-b83c847b7297,CUS-01277,98654.84,bank_transfer,Ogun,Ogun-Central,add5c891c349873a,2025-03-25 10:51:47,10,1,False
c56a3e4d-5737-467f-a419-91a5bbea2583,CUS-01817,2468.56,pos,Kwara,Kwara-Central,303a9e8e2b3d6b5a,2025-03-25 10:55:00,10,1,True
0ac5e72f-9d79-4f1c-b21a-90a0e2dc96ef,CUS-00446,920636.71,mobile_money,Ogun,Ogun-Central,a54ec969ae4fe771,2025-03-25 11:01:17,11,1,False
acb569b4-6146-4156-b600-84ce1e2214da,CUS-01817,2848.54,pos,Kwara,Kwara-Central,303a9e8e2b3d6b5a,2025-03-25 11:05:00,11,1,True
a3429fa1-8ba4-4163-97c6-afad37296897,CUS-00368,836.63,pos,Lagos,Surulere,fbea58cfa25efa40,2025-03-25 11:14:21,11,1,False
f4ae6301-cc9a-4591-a5ee-7b5414586fba,CUS-00385,3249.06,bank_transfer,Benue,Benue-Central,fe012c67a9e98f01,2025-03-25 11:20:05,11,1,False
b5542f5e-bafc-4815-b142-25c0b1b44204,CUS-01348,277.46,bank_transfer,Ogun,Ogun-Central,31e67fdd4542a2a3,2025-03-25 11:24:18,11,1,False
3a166dba-6605-4d61-b577-3ef9e639e5b3,CUS-00625,518314.22,card,Rivers,Obio-Akpor,1d090ee98ebcd277,2025-03-25 11:38:28,11,1,False
a02f7b85-aa64-4f94-8e13-0d511abb0612,CUS-01539,3037.03,pos,Oyo,Oyo East,bea45a284a1b1e7e,2025-03-25 11:52:48,11,1,False
3ded4ceb-1c14-4812-9192-7e923a1b5c6e,CUS-00770,191.69,pos,Lagos,Lagos Mainland,07ebcbdbcca5ed04,2025-03-25 11:58:01,11,1,False
abcf29c7-952f-4e06-bf38-cafdd4709bc8,CUS-00941,62.49,bank_transfer,Oyo,Ibadan South-West,a727fa0ae4c73d6e,2025-03-25 12:03:56,12,1,False
fc91af1d-35f7-4b65-a4c7-13dd7f677bb3,CUS-01469,5779.47,pos,Abia,Abia-Central,b7d959007e88c959,2025-03-25 12:04:44,12,1,False
863601ee-75d5-4c2e-88cb-85fa13dbff9c,CUS-00845,71981.83,pos,Rivers,Obio-Akpor,a273ddb69945855e,2025-03-25 12:08:00,12,1,True
368c24b5-d3f5-49a9-bfae-ee7ca0a8fb34,CUS-00265,4554.21,pos,Osun,Osun-Central,e564db3fcad1cad8,2025-03-25 12:08:42,12,1,False
b4ac0f18-f6f8-4001-bce9-80a300ac77d5,CUS-01283,4032.74,ussd,Lagos,Kosofe,c5bbd7ccda625b32,2025-03-25 12:11:07,12,1,False
40c63b6c-1353-4f27-a88b-0f997d100bcd,CUS-00393,540.08,pos,Abia,Abia-Central,6d5850dcdc1d378b,2025-03-25 12:11:37,12,1,False
bf3b0219-6061-4037-9ae4-222f920000b4,CUS-01647,1813.76,bank_transfer,Plateau,Plateau-Central,5257b92dfae63a07,2025-03-25 12:11:44,12,1,False
11c881e3-03b3-414f-8902-7d2bb14a3340,CUS-01817,222.95,bank_transfer,Kwara,Kwara-Central,303a9e8e2b3d6b5a,2025-03-25 12:17:00,12,1,True
38c244dd-2704-4169-98ab-74f05bf2c64e,CUS-01104,117.83,pos,Ogun,Ogun-Central,dc32c75fccecfcc9,2025-03-25 12:20:23,12,1,False
623c63fa-977f-427d-b9df-0faa819923ca,CUS-00462,191.06,bank_transfer,Osun,Osun-Central,da005172e3bfeaf9,2025-03-25 12:21:49,12,1,False
ec892172-c086-4fd5-9c6f-b6d05cbb4fea,CUS-01020,2580.65,pos,Edo,Oredo,d28b585347c58b91,2025-03-25 12:28:05,12,1,False
2d931811-b164-4cc6-ae3c-e42518204ab3,CUS-01817,3168.44,pos,Kwara,Kwara-Central,303a9e8e2b3d6b5a,2025-03-25 12:31:00,12,1,True
f1ec61cc-1878-4cb0-9d48-d973741f7bd0,CUS-01175,124.23,pos,Oyo,Ibadan North,576106d204850a52,2025-03-25 12:37:10,12,1,False
c457b64c-f5df-448e-a18f-0bb146c242ed,CUS-01315,4857.03,mobile_money,Delta,Uvwie,37b697e0557bbd0e,2025-03-25 12:38:29,12,1,False
97942a96-4af8-42d4-90da-c3c9f3ab9b24,CUS-00462,132.05,ussd,Osun,Osun-Central,da005172e3bfeaf9,2025-03-25 12:51:11,12,1,False
4598b01f-497b-4026-ae2e-01e9798a7254,CUS-01199,469.86,pos,Lagos,Kosofe,87823df2b69fc0a4,2025-03-25 12:56:30,12,1,False
cc852245-cb7e-4b0b-bc47-1c77c7e21e51,CUS-01059,4397.01,card,Enugu,Nsukka,e4c835e0fcbbd94b,2025-03-25 13:07:03,13,1,False
9ff7e3d9-87a0-4daf-9ebf-be370986fbe4,CUS-01561,2227.14,mobile_money,Lagos,Mushin,e4806e2d6e74cc83,2025-03-25 13:10:20,13,1,False
672ef4af-f9f1-4356-90e9-265e1df6b61c,CUS-01111,423117.17,pos,Lagos,Ikeja,e26bb45013e5e156,2025-03-25 13:15:38,13,1,False
23dd4344-6514-4a63-b798-fb2a01572702,CUS-00130,98855.47,pos,Rivers,Oyigbo,bba31a7c8dcf95ed,2025-03-25 13:15:45,13,1,False
7e354d45-028a-45a0-91dc-2df2a79b7114,CUS-01310,1084.87,mobile_money,Lagos,Alimosho,fbf8322e87a45abb,2025-03-25 13:20:17,13,1,False
926392b4-d051-4df8-8d6d-aa01027a90ee,CUS-00845,173.98,card,Rivers,Oyigbo,a273ddb69945855e,2025-03-25 13:25:00,13,1,True
2a9b0e62-c6d9-47cf-af33-c94b57006f32,CUS-00080,3018.16,pos,Zamfara,Zamfara-Central,cd85d8451082aedb,2025-03-25 13:25:44,13,1,False
a0e0f227-b010-4ed8-a8cd-f8bea39ae78c,CUS-01817,70738.69,mobile_money,Kwara,Kwara-Central,303a9e8e2b3d6b5a,2025-03-25 13:29:00,13,1,True
fb365f9c-720d-446a-9f0b-2b9ce12faf51,CUS-00727,96001.48,pos,Imo,Imo-Central,5e2631ade3332edb,2025-03-25 13:34:00,13,1,False
6810bfc9-b7b0-48f4-a5c8-9208a6b46718,CUS-00845,67038.51,mobile_money,Rivers,Eleme,a273ddb69945855e,2025-03-25 13:47:00,13,1,True
c7224a2d-484a-4ebf-bdf1-9492a8a72523,CUS-00409,901577.27,bank_transfer,Lagos,Agege,7edcbf54bb8a31ff,2025-03-25 14:00:32,14,1,False
ba9d95e0-4df8-4d8f-840a-5b2d295f0127,CUS-01382,703010.0,pos,Bayelsa,Bayelsa-Central,e574935d513d27c9,2025-03-25 14:01:03,14,1,False
9964f11a-bfc8-4959-b5ba-2035f144cccc,CUS-00846,4863.92,mobile_money,Lagos,Surulere,c8efc5cd1998980e,2025-03-25 14:15:28,14,1,False
6315d3da-1a02-4885-b289-ebd013dbc537,CUS-00435,96142.78,pos,Edo,Egor,ebea5f049d6ce18a,2025-03-25 14:16:05,14,1,False
482d784e-6861-43b5-9324-269a3508376c,CUS-00252,1040.54,ussd,Borno,Borno-Central,0d2d209831150098,2025-03-25 14:24:12,14,1,False
fa9e2842-8604-4b69-a9bc-3986799d7353,CUS-00546,188.47,pos,Lagos,Agege,b08815097e266c74,2025-03-25 14:34:59,14,1,False
4dba9947-72af-4a56-bf31-e6f994c24e73,CUS-01900,89802.79,bank_transfer,Oyo,Ogbomoso,8be9efcf44f18c7e,2025-03-25 14:38:03,14,1,False
0276efc5-e79e-4344-9bf1-b8799d8d370a,CUS-00850,2376.72,mobile_money,Lagos,Oshodi-Isolo,e9094fbd4615343d,2025-03-25 14:57:29,14,1,False
960d669b-d098-4369-a42d-2eb5ead0947a,CUS-00061,106.03,bank_transfer,Kano,Nassarawa,8ffdeca966e54133,2025-03-25 15:03:00,15,1,False
450d3608-ebde-445f-958a-cd8a70c66373,CUS-01834,62107.39,bank_transfer,Benue,Benue-Central,af74a768871921fd,2025-03-25 15:03:09,15,1,False
a7c65735-c975-4783-8143-6969480928ea,CUS-01169,414.79,bank_transfer,Kano,Gwale,adb47e70e5622cfe,2025-03-25 15:10:59,15,1,False
16471ca8-36a6-49b4-88da-1d708708be7a,CUS-00692,498.04,pos,Abuja FCT,Bwari,a23dd42d3a699c35,2025-03-25 15:12:43,15,1,False
83ab2e1e-b731-4b29-93ac-90746b18eed8,CUS-01846,1119.23,card,Lagos,Oshodi-Isolo,467f415db3efcd6d,2025-03-25 15:15:14,15,1,False
c6b02108-0a20-44da-8437-ba5f558969d0,CUS-01817,1363.39,bank_transfer,Kwara,Kwara-Central,303a9e8e2b3d6b5a,2025-03-25 15:27:00,15,1,True
33b11423-ab91-4cee-8b1c-3ab42a58deac,CUS-00184,98868.49,mobile_money,Kano,Kumbotso,2612a20c83785e17,2025-03-25 15:28:06,15,1,False
63340b96-bf9e-43db-808a-2ade7c62c1dd,CUS-01243,445.15,pos,Borno,Borno-Central,93484305876b6f42,2025-03-25 15:37:58,15,1,False
6a8c8486-9409-4d14-8409-904779068466,CUS-01693,2591.86,pos,Lagos,Ikorodu,453f90468efd2c59,2025-03-25 15:38:52,15,1,False
263cc9d5-e197-4c04-a3ea-1f473871ef8e,CUS-01548,203878.17,pos,Lagos,Alimosho,4c6c2fda7eb08019,2025-03-25 15:41:27,15,1,False
f5240832-d24c-4c34-92fd-a37dd0c70a39,CUS-01562,2346.81,pos,Abia,Abia-Central,30c69cd206591d60,2025-03-25 15:46:37,15,1,False
9b02cb5a-3d5e-419e-84db-d2a81442c2c0,CUS-01707,3391.76,pos,Lagos,Eti-Osa,9fd922cd16970c90,2025-03-25 15:57:42,15,1,False
c7f4adf1-4451-42ff-a28c-b27168a3e709,CUS-01794,855805.63,pos,Lagos,Oshodi-Isolo,5f6164c790949176,2025-03-25 16:02:29,16,1,False
12431833-7ce6-4265-a08d-0e00dbd0af66,CUS-00845,80887.91,bank_transfer,Rivers,Obio-Akpor,a273ddb69945855e,2025-03-25 16:05:00,16,1,True
4fd221ea-ac94-4410-9a36-ee4b5403bcb4,CUS-01817,397.64,bank_transfer,Kwara,Kwara-Central,303a9e8e2b3d6b5a,2025-03-25 16:11:00,16,1,True
837a5da2-3959-4c03-8a10-957358bca0d6,CUS-00947,3032.4,bank_transfer,Nassarawa,Nassarawa-Central,16f02fc59c758e76,2025-03-25 16:21:53,16,1,False
0ab238d7-652a-4483-881a-ec0b808112f3,CUS-00269,843043.08,bank_transfer,Kano,Nassarawa,e94f5eada21225d1,2025-03-25 16:23:02,16,1,False
8299a4e8-1f21-45a0-abeb-c9cd9f95b404,CUS-00744,4553.06,mobile_money,Lagos,Agege,3cefb1dc104151c1,2025-03-25 16:23:10,16,1,False
1f0b61de-5a28-414e-a329-ffc212a72f99,CUS-01646,467.34,bank_transfer,Lagos,Lagos Mainland,47fd3830210a5886,2025-03-25 16:23:19,16,1,False
b616d7a1-e54f-4dd4-b904-eef2b1020181,CUS-00685,452.81,bank_transfer,Oyo,Oyo East,3b90c47fa95946b7,2025-03-25 16:31:58,16,1,False
59392983-cdcc-44d3-9024-adc7472b4d30,CUS-00637,367506.35,mobile_money,Lagos,Lagos Mainland,f49381118fa43feb,2025-03-25 16:42:47,16,1,False
1c4c2b9f-33f1-4b00-9b0c-2fa9af15be71,CUS-00392,86015.82,bank_transfer,Rivers,Obio-Akpor,eb3e81dfca0a3bbc,2025-03-25 16:43:35,16,1,False
a92e8e58-055c-4c93-9dab-8bf200cad7d4,CUS-00845,3640.89,card,Rivers,Eleme,a273ddb69945855e,2025-03-25 16:47:00,16,1,True
b34edbf3-08d3-435a-adc1-605dbd9785c9,CUS-00950,657252.68,mobile_money,Kaduna,Kaduna North,7660a9858ed161d4,2025-03-25 16:49:40,16,1,False
1c38206a-e3be-44f3-9925-f026fdba0234,CUS-00968,52763.41,ussd,Oyo,Ibadan South-West,585ed5cc12bc5507,2025-03-25 16:53:55,16,1,False
4d7f2663-d4fe-4814-a70a-53b1cc62f176,CUS-01872,13574.01,pos,Abuja FCT,Gwagwalada,a750e8e541116805,2025-03-25 16:55:40,16,1,False
77a1c8ca-7727-4291-b210-28cc10c7d96a,CUS-01868,61366.6,mobile_money,Lagos,Lagos Mainland,a7cd11e4e6a10447,2025-03-25 16:57:08,16,1,False
461df349-5eb8-452f-8e25-c43175a01716,CUS-00497,347.01,bank_transfer,Lagos,Agege,fd814a510ea60164,2025-03-25 17:04:53,17,1,False
764735d5-e766-4f1a-8529-cff228b93d67,CUS-01945,44371.77,pos,Abuja FCT,Kuje,901c7b925f57772f,2025-03-25 17:07:42,17,1,False
594d96f2-5ce7-4f5b-bfb8-3538dcba8304,CUS-01395,180.38,card,Plateau,Plateau-Central,653cfb57ee19328a,2025-03-25 17:13:34,17,1,False
3679b75d-6e2a-40f6-936c-150582203a68,CUS-00845,862330.84,mobile_money,Rivers,Oyigbo,a273ddb69945855e,2025-03-25 17:17:00,17,1,True
4950b4c7-1941-44ec-a47c-568d5baac790,CUS-00065,294.31,mobile_money,Oyo,Ibadan North,87baa8a35ed6745a,2025-03-25 17:17:17,17,1,False
1c7eaa71-7124-48d0-99bb-76b187c456a0,CUS-01286,25635.65,pos,Lagos,Agege,82739cbcbd1403a5,2025-03-25 17:17:45,17,1,False
2eef17b5-6c4a-4444-87c3-ede7004b38aa,CUS-01105,946061.24,bank_transfer,Lagos,Oshodi-Isolo,44cf5a2cab83a672,2025-03-25 17:24:37,17,1,False
2159ef39-0ded-49ec-9a4a-7dc6145764e4,CUS-01817,971320.49,card,Kwara,Kwara-Central,303a9e8e2b3d6b5a,2025-03-25 17:29:00,17,1,True
8f91c9d2-b31a-4cb4-a8d7-c6b7ee03fb4f,CUS-01425,152.87,bank_transfer,Akwa Ibom,Akwa Ibom-Central,94921b8cae938886,2025-03-25 17:29:02,17,1,False
e47cdbc1-0e7b-4694-91b0-1e2d8ae38e6c,CUS-00176,1320.2,pos,Anambra,Nnewi North,99959f39f4739903,2025-03-25 17:32:01,17,1,False
a98359a9-b1ad-44c5-aed4-92cf1c99aa5d,CUS-00228,2260.12,pos,Niger,Niger-Central,beaef1b0d933b705,2025-03-25 17:33:39,17,1,False
159833ac-3ec7-4ca4-9702-bba33c50423d,CUS-01535,38629.58,pos,Lagos,Lagos Mainland,386c645e4e4ede8c,2025-03-25 17:34:28,17,1,False
d141b051-5b3e-4fae-a68c-06f7fb637679,CUS-01817,4521.99,pos,Kwara,Kwara-Central,303a9e8e2b3d6b5a,2025-03-25 17:35:00,17,1,True
373e509e-cf07-43d4-8930-6df244231855,CUS-00845,4596.14,bank_transfer,Rivers,Port-Harcourt,a273ddb69945855e,2025-03-25 17:47:00,17,1,True
d110407b-1e9d-47e2-815f-84d3bede510a,CUS-00551,348.24,pos,Sokoto,Sokoto-Central,c0cf8f2ba3b42f8e,2025-03-25 17:53:16,17,1,False
8ed8f2e4-af20-4546-91e5-4390c91a8ee5,CUS-01561,2564.17,mobile_money,Lagos,Oshodi-Isolo,e4806e2d6e74cc83,2025-03-25 18:01:44,18,1,False
afdcbfb6-087b-4926-a8be-144788212d86,CUS-01554,51215.86,pos,Lagos,Alimosho,10db96157a1db4c7,2025-03-25 18:09:23,18,1,False
75418693-4728-4378-a0f9-26fe1d3c597a,CUS-00254,331.73,ussd,Lagos,Eti-Osa,e5da285d4d8a62dc,2025-03-25 18:19:40,18,1,False
2353517a-43f2-4201-a318-5e3d8d96e05b,CUS-00108,23890.63,pos,Lagos,Lagos Mainland,058ea72f6a7c91eb,2025-03-25 18:25:59,18,1,False
cab61e42-2535-4631-afbf-4dcaca1a34f0,CUS-00862,203.35,card,Oyo,Ogbomoso,c408d8c18eab051a,2025-03-25 18:30:18,18,1,False
a22cd925-cf2a-4781-9588-ac4274dfb717,CUS-00845,68227.91,pos,Rivers,Oyigbo,a273ddb69945855e,2025-03-25 18:35:00,18,1,True
95376096-73a1-44f8-ae66-453f56045957,CUS-00083,3417.93,ussd,Lagos,Agege,d08d1bc4a38fcfc5,2025-03-25 18:37:21,18,1,False
511ddf1f-bb77-4321-a338-29b61ba93544,CUS-01842,708966.04,bank_transfer,Rivers,Oyigbo,c34f3404d55f887a,2025-03-25 18:41:42,18,1,False
eae1fe53-fe9d-4f69-bafc-ff3b3e2a1061,CUS-00175,555811.79,bank_transfer,Lagos,Surulere,8a3e8a30301fd5f1,2025-03-25 18:44:35,18,1,False
e1ae967d-c905-4e76-814a-72c8fad589f2,CUS-01665,336.77,bank_transfer,Borno,Borno-Central,f822c218fdd2c293,2025-03-25 18:46:04,18,1,False
5b144aaa-921b-410f-ba2f-3f6d1ea06097,CUS-01191,85528.44,ussd,Oyo,Ogbomoso,371b42a69e8e1d4d,2025-03-25 18:50:52,18,1,False
a50eb33a-237b-436f-904d-5ef847d93acf,CUS-01005,479.07,mobile_money,Delta,Warri South,dbe7ce2edc6a7b4d,2025-03-25 18:52:28,18,1,False
c67ad0d6-cf1f-44e8-a000-c0e90764afbd,CUS-00348,604254.92,bank_transfer,Rivers,Port-Harcourt,a772237ddffddff3,2025-03-25 18:57:16,18,1,False
8d99ddec-c1d1-40f6-b417-b7dda895e8ce,CUS-01975,4715.25,ussd,Jigawa,Jigawa-Central,640d7e3fa91691b5,2025-03-25 19:01:40,19,1,False
0831347b-6cc6-46c5-a579-58cd6d675ac4,CUS-00082,2290.01,bank_transfer,Kano,Fagge,1b3d2d4d9e9c6adc,2025-03-25 19:04:05,19,1,False
c4920722-5a27-42cd-8970-76b3e0dc93c4,CUS-00322,900152.32,bank_transfer,Delta,Uvwie,9a1455138cfe48bf,2025-03-25 19:05:05,19,1,False
c5f91252-fd14-42a6-8503-8341cd78753d,CUS-00493,48097.42,pos,Lagos,Alimosho,e90398b9a0d79849,2025-03-25 19:06:33,19,1,False
00109d7c-32c9-44c0-a80a-7e489ad126b8,CUS-01712,42829.55,mobile_money,Abia,Abia-Central,41745fe862a83d71,2025-03-25 19:07:18,19,1,False
9b440400-0e66-4f2d-b554-ae341901cb1d,CUS-00565,64154.63,card,Kaduna,Zaria,0d3ddcef520e555e,2025-03-25 19:14:21,19,1,False
5516b715-2555-4113-8f6d-05b2b59b4971,CUS-00650,2679.12,pos,Lagos,Ikeja,a7107ef719a58b4f,2025-03-25 19:20:32,19,1,False
404a7b7d-2ff1-4cbb-835c-7e0e13ea1df1,CUS-00236,79.45,ussd,Kano,Fagge,a5603aec39b63960,2025-03-25 19:22:00,19,1,False
0ff863a9-154f-4b30-afa7-7b4cac47ca1f,CUS-00067,52766.94,pos,Benue,Benue-Central,2ce9fcf68f9d3141,2025-03-25 19:24:06,19,1,False
f72e86eb-f860-4511-91e9-2a7baa4e934a,CUS-01057,3702.84,pos,Rivers,Eleme,5bf01b42e23bcb1a,2025-03-25 19:25:01,19,1,False
bc40c1b8-c907-454e-9fc0-ac1de5475259,CUS-00436,3769.44,pos,Lagos,Agege,68fb798e5b124399,2025-03-25 19:27:59,19,1,False
12c88745-9262-4886-b425-7dcc6d1c962f,CUS-01817,249.13,mobile_money,Kwara,Kwara-Central,303a9e8e2b3d6b5a,2025-03-25 19:28:00,19,1,True
28f762a2-9040-4be2-84bd-9379318df1d0,CUS-01576,3394.48,pos,Lagos,Ikorodu,7bae466cfc2d3e32,2025-03-25 19:38:13,19,1,False
0fe8109b-7d0f-4659-b323-bc525271862d,CUS-01580,316.03,bank_transfer,Lagos,Mushin,e37c823dc8776661,2025-03-25 19:38:48,19,1,False
825b2ec5-2ed0-4202-af88-ad32ab77baa3,CUS-00326,4239.06,mobile_money,Oyo,Oyo East,44cc9b88041101da,2025-03-25 19:40:13,19,1,False
06c49623-15cc-4253-b294-3c658fc976c9,CUS-00856,447.27,pos,Lagos,Surulere,a05b19ccf5dfefe0,2025-03-25 19:41:04,19,1,False
6956c609-bb5b-410a-bdba-354595146c28,CUS-00166,47355.72,bank_transfer,Kano,Dala,e4ecfe82156fb964,2025-03-25 19:48:28,19,1,False
3822052e-cc9e-4d55-9997-620a245bb707,CUS-00539,599.61,mobile_money,Lagos,Oshodi-Isolo,3d80c520256de784,2025-03-25 19:52:44,19,1,False
30c27fe3-3f9e-4fca-9074-f2c86cd0ef72,CUS-01609,323.94,card,Oyo,Ogbomoso,06948fe1f1b46a75,2025-03-25 20:02:54,20,1,False
c6475c0c-2f1f-4e70-9e11-176d83e96a7d,CUS-01364,402114.62,ussd,Ondo,Ondo-Central,a3bd73f6d74cc38c,2025-03-25 20:08:43,20,1,False
e5d37de3-4406-4c6c-978d-71b2c1b810ba,CUS-01755,2006.94,pos,Benue,Benue-Central,48d4189ce2a6536b,2025-03-25 20:12:30,20,1,False
81178ab8-e7e0-4733-b150-5521f4c40e2a,CUS-01817,735687.42,mobile_money,Kwara,Kwara-Central,303a9e8e2b3d6b5a,2025-03-25 20:16:00,20,1,True
360fa761-c1a9-4229-9486-bad228b6ab1f,CUS-00845,234.82,pos,Rivers,Port-Harcourt,a273ddb69945855e,2025-03-25 20:16:00,20,1,True
c8785eea-24a9-4011-a474-6af75f690c8e,CUS-01249,678507.78,bank_transfer,Enugu,Enugu East,0c1ae52223dc0d81,2025-03-25 20:21:04,20,1,False
02751819-8ccf-4b7c-9ae6-7c3876cafcbf,CUS-00947,4941.9,bank_transfer,Nassarawa,Nassarawa-Central,16f02fc59c758e76,2025-03-25 20:24:58,20,1,False
b84f57ee-b032-43d3-a861-37d0cd02e3b1,CUS-00006,53.36,bank_transfer,Lagos,Agege,8e398bc1cbdc78d0,2025-03-25 20:36:39,20,1,False
0e80ebb0-c776-4560-9186-0faabb35dae3,CUS-01951,41893.43,mobile_money,Lagos,Ikeja,ff96fe42ef3de0ae,2025-03-25 20:37:19,20,1,False
5cc1a9b5-17a1-4ae2-b633-50e4d31a550e,CUS-01854,2817.79,mobile_money,Adamawa,Adamawa-Central,021da314d09bf6f2,2025-03-25 20:43:09,20,1,False
82702fa8-1c82-48ff-8831-2aa62fe5fc0a,CUS-00889,3069.59,mobile_money,Lagos,Surulere,840f3e716557215a,2025-03-25 20:44:01,20,1,False
a528b8e3-3538-465b-9562-12f9ea35375f,CUS-01520,3615.15,pos,Lagos,Eti-Osa,169f145f9407934a,2025-03-25 20:47:46,20,1,False
661c4946-3b2f-461f-a595-6560dfca8a43,CUS-00599,306.56,pos,Lagos,Lagos Mainland,c886c35c1c884c22,2025-03-25 20:59:28,20,1,False
20361722-4b14-475f-bb2b-9d1997ed7c1d,CUS-00808,1654.4,card,Abuja FCT,Gwagwalada,69dd324fb440fa06,2025-03-25 20:59:49,20,1,False
45157c23-ae16-410f-ba30-b5f97cdc5afe,CUS-00011,167.93,pos,Bayelsa,Bayelsa-Central,b9f6cefb5c85d533,2025-03-25 21:00:52,21,1,False
e7423cc9-2c52-46fb-932d-1067d9809897,CUS-01044,91637.02,mobile_money,Niger,Niger-Central,5ab1a2bf1058e736,2025-03-25 21:17:09,21,1,False
20d57a63-5f13-4e66-9857-ad2b75bbdf3e,CUS-01462,2663.1,bank_transfer,Lagos,Agege,0d73f85c4e1721ca,2025-03-25 21:18:27,21,1,False
6cb34cec-99f7-4f92-a79d-4228518907d6,CUS-00805,77.73,mobile_money,Osun,Osun-Central,1bd77958d113fdcf,2025-03-25 21:25:47,21,1,False
5a77b90f-cf39-4cfb-806c-a4519d82e0a5,CUS-01060,7332.48,pos,Kebbi,Kebbi-Central,b82de4bf598b7a40,2025-03-25 21:27:03,21,1,False
72e905b9-1bcf-4800-9fcf-07055f7629cb,CUS-00845,54182.41,pos,Rivers,Oyigbo,a273ddb69945855e,2025-03-25 21:36:00,21,1,True
f49604ed-1fe2-46a1-96f8-fafa8a9dacd4,CUS-00194,4630.77,pos,Kano,Dala,772c1cdc30b567ac,2025-03-25 21:40:01,21,1,False
9b9f3005-68c4-4030-82b6-dd7eed846afd,CUS-00882,914.89,pos,Lagos,Surulere,3d74006a0bf2fcbe,2025-03-25 21:41:36,21,1,False
9ee076a5-cfd5-4f7d-9f79-4f8289a13789,CUS-00845,38912.98,pos,Rivers,Oyigbo,a273ddb69945855e,2025-03-25 21:44:00,21,1,True
854b9835-2c1e-4bff-804d-9ff7c78c4608,CUS-00123,7952.16,bank_transfer,Lagos,Ikeja,fd87e702baf7d83d,2025-03-25 21:45:36,21,1,False
3c4799de-4a94-4203-bcbc-86ef7d6ad718,CUS-01829,469.72,pos,Kano,Gwale,677c9748d972b468,2025-03-25 21:46:34,21,1,False
e165bdbc-d35f-4f02-9aa3-6426f8928262,CUS-00318,65411.53,bank_transfer,Lagos,Ikeja,bf5945441b1f31c0,2025-03-25 21:54:39,21,1,False
9ba60576-6f51-44f7-9068-0e86ecfc2ec6,CUS-01817,297.64,pos,Kwara,Kwara-Central,303a9e8e2b3d6b5a,2025-03-25 21:58:00,21,1,True
1f15d08a-e289-4bb9-abc2-20b04c33d6ac,CUS-00561,50321.2,mobile_money,Lagos,Agege,6b64c305fff4b7c1,2025-03-25 22:21:45,22,1,False
9c61301e-cc68-4ca9-8ceb-e3f2a370bb31,CUS-01817,446.01,mobile_money,Kwara,Kwara-Central,303a9e8e2b3d6b5a,2025-03-25 22:22:00,22,1,True
5f11d3e8-3440-4c1d-8c17-8655f425914e,CUS-00845,302825.95,pos,Rivers,Eleme,a273ddb69945855e,2025-03-25 22:22:00,22,1,True
fef076ae-611a-4b27-9d9f-0278749522fa,CUS-00845,4966.24,pos,Rivers,Oyigbo,a273ddb69945855e,2025-03-25 22:24:00,22,1,True
0176b554-a013-4f1f-b4d6-d67cdec34f21,CUS-00845,13017.9,card,Rivers,Eleme,a273ddb69945855e,2025-03-25 22:25:00,22,1,True
02a903bf-2b6a-4f59-b586-3a5075b6299b,CUS-00845,91034.57,card,Rivers,Oyigbo,a273ddb69945855e,2025-03-25 22:44:00,22,1,True
befb485d-943b-4afc-b2fe-2a4e95303fd1,CUS-00449,2453.05,pos,Lagos,Ikeja,cb29b45a0a9e6da2,2025-03-25 22:47:39,22,1,False
678f1b97-788f-41b1-ab9c-8216896ff34e,CUS-01545,37370.24,mobile_money,Abuja FCT,Gwagwalada,375992b2e94a47bf,2025-03-26 00:51:25,0,2,False
7f9cb1aa-59f2-41e6-a03b-af64cb898d7c,CUS-00639,77175.85,mobile_money,Rivers,Port-Harcourt,e31599e9b6444d86,2025-03-26 01:34:35,1,2,False
d2cb20a4-b628-464d-9e65-de429578ffb1,CUS-00907,84536.82,pos,Kano,Nassarawa,5e62317a455c71c7,2025-03-26 02:28:53,2,2,False
714417eb-05ec-4104-9ed6-345f8c2bbab8,CUS-00776,484116.34,bank_transfer,Lagos,Kosofe,ee819ec07e84bdd2,2025-03-26 02:49:58,2,2,False
c144e398-49d8-4708-9252-ad074304d7bb,CUS-01634,243.34,pos,Yobe,Yobe-Central,665b394f3b341135,2025-03-26 02:58:11,2,2,False
29330fcc-ab34-40a9-acf6-a4a388add8c1,CUS-01094,90877.74,bank_transfer,Lagos,Ikeja,85d7d4bf2b272403,2025-03-26 03:40:58,3,2,False
f37b575b-8b89-45e0-bcf3-1486c12ee91f,CUS-00256,407597.85,bank_transfer,Gombe,Gombe-Central,08f38bf0cccc23f6,2025-03-26 04:17:53,4,2,False
e94530e7-c5d9-4a1f-b7c2-886fce958243,CUS-01627,10234.9,pos,Oyo,Ibadan South-West,8a68d0e2389ad1b9,2025-03-26 06:25:00,6,2,True
055c6541-16e5-47ba-9c96-6316a90afc25,CUS-01627,2992.95,bank_transfer,Oyo,Ibadan South-West,8a68d0e2389ad1b9,2025-03-26 06:25:00,6,2,True
985e5df4-8440-4e51-90e5-867debc64446,CUS-00759,1646.26,mobile_money,Enugu,Enugu North,23919a584a845bba,2025-03-26 08:00:00,8,2,True
96aad35a-627c-40a2-a671-4ea426782c95,CUS-00759,24552.98,mobile_money,Zamfara,Zamfara-Central,23919a584a845bba,2025-03-26 08:21:00,8,2,True
f08c3833-ab39-4e27-b424-ad1d03bcd321,CUS-01216,1329.36,pos,Lagos,Oshodi-Isolo,b767a7d60b9a3865,2025-03-26 09:04:57,9,2,False
debd4957-ece0-4e57-b803-51393407e0cb,CUS-01956,95792.59,ussd,Delta,Uvwie,03426b6d08e1ad15,2025-03-26 09:08:02,9,2,False
2beafc74-3e10-46e0-b184-b3b50cc7f6e8,CUS-01975,981388.8,ussd,Jigawa,Jigawa-Central,640d7e3fa91691b5,2025-03-26 09:09:21,9,2,False
66516f93-695b-4336-bfae-a94522509675,CUS-00325,53084.46,card,Osun,Osun-Central,8c6d91935dee1218,2025-03-26 09:32:49,9,2,False
3ef17fb2-ed36-4868-a192-a4918e8fc306,CUS-01627,25145.02,mobile_money,Oyo,Ibadan North,8a68d0e2389ad1b9,2025-03-26 09:37:00,9,2,True
6552b995-8668-4853-a779-a1bc3ef1611c,CUS-00978,71141.91,mobile_money,Abuja FCT,Municipal,b1eac8f3eae27cb3,2025-03-26 09:49:09,9,2,False
31f5a926-e7f2-4b95-9ae9-bba5c95c17b8,CUS-00839,81843.25,pos,Enugu,Enugu North,a2601c65fa06efa2,2025-03-26 09:50:25,9,2,False
7b555d21-a62d-49af-a438-c2dc5aabe6c7,CUS-00190,335.9,pos,Lagos,Surulere,2929f682d21c8189,2025-03-26 09:58:44,9,2,False
06832322-ae31-4f3d-83d0-da370dd7e829,CUS-00129,63147.79,bank_transfer,Abuja FCT,Bwari,4a1eb4a9e1afdf10,2025-03-26 10:00:01,10,2,False
63102d3d-0507-43bb-9f44-dba566248ba4,CUS-00214,4497.81,mobile_money,Edo,Ikpoba-Okha,255d60d4db4b17af,2025-03-26 10:10:42,10,2,False
3fb5f673-e077-4ed9-b3db-2aaa2bfa84af,CUS-01324,3548.7,bank_transfer,Ebonyi,Ebonyi-Central,9a86a95dc16a8c44,2025-03-26 10:11:36,10,2,False
16999dbc-6d26-407c-9e03-94a8bc25c45e,CUS-01332,754890.78,pos,Lagos,Ikeja,4ca97245da0a0e27,2025-03-26 10:20:07,10,2,False
4736517a-c264-44bf-8d72-334ab06cda7b,CUS-00855,407.26,bank_transfer,Lagos,Lagos Mainland,c708ef9fa6a48519,2025-03-26 10:20:25,10,2,False
a41d8680-644b-49b8-9538-91a0f935d282,CUS-01888,213.5,bank_transfer,Ondo,Ondo-Central,1ae6b13f71f999a3,2025-03-26 10:27:49,10,2,False
8af37450-8139-4273-9cec-35722e45f47d,CUS-00236,188.22,ussd,Kano,Dala,a5603aec39b63960,2025-03-26 10:33:21,10,2,False
94c3789d-623d-4e4a-8add-06da82f5e347,CUS-01627,315.42,bank_transfer,Oyo,Ogbomoso,8a68d0e2389ad1b9,2025-03-26 10:44:00,10,2,True
c438d959-2f14-44ba-8fed-02ef79c8b11a,CUS-01215,2594.84,pos,Lagos,Oshodi-Isolo,fcf96970900d7074,2025-03-26 10:46:24,10,2,False
ba94c777-9339-487b-9c19-93e66b6f146f,CUS-01627,4676.12,pos,Oyo,Ogbomoso,8a68d0e2389ad1b9,2025-03-26 10:55:00,10,2,True
61dde401-0065-4946-afdc-cdf6e10b495f,CUS-00683,801126.0,pos,Anambra,Nnewi North,792417d8a46fd0a5,2025-03-26 11:03:25,11,2,False
4b21545e-727c-438d-b653-30814f9d37b8,CUS-00338,395949.74,bank_transfer,Abuja FCT,Municipal,0bc0a52ab5090138,2025-03-26 11:08:42,11,2,False
2cefac2b-5e76-434b-97c1-3a3c1c89947f,CUS-01585,4809.18,pos,Lagos,Surulere,9d4d8197c0ce1b15,2025-03-26 11:13:08,11,2,False
33ed8bd5-d197-4b6f-950b-649b9283fdba,CUS-01830,14944.61,pos,Ekiti,Ekiti-Central,0d66db8252412143,2025-03-26 11:13:36,11,2,False
989a82c8-2120-40e4-ba6b-6d239530ed00,CUS-01620,474.95,mobile_money,Abuja FCT,Bwari,e4273f31990db9bc,2025-03-26 11:15:17,11,2,False
9c851d6e-2fa8-4fcb-b6ab-348284d21e95,CUS-01312,3400.32,mobile_money,Oyo,Ibadan North,b0dab1b406b7d200,2025-03-26 11:24:54,11,2,False
8014764a-8be5-44a7-91d5-37031961511c,CUS-01720,1471.43,pos,Lagos,Lagos Mainland,d367b754b9943828,2025-03-26 11:28:23,11,2,False
6c5c3639-c8d2-4710-8309-948263385df8,CUS-00435,3856.29,pos,Edo,Ikpoba-Okha,ebea5f049d6ce18a,2025-03-26 11:37:16,11,2,False
85a27e6f-e7e0-47f8-b32d-1bd4ee4eca50,CUS-00942,149.51,pos,Delta,Warri South,f7c21e7a847ebee4,2025-03-26 11:40:42,11,2,False
e39801a5-df99-4fe4-b585-f3ed6b50e20c,CUS-00803,46583.1,bank_transfer,Kaduna,Zaria,1aaac49944c6a235,2025-03-26 11:49:29,11,2,False
bef9c5b2-8bc6-489d-863b-2c293696d885,CUS-01216,83430.22,pos,Lagos,Kosofe,b767a7d60b9a3865,2025-03-26 11:58:47,11,2,False
35b92012-b242-4536-b640-f2ada9da653e,CUS-00543,34721.34,bank_transfer,Anambra,Nnewi North,e27f3865854040c1,2025-03-26 12:00:20,12,2,False
3c4220ed-b0f8-4ccc-999e-7094c390c555,CUS-00070,645.34,mobile_money,Abia,Abia-Central,7c295cab1e590026,2025-03-26 12:03:42,12,2,False
85c6d326-2efe-4473-8abd-33c6ac33caa8,CUS-00831,3339.72,mobile_money,Abuja FCT,Bwari,6e4e8493235d07f0,2025-03-26 12:07:57,12,2,False
d74a913b-9c5b-4365-a52b-95dbccbb285a,CUS-01521,2455.58,bank_transfer,Gombe,Gombe-Central,8a4f89454d8ec02c,2025-03-26 12:16:30,12,2,False
53338baa-b350-4791-9989-ed7c515dbb47,CUS-01627,22770.78,bank_transfer,Oyo,Ogbomoso,8a68d0e2389ad1b9,2025-03-26 12:19:00,12,2,True
9aa0c97d-c3e1-4ae5-81dd-a70587c8b44f,CUS-00306,314918.96,pos,Abuja FCT,Bwari,880be9776e3ab6d8,2025-03-26 12:24:34,12,2,False
9c570ade-677d-4397-a4af-773b32b601b4,CUS-01512,76.89,card,Cross River,Cross River-Central,a41949725c54d7c9,2025-03-26 12:25:14,12,2,False
b8cba73e-c781-4892-95f8-3433dc9d7428,CUS-01016,230.31,mobile_money,Lagos,Kosofe,b37267bda873e2af,2025-03-26 12:28:39,12,2,False
8625e50a-acd1-444b-8404-f71c2146c915,CUS-00274,322893.82,card,Abuja FCT,Bwari,0043d9354f88a060,2025-03-26 12:29:38,12,2,False
df4e4965-ee67-43e5-b253-f74204be6b52,CUS-01158,171317.66,mobile_money,Zamfara,Zamfara-Central,5f375fa4790e96f4,2025-03-26 12:39:50,12,2,False
22ca582c-976c-4595-a8cd-02a0bb07460f,CUS-01547,4074.53,bank_transfer,Oyo,Ogbomoso,a176096e4a99d9cf,2025-03-26 12:46:18,12,2,False
0dd6bb70-dd2f-4886-b49c-263c48090217,CUS-01627,4845.69,pos,Oyo,Ibadan South-West,8a68d0e2389ad1b9,2025-03-26 12:48:00,12,2,True
2c19289f-9c7e-4ad8-8e04-9ac17b5cdb73,CUS-01627,411.84,bank_transfer,Oyo,Oyo East,8a68d0e2389ad1b9,2025-03-26 12:52:00,12,2,True
a6dea00a-e291-48ea-a1d1-96b3de1e3cc3,CUS-00972,460.29,mobile_money,Ondo,Ondo-Central,b8958a1a3d1c964a,2025-03-26 13:03:32,13,2,False
09240fb6-1339-49e0-867f-0913b46aa2bc,CUS-00012,67051.75,ussd,Bauchi,Bauchi-Central,e79bb123ff92969b,2025-03-26 13:11:28,13,2,False
7ec475ca-fae5-4e93-acd4-f8ff4281c705,CUS-01607,36374.71,pos,Imo,Imo-Central,984cfcfe59f2d6b7,2025-03-26 13:19:27,13,2,False
70dfa001-2742-4ef7-866e-51cb36a6ef6a,CUS-01902,191.9,ussd,Kwara,Kwara-Central,9bf23a682276144b,2025-03-26 13:40:49,13,2,False
18d6d4bb-b574-4aaf-ad8a-77214119fb05,CUS-01456,907.75,bank_transfer,Anambra,Awka South,2ae0abcfd03562bf,2025-03-26 13:40:59,13,2,False
646857d4-793a-4dc8-9e21-6fde32947d2b,CUS-01991,54948.18,pos,Lagos,Kosofe,abb9607a0f5b6000,2025-03-26 13:47:57,13,2,False
b46f3eda-54e1-4d23-a228-896e423a9659,CUS-01286,374.09,pos,Lagos,Eti-Osa,82739cbcbd1403a5,2025-03-26 13:48:50,13,2,False
3bb0a3e3-b67e-4d78-be15-9d5b5a2ff498,CUS-01066,17520.76,ussd,Lagos,Oshodi-Isolo,49a6701b8f3838cc,2025-03-26 13:52:57,13,2,False
c69dbd31-bbc6-4f27-bc13-e09394991834,CUS-00741,291094.97,pos,Kano,Nassarawa,1bb58da37496630e,2025-03-26 13:57:54,13,2,False
84241aeb-1ff0-4f38-b762-cdaeb6834b2d,CUS-01172,50582.37,mobile_money,Oyo,Ibadan South-West,8fab45462ee28d2f,2025-03-26 14:00:00,14,2,True
2d6ceb9f-7716-4eb3-be37-4b86951f7ef2,CUS-00560,26365.64,mobile_money,Edo,Ikpoba-Okha,dcd32d1480d8b5f4,2025-03-26 14:08:44,14,2,False
545b3c83-fea9-40d9-8f53-9ed253a71db8,CUS-01627,3249.65,mobile_money,Oyo,Ibadan South-West,8a68d0e2389ad1b9,2025-03-26 14:09:00,14,2,True
a00ea026-35ce-467a-8102-214b0623e76c,CUS-01048,4821.31,pos,Zamfara,Zamfara-Central,5ead41bb0faa4328,2025-03-26 14:16:10,14,2,False
eee7dade-abaa-4f1d-836c-997a4e8f4eb5,CUS-00947,80225.93,bank_transfer,Nassarawa,Nassarawa-Central,16f02fc59c758e76,2025-03-26 14:17:03,14,2,False
5b137b52-c98e-4f1e-926c-4ddd2298e8cc,CUS-01515,985146.56,ussd,Lagos,Agege,a431e97b4e692b20,2025-03-26 14:18:29,14,2,False
4d59016c-3e36-4ea8-9a86-6937b14ecd15,CUS-01172,48713.85,bank_transfer,Adamawa,Adamawa-Central,8fab45462ee28d2f,2025-03-26 14:21:00,14,2,True
e7aa835e-9b26-44de-b739-502466fdd20f,CUS-00838,118.57,mobile_money,Oyo,Ogbomoso,478f6f1657b2a00c,2025-03-26 14:33:45,14,2,False
fcf14006-54a7-400f-b25c-e51c294ee440,CUS-01627,4752.73,mobile_money,Oyo,Ibadan South-West,8a68d0e2389ad1b9,2025-03-26 14:44:00,14,2,True
4185dc8d-cefb-42bc-9d3d-5f2cddc25745,CUS-00874,63340.94,pos,Lagos,Lagos Mainland,cd035f7d44ab3770,2025-03-26 14:46:20,14,2,False
f8d1caeb-4862-45da-b77a-fd083e604f92,CUS-00238,863998.41,pos,Delta,Warri South,508e599aa4f29bec,2025-03-26 14:46:56,14,2,False
c80d926a-4de9-430f-94f4-1eec534879bc,CUS-00269,1437.27,bank_transfer,Kano,Kumbotso,e94f5eada21225d1,2025-03-26 14:59:30,14,2,False
d0830de3-25b5-4781-9d6e-70ead30a01a8,CUS-01542,938.5,bank_transfer,Oyo,Ibadan South-West,61dbec9de8a78651,2025-03-26 15:02:38,15,2,False
bd81ac49-38d0-42d5-ba6a-c2985484a458,CUS-00809,3503.36,mobile_money,Lagos,Ikeja,db69bf71f5a9ddc6,2025-03-26 15:03:58,15,2,False
c6f4b03b-6c52-478c-8813-ad351cde8189,CUS-00391,3050.89,pos,Rivers,Port-Harcourt,52e45b3cfc6c465c,2025-03-26 15:33:33,15,2,False
d281ca74-00d6-4e30-8b45-dc0b4aeb0f6e,CUS-01627,427.14,mobile_money,Oyo,Ibadan South-West,8a68d0e2389ad1b9,2025-03-26 15:35:00,15,2,True
7505ccc1-85a3-491b-87d8-2d8c80e9ad8e,CUS-01854,33223.42,mobile_money,Adamawa,Adamawa-Central,021da314d09bf6f2,2025-03-26 15:38:47,15,2,False
ad931eb0-93c5-41b4-9b2b-2afa3554c26f,CUS-01425,2457.44,bank_transfer,Akwa Ibom,Akwa Ibom-Central,94921b8cae938886,2025-03-26 15:44:24,15,2,False
866418b7-c0cb-4965-8742-ed19937963c7,CUS-01908,926592.39,bank_transfer,Kano,Fagge,01f9dab905ec8c27,2025-03-26 16:06:03,16,2,False
f7bc0fb8-6cd5-46dd-a6e0-0f2f072d3722,CUS-01373,303.87,mobile_money,Abuja FCT,Bwari,c3deb665c44d26ee,2025-03-26 16:09:30,16,2,False
a831025e-c338-4ab7-81ac-4ab242d13fb4,CUS-00918,303.11,ussd,Kwara,Kwara-Central,402f6978085be2fa,2025-03-26 16:11:28,16,2,False
427e9e8e-44de-48b5-b046-13e8b64b3e17,CUS-01282,1918.82,ussd,Oyo,Ibadan South-West,dc18e0f8c5a69a14,2025-03-26 16:25:39,16,2,False
47bb56e8-16c5-4aaf-ba6b-ed32b9d3f7d9,CUS-00324,4538.29,mobile_money,Cross River,Cross River-Central,eadd563a73f69909,2025-03-26 16:26:08,16,2,False
247bb00f-3163-4b61-8669-811278178f61,CUS-01651,182.44,pos,Kano,Nassarawa,396043149ea8b2e6,2025-03-26 16:37:43,16,2,False
8aa9322c-ad81-4ac1-86aa-1669e198037b,CUS-01724,4679.85,pos,Anambra,Awka South,255cc9f84c700375,2025-03-26 16:41:36,16,2,False
04830fdf-6dcc-43bb-8f57-613d869ad1ce,CUS-01576,2316.56,pos,Lagos,Lagos Mainland,7bae466cfc2d3e32,2025-03-26 16:44:14,16,2,False
c45e645b-a27e-4974-a404-c89cf8dfc034,CUS-01355,130.49,pos,Kebbi,Kebbi-Central,1a13698cf4c1d9c1,2025-03-26 16:48:14,16,2,False
7ae0d856-a4e6-458b-a650-ac79d2d72f99,CUS-00446,8464.82,ussd,Ogun,Ogun-Central,a54ec969ae4fe771,2025-03-26 16:58:11,16,2,False
6df9f363-2d0c-431d-8bb1-328726ac4d3b,CUS-00108,2149.14,pos,Lagos,Agege,058ea72f6a7c91eb,2025-03-26 16:59:41,16,2,False
ebf08f47-5b48-451f-abc7-315915019f9f,CUS-00154,2790.7,pos,Ogun,Ogun-Central,bec8cb887466247e,2025-03-26 17:01:57,17,2,False
79b77a17-52f7-4c81-9094-0c80f640db26,CUS-01464,348.06,pos,Ogun,Ogun-Central,4ee532963b3526bb,2025-03-26 17:07:24,17,2,False
14a1071f-4624-4371-8435-2fa5e34ff940,CUS-00778,408107.51,bank_transfer,Ondo,Ondo-Central,734366b03ca116fb,2025-03-26 17:15:10,17,2,False
57a711ed-0c83-4e23-8501-43e5e8416e80,CUS-01627,447.84,bank_transfer,Oyo,Oyo East,8a68d0e2389ad1b9,2025-03-26 17:16:00,17,2,True
40d27868-3d8e-4f29-9e79-6a66f7d469e0,CUS-00961,4035.55,pos,Kaduna,Kaduna South,53c76254ebe7bddf,2025-03-26 17:16:48,17,2,False
18bfd534-6b97-412c-a3bf-a791f5ecde6e,CUS-01791,1953.58,mobile_money,Osun,Osun-Central,4635e6db3605a1bf,2025-03-26 17:21:10,17,2,False
c83f84ee-c56e-4cc5-b4f0-a928c6534175,CUS-01482,1770.93,pos,Oyo,Oyo East,304c1b645c7fc091,2025-03-26 17:30:01,17,2,False
86246302-10f4-45a9-aead-65b4bd95e2f2,CUS-01632,4661.46,bank_transfer,Delta,Warri South,d46257dd5672aef5,2025-03-26 17:30:55,17,2,False
f0464a14-60b9-46b9-918b-2d2555798fe1,CUS-01208,24070.77,bank_transfer,Kano,Nassarawa,e98a5e1c5dd09287,2025-03-26 17:32:19,17,2,False
50b5e9e5-8681-46ac-bce3-5fa9ce7b8548,CUS-01627,45259.92,bank_transfer,Oyo,Ogbomoso,8a68d0e2389ad1b9,2025-03-26 17:40:00,17,2,True
aa253e09-aec5-4712-8390-e7617f7cb242,CUS-00034,51722.16,bank_transfer,Akwa Ibom,Akwa Ibom-Central,16d056fcd36c662b,2025-03-26 17:41:55,17,2,False
81124049-9c67-4d56-bcaa-79c20b3c8f66,CUS-01311,86.75,mobile_money,Nassarawa,Nassarawa-Central,2e680b3b3a6c5fd1,2025-03-26 17:51:54,17,2,False
e27a51c1-4dc7-4d23-8c5c-cdec02533131,CUS-01480,24120.04,bank_transfer,Plateau,Plateau-Central,50852128a7372d35,2025-03-26 18:05:19,18,2,False
205652d5-e7be-45ab-b5b9-ddf226c1cb77,CUS-00871,288.53,mobile_money,Kano,Dala,086966739eb1d2e8,2025-03-26 18:22:31,18,2,False
ad1c2dc0-f630-4b9f-8b5e-30784907361a,CUS-00732,730831.69,pos,Delta,Warri South,d2fa86ca5f1299e7,2025-03-26 18:40:52,18,2,False
79ec6438-d6f5-4b81-901e-a4524a53c807,CUS-01627,94.24,bank_transfer,Oyo,Oyo East,8a68d0e2389ad1b9,2025-03-26 18:41:00,18,2,True
ed3bbd71-f111-4c8b-851b-356eb67ffd2e,CUS-01565,4836.61,mobile_money,Rivers,Obio-Akpor,0246d732e3d4e8a6,2025-03-26 18:46:08,18,2,False
efbc8155-c270-4e6c-b7c8-4b708857dda8,CUS-00189,65.55,mobile_money,Lagos,Agege,7fae21bb8ec0cbdf,2025-03-26 19:04:55,19,2,False
975a472c-51ad-4e02-a196-74d1fbd5ce18,CUS-01009,66.57,pos,Abuja FCT,Bwari,d779f710e5a038e7,2025-03-26 19:12:44,19,2,False
f9484825-53cf-46c0-918e-874b28b05c4e,CUS-00006,427446.47,bank_transfer,Lagos,Lagos Mainland,8e398bc1cbdc78d0,2025-03-26 19:27:24,19,2,False
f1d13146-33bd-4773-8c76-c78d8caaf47f,CUS-01111,187.69,pos,Lagos,Lagos Mainland,e26bb45013e5e156,2025-03-26 19:39:57,19,2,False
60771866-a401-4dbf-a2bc-daee5e283d41,CUS-01223,3644.28,pos,Jigawa,Jigawa-Central,46351918e7e1af5d,2025-03-26 19:43:07,19,2,False
9dbe37a3-d264-4238-b8d0-58338b15340c,CUS-00510,200.9,pos,Kaduna,Kaduna North,f280c054339f0674,2025-03-26 19:47:43,19,2,False
9f6429be-79c1-4be5-b776-eb602ad0187d,CUS-01969,37341.85,pos,Lagos,Agege,c2f713ad5e7d40ec,2025-03-26 19:49:09,19,2,False
b09e29f3-242a-4f1d-ac06-07c9553c5def,CUS-01966,4301.73,pos,Lagos,Lagos Mainland,72786112a0d6498a,2025-03-26 19:55:27,19,2,False
77d671d5-d7eb-4d57-ba6b-84fec41f29ff,CUS-00916,390.61,ussd,Kano,Tarauni,5bd822755a40195e,2025-03-26 20:14:32,20,2,False
3456c894-65a8-4bc5-847a-5380bf0c965d,CUS-00892,442.04,mobile_money,Plateau,Plateau-Central,c675c3ac25c15d49,2025-03-26 20:22:38,20,2,False
73f69dfa-b569-4f78-ae1f-f211d75fd419,CUS-00155,2222.47,pos,Lagos,Oshodi-Isolo,aa41351d7606065f,2025-03-26 20:54:20,20,2,False
59715fe0-68a6-4271-b87e-76f0d3139526,CUS-00961,324117.78,pos,Kaduna,Kaduna South,53c76254ebe7bddf,2025-03-26 20:56:49,20,2,False
306b95af-be06-4c0a-b412-81393ea3d5d9,CUS-01733,587356.65,bank_transfer,Rivers,Oyigbo,95599289dfc0bb5d,2025-03-26 21:14:48,21,2,False
c6ff48ae-972d-4923-a6b0-2a7c1fd953a5,CUS-00629,371.45,pos,Lagos,Lagos Mainland,df45b1aef8e52b4d,2025-03-26 21:23:29,21,2,False
f51684bf-00f0-401c-a5b1-8074986f5b28,CUS-01080,359.61,mobile_money,Imo,Imo-Central,13eccc5116a2329f,2025-03-26 21:43:56,21,2,False
4843d51a-0c33-45e8-84a6-ab4846d9b74d,CUS-00729,9352.31,bank_transfer,Lagos,Eti-Osa,74c46c6f8b16e0c6,2025-03-26 21:47:35,21,2,False
b0fa5f7b-3c00-4837-994f-20d30ddb40c2,CUS-01431,136.6,card,Abuja FCT,Bwari,495d3248fee65305,2025-03-26 21:51:31,21,2,False
203007de-c57c-4139-86ea-07d4b2fc1530,CUS-01728,759518.9,pos,Benue,Benue-Central,dfb22605a0322a4b,2025-03-26 22:31:56,22,2,False
554c25be-05e2-4e3e-982a-83ca8ab1e744,CUS-00730,316.0,mobile_money,Lagos,Ikeja,ac2406ba7dd5cfe4,2025-03-26 23:50:38,23,2,False
90917e71-9e61-4314-95c9-d3adf799ca6c,CUS-01857,276833.96,bank_transfer,Abuja FCT,Municipal,9a6c39da19c86cba,2025-03-27 00:11:00,0,3,True
f07c4c80-a6a1-490a-8403-df15d0e8cd3c,CUS-01374,243.47,mobile_money,Lagos,Lagos Mainland,4e33cb22b6638e9d,2025-03-27 01:42:34,1,3,False
3eea2ec5-50b4-4596-b920-e4dceb895969,CUS-01085,423329.27,mobile_money,Abuja FCT,Municipal,015ee05e5160a433,2025-03-27 01:44:15,1,3,False
2cdbb281-e11a-4895-8734-7aa7dfa9f646,CUS-01639,623902.38,bank_transfer,Yobe,Yobe-Central,ae90b6ac4ac47787,2025-03-27 02:17:00,2,3,True
80e01ea3-ff23-4d5a-b6b0-8f432fb876b9,CUS-00898,24086.58,bank_transfer,Lagos,Alimosho,836f5054e1ab3d9e,2025-03-27 04:08:20,4,3,False
61c91251-e7c3-4372-bd27-9732cd8a7772,CUS-01244,260096.64,bank_transfer,Kwara,Kwara-Central,2de3c5b088b4497a,2025-03-27 04:23:00,4,3,True
4a4e2b52-fea0-4374-8a94-e89c79ba6de1,CUS-01276,648524.62,bank_transfer,Lagos,Mushin,990dec7a88b42303,2025-03-27 04:49:00,4,3,True
bdec9693-29da-43a6-a70f-02e4cce2b6ac,CUS-00417,4753.99,pos,Kano,Tarauni,212f8aec6ea750eb,2025-03-27 05:03:07,5,3,False
6c69a69c-84b4-42e3-94dd-83b2fba503e3,CUS-00026,3189.41,mobile_money,Lagos,Alimosho,f906aed94ac545a4,2025-03-27 05:54:30,5,3,False
331874f9-e16f-4f4f-9ac0-d2c64ecc978e,CUS-00780,2783.39,pos,Edo,Egor,f51cc411e2fd45d3,2025-03-27 06:42:00,6,3,True
33bb245c-c19d-430b-8024-e80fbf3f431a,CUS-00780,322.76,ussd,Edo,Ikpoba-Okha,f51cc411e2fd45d3,2025-03-27 08:02:00,8,3,True
ce815065-d6ef-4ec2-87a6-b9462b2471d6,CUS-00780,4555.04,bank_transfer,Edo,Egor,f51cc411e2fd45d3,2025-03-27 08:46:00,8,3,True
1fe44686-27b0-495c-a389-afc5c56b672a,CUS-00562,202.44,pos,Lagos,Ikeja,5638a1f9b6523012,2025-03-27 09:04:17,9,3,False
9280ab3b-0acc-4dd3-a3a0-22486de7b97d,CUS-00899,24709.6,bank_transfer,Lagos,Surulere,6f982fdfe8b9f332,2025-03-27 09:13:40,9,3,False
8a76ba3c-e94f-45df-8a69-bba491281c41,CUS-01755,77700.7,pos,Benue,Benue-Central,48d4189ce2a6536b,2025-03-27 09:13:50,9,3,False
bdea4b2a-4576-4941-bc46-94069f862e55,CUS-00608,95.87,mobile_money,Abuja FCT,Municipal,c12660b606f8ea6a,2025-03-27 09:47:19,9,3,False
93d2e20f-fc21-4731-9616-a08b5cf2f624,CUS-01127,61720.71,pos,Rivers,Oyigbo,82121e9423b06b7e,2025-03-27 09:49:17,9,3,False
16b8c050-9a7f-4810-934b-859a99863c4c,CUS-00522,114977.37,ussd,Bayelsa,Bayelsa-Central,8359329b6dadc065,2025-03-27 10:00:22,10,3,False
e17077d1-569b-4f55-8833-79020904ab8a,CUS-00764,644581.01,pos,Lagos,Oshodi-Isolo,505092f3fbd319a1,2025-03-27 10:03:52,10,3,False
8a6a6822-1f34-4c9c-86a4-c1f9118ecb8b,CUS-00803,1050.38,bank_transfer,Kaduna,Zaria,1aaac49944c6a235,2025-03-27 10:04:24,10,3,False
a79896d3-1829-431e-b6e1-1ca0117343cd,CUS-01352,129.35,ussd,Rivers,Eleme,92635ba9f4c8df47,2025-03-27 10:04:45,10,3,False
963dfe93-b97a-495d-a237-908b0f0f9d01,CUS-01850,4915.25,bank_transfer,Kano,Gwale,6682a0ec008759ac,2025-03-27 10:07:05,10,3,False
ed6765b3-2c9d-4514-829b-052c5a9f805c,CUS-00757,1654.31,ussd,Oyo,Ibadan South-West,8c3b578b37eec62e,2025-03-27 10:18:47,10,3,False
9a775eaa-6592-4aff-a802-4264028aac9f,CUS-00504,4240.2,pos,Anambra,Awka South,e3e9b5adc18b4128,2025-03-27 10:19:35,10,3,False
a92c7c61-b32a-400b-bce7-48d6efcf9fcf,CUS-00298,100.38,bank_transfer,Enugu,Nsukka,2a174906e6fcc26b,2025-03-27 10:22:34,10,3,False
87cec39c-4479-432a-a059-aa34d7d099ac,CUS-01496,684999.73,ussd,Enugu,Enugu North,3ac019d4fb43e753,2025-03-27 10:29:00,10,3,False
14392ff0-7d30-4913-a1f6-00cb1e6292bd,CUS-00411,2307.86,pos,Katsina,Katsina-Central,a3aa5c70552aaa99,2025-03-27 10:35:14,10,3,False
3308bd3f-7a4f-4dc1-bc19-33f2bfd63467,CUS-00536,254.21,mobile_money,Borno,Borno-Central,f1abe6723efdbbfe,2025-03-27 10:37:42,10,3,False
a2407ee4-d44f-4300-859b-205efd055611,CUS-00091,228688.03,card,Edo,Oredo,e01e6ff363ab9e69,2025-03-27 10:53:11,10,3,False
d292c1df-f103-436e-9522-0c1541decdd8,CUS-00780,246.35,ussd,Edo,Egor,f51cc411e2fd45d3,2025-03-27 11:00:00,11,3,True
538b2032-37eb-4569-818e-d69bc891e96a,CUS-00837,91.94,pos,Rivers,Port-Harcourt,06cddace0190e17b,2025-03-27 11:02:06,11,3,False
a3ec718f-e674-408e-80c0-d6cdb09bf074,CUS-00293,52909.83,mobile_money,Rivers,Oyigbo,3d5162763556b232,2025-03-27 11:03:34,11,3,False
bd69e8da-ce2f-4806-a551-01cdfc64c89f,CUS-00205,84909.75,ussd,Lagos,Ikeja,8648d39ae8c8e344,2025-03-27 11:08:09,11,3,False
58f87af5-ec64-459f-a7f8-8db358704878,CUS-00780,11578.23,pos,Edo,Ikpoba-Okha,f51cc411e2fd45d3,2025-03-27 11:09:00,11,3,True
69d9b55a-3abb-4c2b-8875-210abc6f17f3,CUS-00728,85025.08,bank_transfer,Lagos,Agege,10616442c654b4ec,2025-03-27 11:10:56,11,3,False
551f199a-bd39-4d96-9cb6-b6351986a195,CUS-00205,60859.99,ussd,Lagos,Eti-Osa,8648d39ae8c8e344,2025-03-27 11:19:27,11,3,False
983b3ba3-107f-40bb-943e-9cce85dea940,CUS-01579,729898.82,bank_transfer,Oyo,Ibadan South-West,98d39056461813d3,2025-03-27 11:20:07,11,3,False
487b7288-2888-422e-a31a-59a996de5641,CUS-01528,4570.83,card,Benue,Benue-Central,f61ecd1138c844c4,2025-03-27 11:20:50,11,3,False
95a97ba5-0c7d-4bdc-9fad-04295447d8bb,CUS-01377,40154.17,pos,Abuja FCT,Kuje,0df666d41c1ea0b3,2025-03-27 11:37:41,11,3,False
c35737f7-8877-436d-9f02-66fd0842726f,CUS-01159,27539.62,pos,Lagos,Eti-Osa,334b79b74f55e4ae,2025-03-27 12:01:43,12,3,False
b3951c9d-8ddf-4815-b984-72f5e0a7b1aa,CUS-00383,3402.43,bank_transfer,Kebbi,Kebbi-Central,c919c6af242bd317,2025-03-27 12:09:46,12,3,False
6729133f-c28b-47e6-80a8-3259a3fe37e6,CUS-01947,215.32,bank_transfer,Lagos,Mushin,4c7b689cb13b4c58,2025-03-27 12:10:17,12,3,False
89a1c945-5828-48cb-9ad9-ac35e66060eb,CUS-01685,30635.15,bank_transfer,Sokoto,Sokoto-Central,445899ed480707b4,2025-03-27 12:11:29,12,3,False
a6e06d82-a1e8-46eb-9088-cfd364e72481,CUS-00508,93.02,pos,Katsina,Katsina-Central,3c6dcb4e5b6b2d16,2025-03-27 12:14:00,12,3,True
66cae8c0-8b29-4aee-81d1-878785dc6ce2,CUS-00508,312.08,pos,Katsina,Katsina-Central,3c6dcb4e5b6b2d16,2025-03-27 12:15:00,12,3,True
ce344e0f-9ff1-40e4-a8a7-6e7dd6248869,CUS-00508,319.26,ussd,Katsina,Katsina-Central,3c6dcb4e5b6b2d16,2025-03-27 12:16:00,12,3,True
a09a52bc-61ba-4e4e-b9a5-b112c525584b,CUS-00958,394.08,pos,Lagos,Alimosho,567a029e445837e0,2025-03-27 12:24:55,12,3,False
1cb66520-ad71-41ab-8d9c-66be42e21751,CUS-00999,4640.18,ussd,Abuja FCT,Kuje,8dbc71eab1346379,2025-03-27 12:28:41,12,3,False
65a58742-8bfb-4445-b85d-f44a0a082a0a,CUS-00508,71.38,pos,Katsina,Katsina-Central,3c6dcb4e5b6b2d16,2025-03-27 12:36:00,12,3,True
58e53241-dcb6-4830-a475-a797164614e8,CUS-01295,257.87,bank_transfer,Lagos,Mushin,ed59bae45fd6a782,2025-03-27 12:42:24,12,3,False
41c12234-30fe-4a98-a587-d16aa303b570,CUS-00558,292.16,pos,Kwara,Kwara-Central,de6228374a9d4b7e,2025-03-27 12:44:56,12,3,False
b0314f42-9efb-4b17-a88d-5fbd309f21ca,CUS-00508,334.93,ussd,Katsina,Katsina-Central,3c6dcb4e5b6b2d16,2025-03-27 12:47:00,12,3,True
1aed059b-2a54-40b7-a68c-b533872e00f0,CUS-01393,3798.36,pos,Abuja FCT,Gwagwalada,713de381805278a1,2025-03-27 12:47:29,12,3,False
ff66276a-67ba-4420-85cd-c3b8d4f5e5b1,CUS-00790,16069.47,mobile_money,Lagos,Eti-Osa,b15e711fa28274c0,2025-03-27 12:48:56,12,3,False
b0f4e17e-c979-4953-a28c-c3c1ee87826a,CUS-00508,454.14,mobile_money,Katsina,Katsina-Central,3c6dcb4e5b6b2d16,2025-03-27 12:52:00,12,3,True
b0f80285-b7c8-4517-97b8-cdce8945a145,CUS-01953,37787.49,pos,Osun,Osun-Central,dd76f26c9b5be843,2025-03-27 13:06:10,13,3,False
4df459dd-34a9-4e0e-aff4-7edf130e26f0,CUS-01238,99.96,bank_transfer,Akwa Ibom,Akwa Ibom-Central,4f2883e80ffbe344,2025-03-27 13:17:07,13,3,False
c3496e90-288b-448c-9e4d-2eebd8dfe1ad,CUS-00485,2326.68,bank_transfer,Nassarawa,Nassarawa-Central,a37c69cff4308eaa,2025-03-27 13:17:37,13,3,False
d151bdc4-66a2-4d0e-a8e5-24eccfd7b5cc,CUS-01593,2481.58,bank_transfer,Lagos,Mushin,fe285f055c45f3de,2025-03-27 13:20:01,13,3,False
a693ad23-8204-4512-846a-f6d1f9e9ae0c,CUS-01006,966.4,mobile_money,Anambra,Nnewi North,91de6e8e293c33a0,2025-03-27 13:46:54,13,3,False
1249ddc5-fc7c-4e2c-8e8b-e0d253d6fd8b,CUS-01088,1793.33,bank_transfer,Ogun,Ogun-Central,2fe4c08d1ce58296,2025-03-27 13:48:57,13,3,False
c3ab347b-0e5c-45f7-a43c-b03c90d5a42d,CUS-00671,1341.99,pos,Nassarawa,Nassarawa-Central,c036671ca8b35a91,2025-03-27 13:50:39,13,3,False
c040b85b-a0ce-457d-9a13-eb514b9b9391,CUS-00755,3838.14,pos,Imo,Imo-Central,868dd195080acd9b,2025-03-27 13:53:43,13,3,False
34a4173a-7d5f-46c6-8078-9f111e444bb7,CUS-00773,414.72,bank_transfer,Rivers,Oyigbo,bf57dfc7ac1d19b3,2025-03-27 14:00:59,14,3,False
ebdceae2-89a8-4f25-99e0-333910d5a3cc,CUS-00780,89798.22,bank_transfer,Edo,Egor,f51cc411e2fd45d3,2025-03-27 14:05:00,14,3,True
e3b05c6d-4146-4b79-9e91-776a81ce979e,CUS-00780,404.47,pos,Edo,Oredo,f51cc411e2fd45d3,2025-03-27 14:05:00,14,3,True
2ec9b488-d4b7-4e79-840e-f76b570cfbbf,CUS-01900,64477.81,bank_transfer,Oyo,Oyo East,8be9efcf44f18c7e,2025-03-27 14:15:42,14,3,False
8cbc1ee7-48f7-4b14-b7c9-817905f28b44,CUS-00993,699127.79,pos,Kaduna,Zaria,0931b04fa7a3e5a7,2025-03-27 14:25:38,14,3,False
03937c5c-5e1a-4db8-b4ec-32494ea756fd,CUS-01590,475491.25,card,Anambra,Nnewi North,13407ce4863fe750,2025-03-27 14:47:48,14,3,False
4e98064a-ae66-4d9f-873d-496975e714e9,CUS-01365,4073.69,bank_transfer,Lagos,Mushin,75e449b0c77e704e,2025-03-27 14:57:41,14,3,False
5c09594f-a856-4b35-9e28-5091336fae2c,CUS-00323,879326.18,pos,Kano,Dala,c6be91d942ad5d17,2025-03-27 15:00:48,15,3,False
9e562085-0ac3-4254-8f3b-0c526c02cbb2,CUS-01873,413.8,mobile_money,Bauchi,Bauchi-Central,fcad9d34dfe38881,2025-03-27 15:09:09,15,3,False
a1b5faa5-515d-41d7-b3c2-757d2c85909d,CUS-01655,139583.85,pos,Gombe,Gombe-Central,ee689fc86d725bb6,2025-03-27 15:11:27,15,3,False
0d8989a0-1c7e-4f2e-b1c1-0932547ef99c,CUS-00485,1345.85,pos,Nassarawa,Nassarawa-Central,a37c69cff4308eaa,2025-03-27 15:14:04,15,3,False
a03e330e-457b-468f-bf9d-9fa16d9d63ce,CUS-00993,87857.9,pos,Kaduna,Kaduna North,0931b04fa7a3e5a7,2025-03-27 15:14:50,15,3,False
d2a86413-a986-4115-a707-aec11aa546ed,CUS-00867,3668.48,mobile_money,Lagos,Kosofe,e881590c80f4d64f,2025-03-27 15:25:29,15,3,False
0ea7d5b5-4f85-4baf-b5d2-69f43136c6b8,CUS-00360,85.21,pos,Rivers,Port-Harcourt,bdeead7ca8d0d47f,2025-03-27 15:29:48,15,3,False
c3737c67-134d-4e88-8cb8-ce19696811d5,CUS-00239,327.58,pos,Lagos,Agege,a18fc29097aafe72,2025-03-27 15:35:05,15,3,False
3cde04c7-f071-458e-8b9d-811ba102ac69,CUS-01944,1809.14,pos,Imo,Imo-Central,b37b654ece3afc3f,2025-03-27 15:38:55,15,3,False
d21573db-f854-4634-a207-a46e4cbd25d3,CUS-00201,3141.43,pos,Lagos,Alimosho,39439305fe5c2f64,2025-03-27 15:39:27,15,3,False
30b4b76a-0a5b-4cfb-bde5-1eeeb6bacaf7,CUS-00268,4743.75,pos,Rivers,Port-Harcourt,39eb4d2056be0d8b,2025-03-27 15:40:49,15,3,False
ee404127-2452-4e60-8a7e-b34404d3d170,CUS-01242,4409.25,bank_transfer,Abia,Abia-Central,a2b93884ec11f5f0,2025-03-27 15:49:54,15,3,False
58566378-6b19-471e-a3eb-67585f100358,CUS-01318,96723.53,mobile_money,Lagos,Alimosho,0d53a7e44c1ebaa4,2025-03-27 15:53:01,15,3,False
fe95a895-800e-4fed-8c78-67bcbc096687,CUS-01089,2225.76,pos,Lagos,Ikeja,4a1fc1354e8f9be2,2025-03-27 16:03:17,16,3,False
e4eba3a2-3406-40f0-b575-7d137c57c83a,CUS-00106,4208.57,pos,Rivers,Port-Harcourt,6a04b71095cc9970,2025-03-27 16:20:42,16,3,False
f306bc37-eb21-48dd-9038-6e9210d9c518,CUS-01277,2420.26,bank_transfer,Ogun,Ogun-Central,add5c891c349873a,2025-03-27 16:22:22,16,3,False
b8676a1f-b4bf-47f0-864b-e363eff2a389,CUS-01214,55.69,ussd,Edo,Oredo,a7432b47d6b05474,2025-03-27 16:31:23,16,3,False
a913b161-7954-416d-84c7-16a916b34ac0,CUS-01115,493696.09,ussd,Oyo,Ibadan South-West,8e84f0abbb452664,2025-03-27 16:35:00,16,3,False
18b13ba2-d12c-4d34-bdff-b9d060009767,CUS-01082,466.09,pos,Rivers,Obio-Akpor,ba4abb559ef4a036,2025-03-27 16:48:44,16,3,False
100963c0-5033-46a6-a878-5c598e2174f3,CUS-01376,56914.18,mobile_money,Abuja FCT,Gwagwalada,732aaeaa6b024f1a,2025-03-27 16:52:50,16,3,False
c67305fa-7d07-454b-bbb5-ade6f653c16a,CUS-01025,4326.85,pos,Abuja FCT,Bwari,684ecec19204396e,2025-03-27 16:54:52,16,3,False
b5da675f-040e-47fc-bd41-d4a583f068ab,CUS-00353,687833.24,pos,Lagos,Eti-Osa,69f11513ba62981e,2025-03-27 17:11:07,17,3,False
00714325-718d-4367-b225-6e64cf4b7385,CUS-00491,285.76,pos,Enugu,Enugu North,e00eb35a370ee76b,2025-03-27 17:18:05,17,3,False
24f28fbe-f99e-4bec-8d4f-3b314faba8dc,CUS-01247,384.69,bank_transfer,Lagos,Eti-Osa,18e92e4979a08146,2025-03-27 17:20:23,17,3,False
4fc8fa88-3680-4014-944c-59575ba1b2c4,CUS-01934,35854.09,mobile_money,Anambra,Awka South,a9e4a4115fd7213b,2025-03-27 17:20:49,17,3,False
06816eb1-aca2-4d93-b059-ef47fa3e334a,CUS-01774,67.4,pos,Imo,Imo-Central,4416a81ac3c26ad7,2025-03-27 17:39:39,17,3,False
08bb7c97-7441-4cab-9a0b-493517e5411f,CUS-00916,373759.68,pos,Kano,Dala,5bd822755a40195e,2025-03-27 17:58:36,17,3,False
d5b19361-cb78-4e86-8132-aca6cbb23542,CUS-00780,1976.23,bank_transfer,Edo,Ikpoba-Okha,f51cc411e2fd45d3,2025-03-27 18:14:00,18,3,True
2b07ea78-d062-4013-aecb-8afc98792141,CUS-00232,656960.12,pos,Oyo,Ibadan South-West,ea03ae9c877f8c0b,2025-03-27 18:19:36,18,3,False
60def367-aa15-409b-b6d5-cf28728e2eee,CUS-00496,69.26,pos,Oyo,Ibadan North,9cec30768d8a4bf8,2025-03-27 18:25:29,18,3,False
5c62caa8-a3ca-4c02-b8fb-1231e2ad0fc5,CUS-00648,82882.65,bank_transfer,Imo,Imo-Central,87df8c596d1e3bc8,2025-03-27 18:27:23,18,3,False
d2261c93-bbb6-4748-8ca7-ea7b6694f47f,CUS-01420,100.33,pos,Kano,Dala,eff694d3bbf74ab9,2025-03-27 18:31:13,18,3,False
4aabbec6-8ca9-40f8-808d-00a458e4c05d,CUS-01746,95555.53,mobile_money,Lagos,Ikeja,bd68d1dee0d2a03f,2025-03-27 18:31:46,18,3,False
b8e44507-dea1-4e63-9c3a-04bf1ed15fc6,CUS-01155,637851.87,bank_transfer,Osun,Osun-Central,4206908d01944652,2025-03-27 18:33:42,18,3,False
cc87cccb-b2e8-48a2-8c85-d34a9c5c20b5,CUS-00161,4178.68,bank_transfer,Enugu,Enugu East,60cf3886193024a7,2025-03-27 18:34:19,18,3,False
a7636fa3-bf66-4ce5-b839-4fdfcaaaa9a0,CUS-01746,66234.92,mobile_money,Lagos,Lagos Mainland,bd68d1dee0d2a03f,2025-03-27 18:35:09,18,3,False
b303e599-2f5b-4494-a6c0-587fc47e918d,CUS-00780,221.68,pos,Edo,Egor,f51cc411e2fd45d3,2025-03-27 18:36:00,18,3,True
5a65e7c6-2b2e-466e-a176-9f3ccab346bd,CUS-00901,447.08,mobile_money,Lagos,Oshodi-Isolo,8cc6b102f1e0b742,2025-03-27 18:39:42,18,3,False
df89b438-0860-41c2-8eae-d8b795a5bd4c,CUS-00695,414.49,bank_transfer,Kaduna,Kaduna North,81e192968c626dfd,2025-03-27 18:42:02,18,3,False
0e5f265f-d0f4-434c-a8bb-ff0100e464b3,CUS-01329,344.22,mobile_money,Abuja FCT,Gwagwalada,739c4ee882c5ab3b,2025-03-27 19:01:34,19,3,False
23819e4f-9515-4205-a931-bed5a565e04c,CUS-01019,194.65,ussd,Lagos,Alimosho,854b455985debb27,2025-03-27 19:08:14,19,3,False
61a08ccc-9c1c-4f47-b25f-10a974662a31,CUS-00780,454.42,pos,Edo,Egor,f51cc411e2fd45d3,2025-03-27 19:11:00,19,3,True
1ff5e16d-fc2c-41a5-bcb2-b56d4953c125,CUS-00316,2580.91,bank_transfer,Rivers,Oyigbo,f45621f2c00f78c7,2025-03-27 19:15:46,19,3,False
bb7fd609-cc6b-4fc8-9323-894468d28da9,CUS-01563,3720.69,bank_transfer,Kano,Gwale,dd45ddf89763dce5,2025-03-27 19:32:23,19,3,False
b6fe64f2-6e5a-44ed-b9d6-b90a8505d8d9,CUS-00434,76907.07,pos,Lagos,Eti-Osa,eccd3d6c819f827c,2025-03-27 19:47:46,19,3,False
4b05aba7-02ba-438e-a812-60ce254769e0,CUS-00163,3978.43,mobile_money,Oyo,Ibadan South-West,8d5738008732b193,2025-03-27 19:55:11,19,3,False
f37dc522-28e6-465a-8ff5-f6c91c123cf5,CUS-01859,492.97,mobile_money,Ondo,Ondo-Central,69ff6246dfa76a1c,2025-03-27 20:01:41,20,3,False
6d4bb4b8-1b44-477b-8213-16d0f38f7b65,CUS-01857,12375.02,bank_transfer,Abuja FCT,Kuje,9a6c39da19c86cba,2025-03-27 20:04:17,20,3,False
17874842-c14c-4194-8ed4-490e8a80e802,CUS-00392,4970.07,bank_transfer,Rivers,Eleme,eb3e81dfca0a3bbc,2025-03-27 20:08:14,20,3,False
5ad30d71-1480-4a6f-b121-f2b66a3d5364,CUS-01331,3932.12,mobile_money,Ondo,Ondo-Central,bb02caf3ec8e0b3d,2025-03-27 20:11:19,20,3,False
21c98cdf-9b11-4466-a6c8-6d06dab02499,CUS-01764,4971.19,pos,Lagos,Surulere,168fd9369822d366,2025-03-27 20:13:38,20,3,False
75cd1639-b304-4ab4-b0cd-0b965c490bdf,CUS-00928,84160.77,mobile_money,Enugu,Nsukka,2cf7904fdac340ce,2025-03-27 20:14:09,20,3,False
30532321-247a-4ef9-bc2a-07582bb320d8,CUS-01150,6453.92,pos,Edo,Ikpoba-Okha,6a45da23b71f0b13,2025-03-27 20:22:53,20,3,False
af155a8f-c193-4396-8752-a3b5f8a317d7,CUS-01749,81139.36,ussd,Lagos,Oshodi-Isolo,1bf255c831c8b957,2025-03-27 20:23:48,20,3,False
459ae3f3-52a6-450a-96b8-6bc154dc3ce1,CUS-00979,27784.03,card,Kaduna,Kaduna North,6e449854f903e547,2025-03-27 20:29:19,20,3,False
5da6c8b0-f4d2-4de4-bd30-bce31918408a,CUS-01342,309.89,bank_transfer,Zamfara,Zamfara-Central,31b1f39dd3d30b05,2025-03-27 20:37:04,20,3,False
a80162a8-4cf1-43d3-b103-207b575ed133,CUS-00370,4939.76,pos,Lagos,Ikorodu,90ecea92534cd57f,2025-03-27 20:49:05,20,3,False
af7965d0-cdc4-427e-b5d0-d4c385b61e15,CUS-00780,1303.88,bank_transfer,Edo,Egor,f51cc411e2fd45d3,2025-03-27 20:51:00,20,3,True
750e9d7a-13a0-4935-b565-38cda3e51995,CUS-01386,611.17,pos,Abia,Abia-Central,a0b3c4931fa33023,2025-03-27 20:52:18,20,3,False
f3d6b8b7-16ab-4e88-ac16-c58695e85961,CUS-00059,83487.01,bank_transfer,Kano,Fagge,75d2af6a62a0cb52,2025-03-27 20:52:35,20,3,False
8cd2dac7-d4d3-4be1-b882-b2411b9696b4,CUS-00493,361.46,pos,Lagos,Surulere,e90398b9a0d79849,2025-03-27 20:55:14,20,3,False
17168288-070a-4c12-ad39-1330c4372699,CUS-00663,2275.35,mobile_money,Lagos,Oshodi-Isolo,9acddf1e43e97ade,2025-03-27 20:56:21,20,3,False
ff75ec16-2e06-49d2-82ca-83eaff8a2222,CUS-00934,1149.66,mobile_money,Lagos,Ikorodu,a005e3c38e069450,2025-03-27 21:01:40,21,3,False
415db96b-cb84-4007-8706-a72ef1525dfa,CUS-01754,1275.19,pos,Ebonyi,Ebonyi-Central,75e5b9e76ea57df9,2025-03-27 21:12:54,21,3,False
9224b975-3e18-420d-997e-b5d3b241726c,CUS-01386,21936.91,pos,Abia,Abia-Central,a0b3c4931fa33023,2025-03-27 21:33:11,21,3,False
01552488-3068-45e4-864e-0f815ff747d3,CUS-01708,294.61,pos,Enugu,Enugu East,4211ce21fda32873,2025-03-27 21:37:08,21,3,False
ab74edc3-842a-4414-8496-448bf2f5ebec,CUS-00632,51685.45,mobile_money,Abuja FCT,Gwagwalada,76bdcde9144067f5,2025-03-27 21:38:14,21,3,False
596b5631-c5f4-431e-b003-5feb6573e15c,CUS-00187,269.79,mobile_money,Oyo,Ogbomoso,a7abe2028646f8e2,2025-03-27 21:55:02,21,3,False
0330a348-2e11-48ee-bfe2-cd8ae272dc64,CUS-00453,320.94,pos,Kogi,Kogi-Central,540bb66ff44d3712,2025-03-27 22:03:58,22,3,False
9c24cc02-94b1-4143-98f1-5d46c6f97b0e,CUS-00780,2902.89,card,Edo,Ikpoba-Okha,f51cc411e2fd45d3,2025-03-27 22:15:00,22,3,True
6beb20be-8d9e-4aaa-8356-508097551540,CUS-01143,12847.43,bank_transfer,Oyo,Ibadan North,2a1e8ff74d96ae9b,2025-03-27 22:22:52,22,3,False
30defa2d-66e6-487a-88a7-5a8279edf910,CUS-01974,397.68,mobile_money,Kano,Fagge,3dbf38dcef5a1bfd,2025-03-27 22:31:07,22,3,False
e82702f4-2b34-482e-8359-b695599a1f67,CUS-00780,96419.41,pos,Edo,Egor,f51cc411e2fd45d3,2025-03-27 22:44:00,22,3,True
a29c4695-914c-4e46-8ceb-062e93a14a02,CUS-00780,20343.67,card,Edo,Oredo,f51cc411e2fd45d3,2025-03-27 22:57:00,22,3,True
5d72cfb1-d715-4d7c-87d0-312926ed4a8a,CUS-01118,2345.7,pos,Kano,Fagge,9906c287df3d4b3d,2025-03-28 00:05:39,0,4,False
9b52eae7-78a9-4f7f-ae07-61835b63a875,CUS-01801,622102.99,bank_transfer,Osun,Osun-Central,8f779f94f9d34410,2025-03-28 00:26:00,0,4,True
ba632c28-a340-44c3-86d6-f1333e6dc16a,CUS-00794,861996.38,bank_transfer,Lagos,Oshodi-Isolo,61ad41bfc30e5cd7,2025-03-28 01:45:00,1,4,True
701e73d0-b2fe-4c4e-8ac9-82becb403f48,CUS-01545,166207.02,pos,Abuja FCT,Gwagwalada,375992b2e94a47bf,2025-03-28 02:06:35,2,4,False
f58bfcd6-426b-490d-87d4-20123ca5ed8d,CUS-01704,121.32,ussd,Rivers,Oyigbo,3f93833aee85b8e1,2025-03-28 03:40:27,3,4,False
3d4a9080-70d3-4d9c-b11b-caf51f20606f,CUS-00706,4656.89,pos,Kano,Tarauni,c70a8290a671a69c,2025-03-28 04:02:03,4,4,False
edcc1aeb-8ec2-4c61-aa62-a0bad79d25b5,CUS-01694,434675.59,bank_transfer,Rivers,Port-Harcourt,d5150cfe61edef38,2025-03-28 04:14:00,4,4,True
c41defd1-6418-4293-8e56-72b4456ca69e,CUS-01769,2311.66,pos,Rivers,Eleme,1118a0d8bb9220e4,2025-03-28 04:15:13,4,4,False
416b2c54-95b0-4236-9c6d-99a20d651f40,CUS-00344,88896.52,pos,Rivers,Oyigbo,60b0ed642f41442e,2025-03-28 04:16:37,4,4,False
bcf79a0d-d817-417a-96a4-59fbd5b83b6d,CUS-01083,79627.93,pos,Kebbi,Kebbi-Central,b6a82c9c02ad23e5,2025-03-28 04:27:31,4,4,False
a0cdd11c-883e-4ac1-9073-e7e7739e8a68,CUS-01317,814423.55,bank_transfer,Ondo,Ondo-Central,4177b2602ac8ffb6,2025-03-28 04:30:00,4,4,True
cd777a1b-a82d-471a-8db6-efe20ab7693e,CUS-01435,338459.7,bank_transfer,Lagos,Eti-Osa,094a78f31d5a2bb7,2025-03-28 04:31:00,4,4,True
70e304b0-f02f-42e9-833b-392d4b17e539,CUS-00387,53497.58,bank_transfer,Lagos,Mushin,3af5f47915d1455e,2025-03-28 04:31:54,4,4,False
a88d9ff5-ec4b-4e87-b7b3-00fcc0341148,CUS-01367,77750.96,pos,Kogi,Kogi-Central,1befafdd9209cc78,2025-03-28 04:59:56,4,4,False
0d74a8a4-e194-44d6-ba93-896f4fbb59f8,CUS-01798,234.46,pos,Lagos,Eti-Osa,da09249edbf8957c,2025-03-28 07:17:23,7,4,False
e34f1b51-a2c1-4da1-be30-662c808abfed,CUS-00023,47807.46,pos,Rivers,Port-Harcourt,f84e67d217d0d0ef,2025-03-28 09:30:37,9,4,False
fd9d4802-04b6-4e52-8fe7-9f9bea16a47a,CUS-00984,37138.26,bank_transfer,Ondo,Ondo-Central,1f37995146c627bd,2025-03-28 09:34:45,9,4,False
fcdb3c4e-f5dd-4e2a-9fed-c0aed02edd16,CUS-01491,4307.89,bank_transfer,Rivers,Obio-Akpor,051469751774e3bd,2025-03-28 09:37:04,9,4,False
78f50464-4145-46aa-9012-501b1fd91622,CUS-01365,415.52,bank_transfer,Lagos,Ikorodu,75e449b0c77e704e,2025-03-28 09:38:06,9,4,False
baf5bb63-eed8-4aee-9c03-ea772e476ff4,CUS-01813,1408.22,bank_transfer,Lagos,Ikeja,0d3260ac2320f98e,2025-03-28 09:40:49,9,4,False
ffb0c393-b958-4f36-8c08-85a59857bd7e,CUS-01534,1975.33,ussd,Rivers,Obio-Akpor,e79d47ca860c90f8,2025-03-28 09:44:43,9,4,False
55750886-fc36-4c09-b9d9-678d72f0b00d,CUS-00483,875150.66,pos,Enugu,Nsukka,f578d51fdcfff376,2025-03-28 09:53:37,9,4,False
321587ee-c686-45e5-b2cc-2789d8103ee7,CUS-01752,48954.3,pos,Lagos,Kosofe,1418241f25a9340c,2025-03-28 09:53:43,9,4,False
f308c533-2801-4540-823a-17ed435b107c,CUS-01607,30453.28,pos,Imo,Imo-Central,984cfcfe59f2d6b7,2025-03-28 09:56:49,9,4,False
4652550a-6324-41dc-9be2-0ba68a9f2f13,CUS-00862,4611.4,card,Oyo,Oyo East,c408d8c18eab051a,2025-03-28 09:57:26,9,4,False
9a47e350-312b-4dbe-9c18-92fc8bf724dc,CUS-01908,998.77,pos,Kano,Nassarawa,01f9dab905ec8c27,2025-03-28 09:58:00,9,4,True
c44e1dab-4d63-4197-b431-d879e21791b8,CUS-01319,53788.07,bank_transfer,Lagos,Ikorodu,9dd92bdbfbe0cdc4,2025-03-28 10:04:46,10,4,False
74c5ce50-f5ad-4f5c-9b0f-7d0d8926e2ef,CUS-00584,80.83,bank_transfer,Enugu,Nsukka,ab23b4d2a487e0d3,2025-03-28 10:24:36,10,4,False
2dc45c50-fa8e-4b2f-80db-26e10e20ac84,CUS-00432,76308.67,card,Enugu,Nsukka,d821956ebf7b9a1c,2025-03-28 10:33:28,10,4,False
bd11df19-0186-4de9-9a93-201dcb83af90,CUS-00510,23118.02,pos,Kaduna,Zaria,f280c054339f0674,2025-03-28 10:37:08,10,4,False
39c6875f-572c-4df0-9fe3-69e17fcade2e,CUS-00780,4210.95,pos,Edo,Egor,f51cc411e2fd45d3,2025-03-28 10:43:52,10,4,False
cc6250d6-b082-43fe-86e0-45461a5ed938,CUS-01463,136.61,bank_transfer,Delta,Uvwie,c8977aab38696c1b,2025-03-28 10:46:21,10,4,False
81b52f0f-c2fc-4648-8bdc-5b21e36128b1,CUS-00998,93900.7,pos,Katsina,Katsina-Central,8c015b135d544e72,2025-03-28 10:49:00,10,4,False
49cf6329-3d1b-4a34-a408-99451e34f471,CUS-01908,62398.68,bank_transfer,Kano,Tarauni,01f9dab905ec8c27,2025-03-28 10:53:00,10,4,True
6dcded65-2436-4c1d-b8aa-337da4b79d59,CUS-01467,3460.63,mobile_money,Rivers,Eleme,13aeaced423d48ec,2025-03-28 11:08:19,11,4,False
21535245-6045-4bff-84f5-4bc8c7eb04e1,CUS-01560,265.23,pos,Kano,Kumbotso,65fa79b574411b2d,2025-03-28 11:11:02,11,4,False
2895402a-c228-4e38-9bef-9e4df01be14c,CUS-00221,1501.94,mobile_money,Oyo,Ogbomoso,0b20f20794d35aec,2025-03-28 11:14:13,11,4,False
cb8f523c-270f-4708-9839-6f0462623e0f,CUS-01719,306392.0,bank_transfer,Lagos,Ikeja,3bca07c7e0c085d6,2025-03-28 11:19:00,11,4,True
70765d76-8ddb-4f58-bb42-69d10bf4ae1d,CUS-01137,2746.56,mobile_money,Abuja FCT,Bwari,5f50a18ef5c967c2,2025-03-28 11:20:18,11,4,False
9e9a240c-5bf0-4058-be70-08c9f52e65c0,CUS-00943,93.82,mobile_money,Plateau,Plateau-Central,1da2949d58e17a5f,2025-03-28 11:23:05,11,4,False
26d77d00-bfb1-475d-bf82-cecb48df7882,CUS-00036,2262.22,pos,Kano,Tarauni,92bbe47fe9f49240,2025-03-28 11:28:01,11,4,False
c343b3d1-ce39-4c9b-9aeb-2edd6cf40321,CUS-00754,16072.42,ussd,Lagos,Ikeja,050f9e3bad7016e4,2025-03-28 11:39:51,11,4,False
1207aee2-c40a-4621-998a-81a86a615344,CUS-00911,4718.36,pos,Kano,Fagge,db8f9fd7a5d88e61,2025-03-28 11:49:35,11,4,False
326ce788-b46c-46fe-8ebb-7c012273b0db,CUS-00848,905872.65,bank_transfer,Abuja FCT,Municipal,b8495cc2e07bf6b9,2025-03-28 11:56:14,11,4,False
b18b65cd-0f1e-4cf8-a6a2-5d5f458679c6,CUS-00703,9944.58,pos,Lagos,Surulere,4720b0e4b3263da4,2025-03-28 12:11:22,12,4,False
cb83dc36-8422-4703-bb0c-98bba8d0319e,CUS-00383,59253.85,bank_transfer,Kebbi,Kebbi-Central,c919c6af242bd317,2025-03-28 12:14:12,12,4,False
7249d2d7-38f6-4696-b5b1-ea3266b9651e,CUS-01836,763788.88,ussd,Lagos,Alimosho,d0967b5b666bff98,2025-03-28 12:24:34,12,4,False
b97311bd-e7a7-4e39-b490-4ff8ed4286c9,CUS-00894,4309.9,pos,Anambra,Onitsha North,4d7414a6f0f8e763,2025-03-28 12:31:57,12,4,False
26fb9bf9-4bd6-441f-a733-9bae2e4de8ec,CUS-00492,4935.47,mobile_money,Kano,Dala,b5663d62d55cfda1,2025-03-28 12:34:46,12,4,False
de45bbe2-dd68-4590-a4f0-6907db2e81bf,CUS-01264,99738.41,mobile_money,Lagos,Lagos Mainland,6f3f0a8fa5427bf4,2025-03-28 12:41:03,12,4,False
6cdf57dd-373c-4c2e-80e4-dfab9f9976eb,CUS-01123,56114.29,bank_transfer,Benue,Benue-Central,fb699ebe9e952918,2025-03-28 12:42:39,12,4,False
428c92e7-00a6-4674-bb98-b18227c1baa9,CUS-01633,4778.46,pos,Imo,Imo-Central,87d8962f9b1d3d70,2025-03-28 12:51:51,12,4,False
c7ea4431-c225-4712-b5ed-66ab606c64fd,CUS-01475,347.25,mobile_money,Anambra,Nnewi North,1982e4149ad2f4cf,2025-03-28 12:55:13,12,4,False
8c843023-9a75-4240-87ee-0552d9e2fa35,CUS-01908,183.32,mobile_money,Kano,Fagge,01f9dab905ec8c27,2025-03-28 13:07:00,13,4,True
fd30da28-1005-40bc-98ec-cf1523d2650a,CUS-00512,341912.48,bank_transfer,Yobe,Yobe-Central,163b2a6b6d6c7512,2025-03-28 13:07:16,13,4,False
12f6c9ea-47e5-474e-aa18-cee80dd92d74,CUS-00716,2237.89,bank_transfer,Plateau,Plateau-Central,5f81a29fff091a69,2025-03-28 13:09:46,13,4,False
757aca1f-211f-4926-9ebb-d6191a6f24d2,CUS-00121,3041.28,bank_transfer,Nassarawa,Nassarawa-Central,578106bed88a25c1,2025-03-28 13:12:27,13,4,False
d97070d3-1dc5-4960-8076-bcf3ccdc25f0,CUS-00612,83.7,pos,Enugu,Nsukka,d6b72576a75baa04,2025-03-28 13:19:06,13,4,False
9aa896c3-5569-4af9-bf40-a95fe4cdb70b,CUS-01284,155991.88,bank_transfer,Kano,Gwale,4d0479c087c40dab,2025-03-28 13:19:50,13,4,False
00e82198-933b-40ba-9dd5-4c9662973403,CUS-00988,781750.55,mobile_money,Lagos,Ikorodu,5cbbf471995adf72,2025-03-28 13:34:35,13,4,False
7d98a7a6-7776-4f64-b4eb-26d085015338,CUS-01401,4684.61,pos,Lagos,Mushin,819745d3500a43cf,2025-03-28 13:37:45,13,4,False
f3a18953-3b71-40ef-85ff-5c2cd126f0f0,CUS-01442,3281.17,pos,Anambra,Onitsha North,5a18b54435835ed9,2025-03-28 13:39:02,13,4,False
1c0e0900-f888-429f-86bc-8f727c7d320b,CUS-01768,4473.68,bank_transfer,Rivers,Obio-Akpor,b6aa9c1e85e68262,2025-03-28 13:41:36,13,4,False
a780579f-af46-447d-9ee8-99e554b0fe2c,CUS-00769,114.1,mobile_money,Plateau,Plateau-Central,2bf4c4b79c399a09,2025-03-28 13:51:31,13,4,False
e24580ba-1675-4e3c-9af2-66016cd48739,CUS-01858,30393.03,bank_transfer,Borno,Borno-Central,b8cde3602eceb2be,2025-03-28 13:51:39,13,4,False
a8b8b3da-9f5d-406a-b5e3-92cae811f702,CUS-00010,152.73,mobile_money,Lagos,Ikeja,aa25619cccb967cf,2025-03-28 13:53:35,13,4,False
37e12529-8815-4ab6-a105-c5173824724f,CUS-01190,2904.1,pos,Lagos,Alimosho,880b7d20de1a5a08,2025-03-28 13:54:52,13,4,False
6de5a09b-6c8e-4cde-9828-50bbb5325c7e,CUS-01908,488.32,bank_transfer,Kano,Kumbotso,01f9dab905ec8c27,2025-03-28 13:55:00,13,4,True
24f6824a-4dc7-4372-ba1a-5af32d2e3c8f,CUS-01736,35451.3,mobile_money,Abuja FCT,Kuje,dc75516563b80dbc,2025-03-28 13:56:07,13,4,False
d2795c0f-6f13-4f0c-86f3-042bc9bfcd88,CUS-00963,290679.89,card,Rivers,Eleme,073e1605c265b914,2025-03-28 13:57:25,13,4,False
f1af8b47-b31a-4916-845e-3e47189fc38f,CUS-01216,42698.17,mobile_money,Lagos,Ikorodu,b767a7d60b9a3865,2025-03-28 13:59:32,13,4,False
4b1dcb85-f2e7-4f9d-a921-7e2107c0d633,CUS-00463,57972.12,pos,Lagos,Surulere,ffff23e7a0acf476,2025-03-28 14:00:00,14,4,True
19472fe7-01e8-4645-9cd9-e2b53e46f2d8,CUS-01390,63860.47,pos,Lagos,Eti-Osa,756193f687c0cdba,2025-03-28 14:08:03,14,4,False
a9a344f3-f834-4670-9aeb-eae9dc31eeff,CUS-00463,76341.95,bank_transfer,Borno,Borno-Central,ffff23e7a0acf476,2025-03-28 14:09:00,14,4,True
646a56c4-9c5e-4084-bb4d-285a54c824d5,CUS-01028,602.22,mobile_money,Kano,Nassarawa,daa3a38fbf2b4243,2025-03-28 14:22:15,14,4,False
b0909951-32dc-4787-a121-8a6bc3015230,CUS-01938,26965.18,pos,Abuja FCT,Kuje,cd875704aee05fcf,2025-03-28 14:24:43,14,4,False
ccb56193-6281-40d8-9523-19e7a8282101,CUS-00993,2038.94,pos,Kaduna,Zaria,0931b04fa7a3e5a7,2025-03-28 14:33:00,14,4,False
75d6d8ca-675b-432a-bb89-893602ea2bcc,CUS-00283,65238.06,pos,Lagos,Kosofe,dfae8283545faf33,2025-03-28 14:36:36,14,4,False
cddffea4-3f3d-449e-96df-efa7b7cb7eb4,CUS-01900,25586.26,bank_transfer,Oyo,Oyo East,8be9efcf44f18c7e,2025-03-28 14:51:20,14,4,False
e26efed5-c528-4547-bda9-632f76a51710,CUS-00218,965852.65,ussd,Delta,Warri South,24abeb697c977db0,2025-03-28 14:53:24,14,4,False
6d314c34-f53e-48f9-a852-15ac77f11d17,CUS-00045,3220.7,mobile_money,Delta,Oshimili South,6711970ae6af006e,2025-03-28 15:11:16,15,4,False
cd6b5e7e-33ae-4571-ab9a-d69fb8c9d1f1,CUS-00232,198.46,ussd,Oyo,Ibadan South-West,ea03ae9c877f8c0b,2025-03-28 15:24:53,15,4,False
73cf824a-e13d-4ec0-adf8-95fbd8a8e96f,CUS-01516,2605.93,pos,Delta,Uvwie,a32bab6da33eca58,2025-03-28 15:35:11,15,4,False
d9152e80-f65d-4d94-8fa4-cf1b2544b724,CUS-00212,168942.62,pos,Delta,Warri South,b5710344f2723025,2025-03-28 15:35:43,15,4,False
f08a3391-d57c-4cc2-9afb-0d055e48367a,CUS-01079,76.43,ussd,Katsina,Katsina-Central,3e3041f5201f24c0,2025-03-28 15:45:23,15,4,False
3540278a-a6fd-4ed7-8c4c-b3de945f94ed,CUS-01730,643.94,pos,Kano,Kumbotso,ccdd451e2764643f,2025-03-28 15:50:29,15,4,False
895b3a6e-c3c5-4e67-a256-f281ff883728,CUS-00054,2315.87,mobile_money,Kaduna,Zaria,77c84a745dfc622a,2025-03-28 16:01:55,16,4,False
e84a02d4-edd2-4034-ac62-57a25c3941d7,CUS-00012,34076.84,ussd,Bauchi,Bauchi-Central,e79bb123ff92969b,2025-03-28 16:02:16,16,4,False
40f7011b-4f85-45ba-a6c6-51c9045bdba3,CUS-01577,3097.23,bank_transfer,Delta,Uvwie,9fb196909d1c3443,2025-03-28 16:02:49,16,4,False
aaba7abb-dcb6-4b10-9960-6cd752ce74e6,CUS-01381,353960.78,bank_transfer,Rivers,Obio-Akpor,f4b4ef6860ca96ae,2025-03-28 16:08:11,16,4,False
5c4d834e-45d8-4599-8176-9c07a6d583ba,CUS-00198,95308.12,bank_transfer,Niger,Niger-Central,9af1733f50cf9816,2025-03-28 16:19:38,16,4,False
2be60a96-76aa-4a17-ad60-8f6d71a6f0b3,CUS-01516,4771.01,pos,Delta,Warri South,a32bab6da33eca58,2025-03-28 16:21:38,16,4,False
38178308-d642-47a2-9023-546db45038b5,CUS-00513,3534.16,bank_transfer,Zamfara,Zamfara-Central,cd2355238b6c4a61,2025-03-28 16:23:52,16,4,False
dc95eb5b-0836-4844-b0f1-1bc10307bd3f,CUS-01567,63316.33,mobile_money,Lagos,Kosofe,30c29ebcbd60bd63,2025-03-28 16:28:33,16,4,False
568956d1-2901-41e8-be48-cc1059c88a69,CUS-00445,312.57,pos,Jigawa,Jigawa-Central,76846c6ed170527d,2025-03-28 16:28:41,16,4,False
e3ed6cbf-1a22-4fb5-9143-1bc520cf5e31,CUS-00236,79654.39,ussd,Kano,Gwale,a5603aec39b63960,2025-03-28 16:33:11,16,4,False
22d899ea-be7e-401a-91e5-435f61264c9c,CUS-01849,396977.41,pos,Delta,Uvwie,18e60b69544688c6,2025-03-28 16:48:53,16,4,False
0e8e071d-9cd9-4cbe-98c1-a024e614f4c4,CUS-01684,75110.04,pos,Lagos,Ikeja,c502b63d2b4acfae,2025-03-28 16:56:49,16,4,False
ac8cda5e-f025-4f89-a047-01a7643d297b,CUS-00884,110.75,pos,Imo,Imo-Central,fa41306184b74757,2025-03-28 17:03:18,17,4,False
a9910965-657a-4742-b485-ff8e5cd76bb0,CUS-01486,2941.36,pos,Rivers,Obio-Akpor,68f0f77451d5d2f5,2025-03-28 17:08:49,17,4,False
f5b32934-6790-4859-a01e-bdb035b6ae3d,CUS-00564,184.08,bank_transfer,Kano,Kumbotso,7b60d7573ce6dd3e,2025-03-28 17:09:04,17,4,False
e800b980-d364-4e8c-ad5b-f6a38b96f6dd,CUS-00918,2865.7,bank_transfer,Kwara,Kwara-Central,402f6978085be2fa,2025-03-28 17:10:55,17,4,False
555bcabf-3699-4c7f-b401-9f5619a9985c,CUS-01402,322.3,card,Lagos,Lagos Mainland,91a85e92e9185a19,2025-03-28 17:26:57,17,4,False
952a5b85-cc02-4c6a-babf-a4adc0f610ec,CUS-01308,1947.9,pos,Kano,Nassarawa,c99975fc77f75453,2025-03-28 17:33:38,17,4,False
de6f7a87-57b7-4e3b-8a79-a5724b899114,CUS-01908,24052.33,pos,Kano,Fagge,01f9dab905ec8c27,2025-03-28 17:47:00,17,4,True
60f7f24a-0708-4d2e-bad9-59fa32a52a0c,CUS-00213,2910.29,card,Lagos,Ikeja,9a836a307a1dd420,2025-03-28 17:55:16,17,4,False
e82a7b85-5185-439d-8e2b-adea93c7c8e6,CUS-01908,4237.94,bank_transfer,Kano,Tarauni,01f9dab905ec8c27,2025-03-28 18:07:00,18,4,True
d4981f01-a5ff-476a-a52f-ae89123bad72,CUS-01322,32759.4,pos,Zamfara,Zamfara-Central,3131dd037e9f250c,2025-03-28 18:13:47,18,4,False
8515a574-4ec6-4b91-9c12-4da2bdee8bfd,CUS-01553,61579.17,bank_transfer,Niger,Niger-Central,7b99185e86891eb3,2025-03-28 18:24:56,18,4,False
50d7df8b-1f3b-4d87-9c45-561afd1a9cc0,CUS-00424,119.61,pos,Lagos,Kosofe,91994fb841d39732,2025-03-28 18:34:51,18,4,False
7b6964ec-c635-447e-88b9-13ae68deffb1,CUS-00822,1768.7,bank_transfer,Kano,Dala,5f1b5a194feb6b53,2025-03-28 18:40:36,18,4,False
af085015-cbad-46c2-9742-c86566e42e1a,CUS-01860,286.07,mobile_money,Abia,Abia-Central,001e8ab3c8df1ed6,2025-03-28 18:45:11,18,4,False
869fb0eb-929e-45a9-90f9-b8c3f53f6080,CUS-00975,4772.43,pos,Kano,Nassarawa,9c502efa00df8d6e,2025-03-28 18:50:21,18,4,False
d8cec9a8-e5c5-408a-8123-0dd39e60d4ff,CUS-01953,318.12,pos,Osun,Osun-Central,dd76f26c9b5be843,2025-03-28 18:53:10,18,4,False
eba90a84-b962-4cbb-989f-5322848a7e96,CUS-01782,471.2,pos,Abuja FCT,Gwagwalada,5a12a23810b5b458,2025-03-28 19:02:45,19,4,False
30d646bf-7d50-4898-b477-bb9437361a02,CUS-01908,4465.78,bank_transfer,Kano,Tarauni,01f9dab905ec8c27,2025-03-28 19:04:00,19,4,True
002a5cee-8ceb-40a0-8442-71438d05f0c5,CUS-00726,39427.38,pos,Lagos,Agege,dafcccd8fd9e36a8,2025-03-28 19:10:39,19,4,False
2eae8a7c-eec3-4abf-bab8-43325c9327ca,CUS-00991,121.11,mobile_money,Edo,Egor,ef4fc1417ee3e00f,2025-03-28 19:11:19,19,4,False
eac75d9b-ad9b-4ced-8b34-d70bf2cd93d5,CUS-01908,2485.31,mobile_money,Kano,Kumbotso,01f9dab905ec8c27,2025-03-28 19:24:00,19,4,True
d8227586-8e22-49c8-adde-5944384570b5,CUS-01028,26765.89,mobile_money,Kano,Gwale,daa3a38fbf2b4243,2025-03-28 19:24:04,19,4,False
21b8013c-8b2d-470b-bc98-d94c66cb9edf,CUS-00191,190364.15,ussd,Nassarawa,Nassarawa-Central,056cff2c5ac13239,2025-03-28 19:26:22,19,4,False
4f0975b6-0f6d-4ce3-a0f9-a08dc561c9af,CUS-00396,364.82,pos,Sokoto,Sokoto-Central,df4c1aa46b682abc,2025-03-28 19:31:07,19,4,False
b6e30395-a3bb-451f-94af-ff33687b09f6,CUS-00964,1899.18,ussd,Kano,Nassarawa,e33948824013bc1f,2025-03-28 19:34:10,19,4,False
c20f6267-9077-4c0b-b6ac-f8f95f8b7a06,CUS-00718,3645.03,mobile_money,Lagos,Eti-Osa,c61f22f1a32fbbb4,2025-03-28 19:35:09,19,4,False
ffb163b4-b572-4828-b800-fd98dbf49dff,CUS-01689,4716.36,pos,Kwara,Kwara-Central,db07aa24ceea0121,2025-03-28 19:35:58,19,4,False
ceff9cff-a32b-43f3-b8a6-41a818ed6eae,CUS-00052,87202.98,pos,Gombe,Gombe-Central,d3dbc8c315fe35d8,2025-03-28 19:36:36,19,4,False
8d249172-de5d-45db-8d3c-40eb6d2ce07b,CUS-01074,243.53,bank_transfer,Ogun,Ogun-Central,116b5e1551705cfb,2025-03-28 19:43:35,19,4,False
de4f0aa0-26c4-4446-86ad-7f0e8022dcb5,CUS-01979,2488.44,pos,Enugu,Nsukka,9d5dd236bdaf1bc7,2025-03-28 20:00:00,20,4,True
1f0ccb21-9dfd-4cd9-acc6-db98f8320233,CUS-00714,41675.3,pos,Kano,Kumbotso,223a8e3d7a6f6005,2025-03-28 20:07:47,20,4,False
5ac65dea-8d46-4c3b-9345-66605c6ac307,CUS-00965,76551.48,pos,Kano,Kumbotso,ffa59c2f68f6683d,2025-03-28 20:15:25,20,4,False
787407b7-0b9e-4038-b174-82767f18ab1b,CUS-00373,271.37,bank_transfer,Anambra,Awka South,e49e584a125d0350,2025-03-28 20:16:05,20,4,False
6943a393-e2e4-437f-abee-43b470e4ed91,CUS-01979,26370.78,mobile_money,Zamfara,Zamfara-Central,9d5dd236bdaf1bc7,2025-03-28 20:21:00,20,4,True
adbe361c-e0e8-4a15-b7ae-5b40c6bcf8f6,CUS-01908,466742.78,pos,Kano,Dala,01f9dab905ec8c27,2025-03-28 20:22:00,20,4,True
3abd4812-b59f-4839-b890-2e0dab1140f6,CUS-00760,4298.21,pos,Lagos,Lagos Mainland,a5121d1898c9d913,2025-03-28 20:28:56,20,4,False
641d4613-5a80-4272-a33d-182fae23a5a7,CUS-00611,7153.13,pos,Imo,Imo-Central,4fd5ba40c68d9677,2025-03-28 20:30:41,20,4,False
40c0e496-6ff4-4590-99ac-d5c64f9ccb2a,CUS-01291,947779.76,ussd,Lagos,Lagos Mainland,c939e8a3ca2c6057,2025-03-28 20:33:07,20,4,False
74a2db64-5f6d-4ccd-8667-10119c521946,CUS-01908,29635.02,mobile_money,Kano,Fagge,01f9dab905ec8c27,2025-03-28 20:50:00,20,4,True
7d4b1176-9410-4aee-aded-7e681f31b824,CUS-01225,61191.16,ussd,Enugu,Enugu East,a1e9aec4d038252e,2025-03-28 20:56:23,20,4,False
fcde8736-e151-4562-9a11-bec48c1f297c,CUS-00073,68931.49,ussd,Benue,Benue-Central,0e306f57f0b24260,2025-03-28 20:59:35,20,4,False
a9876763-74a3-4846-a2b6-ebdc63b61aa9,CUS-01620,2266.05,pos,Kaduna,Kaduna North,e4273f31990db9bc,2025-03-28 21:00:00,21,4,True
06972789-6a9a-4794-9057-53a95ed1efa6,CUS-01680,7423.17,mobile_money,Kano,Fagge,5b6d9e25e5985abb,2025-03-28 21:01:10,21,4,False
38cb8e72-92e3-4c16-904c-250196b04b9f,CUS-01194,242.94,pos,Lagos,Surulere,92f97f031c21451e,2025-03-28 21:01:36,21,4,False
44578b85-23e8-4f33-aba3-2aeb1418f759,CUS-00892,213.63,mobile_money,Plateau,Plateau-Central,c675c3ac25c15d49,2025-03-28 21:03:37,21,4,False
afe96b94-5639-458e-8b5d-cb600512d34b,CUS-00170,3312.55,mobile_money,Anambra,Nnewi North,b30937a8ff222503,2025-03-28 21:04:48,21,4,False
29549633-c470-451c-b484-8d7ff0e5e9cc,CUS-01142,1893.68,bank_transfer,Anambra,Awka South,b4f03bc7e8cf05c0,2025-03-28 21:12:06,21,4,False
59561c47-fc8d-4e89-85d6-4d82dab87898,CUS-00019,457.57,pos,Kano,Fagge,c2b7b5602cd271f8,2025-03-28 21:17:18,21,4,False
d8304ad3-8ef4-458a-9712-8fe51313da06,CUS-01620,2218.19,pos,Cross River,Cross River-Central,e4273f31990db9bc,2025-03-28 21:19:00,21,4,True
10437e9a-b9f2-446d-a0f7-0153d2019375,CUS-01626,340.38,pos,Lagos,Mushin,cacac985ee6dde77,2025-03-28 21:21:40,21,4,False
4f4c1d1f-c786-40a3-ac78-52da055b0008,CUS-00487,712.8,ussd,Kano,Nassarawa,421f45f1a22d16d0,2025-03-28 21:25:37,21,4,False
444da86f-a574-4934-9d58-326b98ff4807,CUS-00191,20879.38,ussd,Nassarawa,Nassarawa-Central,056cff2c5ac13239,2025-03-28 21:25:42,21,4,False
fd66dbd1-c278-4973-adc8-3578a029a067,CUS-00393,1897.6,pos,Abia,Abia-Central,6d5850dcdc1d378b,2025-03-28 21:35:24,21,4,False
d25e7f4c-a61f-4b0b-b5c9-4b8fa4b98863,CUS-01495,100.71,pos,Anambra,Nnewi North,336384e20cab2a52,2025-03-28 21:38:30,21,4,False
663342cb-af36-4a42-9b94-2b32192698e1,CUS-00422,1268.05,mobile_money,Lagos,Oshodi-Isolo,ed6303f978217ba5,2025-03-28 21:43:27,21,4,False
cca33ce0-2498-42b4-b532-89e69af95ae1,CUS-01029,67447.47,bank_transfer,Plateau,Plateau-Central,345305fe8c241fb1,2025-03-28 22:25:00,22,4,False
6020e7d6-480e-42de-b286-6d40bacafd18,CUS-01908,462633.19,bank_transfer,Kano,Kumbotso,01f9dab905ec8c27,2025-03-28 22:47:00,22,4,True
57e2fae8-7836-4aa3-96b7-38c98b05d469,CUS-01821,796306.82,bank_transfer,Lagos,Ikeja,e7ac53555b39c0fc,2025-03-29 03:20:00,3,5,True
88a9acff-3097-4854-9468-7921111348b9,CUS-00465,2927.34,pos,Rivers,Port-Harcourt,ed161ad83adcde5e,2025-03-29 03:37:34,3,5,False
23a40c9f-7297-419c-b479-228366d094e3,CUS-00161,374303.75,bank_transfer,Enugu,Enugu North,60cf3886193024a7,2025-03-29 03:43:33,3,5,False
8a8be9ef-3927-42ee-b60a-f608c6882960,CUS-01862,439366.72,bank_transfer,Lagos,Lagos Mainland,dcdbcd2a4baf9fe1,2025-03-29 04:40:00,4,5,True
6aa3ec2b-a129-4f2e-9344-1c86b75c2c17,CUS-01296,54930.43,bank_transfer,Lagos,Ikeja,e228e396a2ddae15,2025-03-29 04:41:25,4,5,False
b4409d68-1205-41a0-b84c-8873b5aa07b9,CUS-00185,264.76,ussd,Delta,Warri South,d898e5104d1303b0,2025-03-29 04:52:17,4,5,False
01860a10-0c38-403d-b487-97831dc8609a,CUS-01571,3806.75,bank_transfer,Lagos,Alimosho,33e0329d255f3ff7,2025-03-29 06:01:42,6,5,False
cb7971c8-476e-44b8-95ee-cacb5bce4de3,CUS-01901,340636.53,bank_transfer,Lagos,Ikeja,0787bc061e3d094c,2025-03-29 07:58:00,7,5,True
ae99c585-d876-4eef-b919-7d06a8e510b9,CUS-00108,365.21,pos,Lagos,Surulere,058ea72f6a7c91eb,2025-03-29 08:58:06,8,5,False
b9cbc881-8283-436c-81a2-3d1b54e95374,CUS-01065,507287.75,pos,Osun,Osun-Central,7c139577ee7fabac,2025-03-29 09:23:49,9,5,False
fd83ee72-3ca6-4f56-b865-5ad7d539f59d,CUS-01778,55699.06,mobile_money,Lagos,Mushin,88867b61ceb71236,2025-03-29 09:29:26,9,5,False
f1b91378-8046-4caa-9f09-3a32267127df,CUS-00180,94987.08,bank_transfer,Kano,Kumbotso,97faed3ece0dc138,2025-03-29 09:29:57,9,5,False
6f2e3283-add0-41a9-8d52-3ae27895fac3,CUS-00254,349.41,ussd,Lagos,Ikeja,e5da285d4d8a62dc,2025-03-29 09:35:00,9,5,False
07a96ca9-017d-4d9f-94a1-73a6a007a770,CUS-01476,299.68,card,Benue,Benue-Central,034bbe47deb0873c,2025-03-29 09:36:19,9,5,False
34932e58-b663-4fa2-92eb-8bd8fdcc9168,CUS-00426,3650.58,pos,Abuja FCT,Gwagwalada,a6c9458cb98726fc,2025-03-29 09:41:27,9,5,False
b7c577bc-18bd-408a-833b-8565c1eeca9d,CUS-01157,4458.54,pos,Kebbi,Kebbi-Central,ae8078b42967eb6d,2025-03-29 09:42:58,9,5,False
985036f8-948e-4865-8a52-9372dd3160b5,CUS-01052,21299.49,pos,Gombe,Gombe-Central,e5bd3618d278cb59,2025-03-29 09:48:09,9,5,False
237cb52b-b7d5-446c-95e2-2ebd778edf89,CUS-00193,6724.66,bank_transfer,Enugu,Enugu East,d152fd56ffcd3512,2025-03-29 09:48:26,9,5,False
9fd153c2-2de8-481c-bbf8-c24a5b310246,CUS-01805,222.93,card,Abia,Abia-Central,60c5236958f0c092,2025-03-29 09:50:04,9,5,False
3225ac13-5ada-441d-8d54-dd18b5069e0a,CUS-00245,1194.4,bank_transfer,Yobe,Yobe-Central,98fd0374a3da0b15,2025-03-29 09:57:05,9,5,False
e7ee01ec-cd88-4eec-9d30-ea30369a81c7,CUS-01064,199.92,bank_transfer,Rivers,Oyigbo,b9189ef7da9ec2d9,2025-03-29 10:00:09,10,5,False
d35e03c0-54bf-4ba6-b0a3-64e886043310,CUS-00313,180.37,mobile_money,Akwa Ibom,Akwa Ibom-Central,e069a0aa9637db93,2025-03-29 10:03:42,10,5,False
5ac0454d-3c2e-4e87-91ba-92e6dddf1c71,CUS-00788,4893.6,pos,Abuja FCT,Gwagwalada,cfa2bab673d6b5bb,2025-03-29 10:05:54,10,5,False
95454b7f-3bd7-4bf3-9a7a-2f8b9eff6a60,CUS-00991,60165.33,ussd,Edo,Egor,ef4fc1417ee3e00f,2025-03-29 10:19:43,10,5,False
baf9cef6-3891-4da2-b2b0-a8596b323203,CUS-00147,2414.14,pos,Abuja FCT,Municipal,8331c4185bef5711,2025-03-29 10:27:35,10,5,False
0c53004a-e729-4599-bdf2-b859ee6c1e0a,CUS-00105,3157.62,pos,Lagos,Alimosho,1e29af523fd2c4b3,2025-03-29 10:31:07,10,5,False
6d089419-ec71-4137-a4f8-2c2a1a1d3f30,CUS-00499,91905.68,pos,Ogun,Ogun-Central,24073aefc48b8a94,2025-03-29 10:41:52,10,5,False
d41c433f-c76d-4acf-a854-901f7514a92d,CUS-00899,3512.85,pos,Lagos,Ikorodu,6f982fdfe8b9f332,2025-03-29 10:48:24,10,5,False
5615ce41-387b-4927-85b0-0c08fb5b064c,CUS-01282,1373.49,ussd,Oyo,Ogbomoso,dc18e0f8c5a69a14,2025-03-29 10:53:23,10,5,False
50081fdb-0ba4-4708-bc82-a073a0032868,CUS-00919,407.66,pos,Lagos,Ikorodu,cf89ee5c3153e958,2025-03-29 11:00:14,11,5,False
0958af6f-9ad0-44c5-bb9e-ddc820bcfa23,CUS-01241,70176.76,bank_transfer,Abia,Abia-Central,6a842683f72bdf4b,2025-03-29 11:01:28,11,5,False
1cf529ee-6066-40ad-bbb3-fd006ff99266,CUS-00607,495.37,pos,Rivers,Port-Harcourt,2d42db20f66c2301,2025-03-29 11:06:32,11,5,False
8ecea547-93db-4491-8c9c-523fb0f00507,CUS-00111,75637.42,pos,Lagos,Lagos Mainland,b4139af7343c44e3,2025-03-29 11:08:21,11,5,False
6c75b4c8-737f-4aa8-8102-c97ba8470336,CUS-00976,2662.31,mobile_money,Kaduna,Zaria,a5f4eb10f25d6dd2,2025-03-29 11:35:52,11,5,False
1c39ca28-a2e3-46d5-b93b-4c08c1e4bdd8,CUS-01168,3584.49,mobile_money,Lagos,Ikorodu,b9e8174213c89292,2025-03-29 11:39:31,11,5,False
24869ec7-25e2-4c7a-8e08-6755b139f181,CUS-00550,378.43,pos,Abuja FCT,Gwagwalada,2a98951d2a24f072,2025-03-29 11:40:05,11,5,False
038d552d-4ce0-44e4-b825-7a163bd1bebf,CUS-01220,32470.03,bank_transfer,Katsina,Katsina-Central,a6368f9dab3152f7,2025-03-29 11:45:32,11,5,False
ea741e7f-9573-4d98-82d3-4cae2e54cd9f,CUS-01806,785115.85,bank_transfer,Delta,Oshimili South,03e3cce37197c2f4,2025-03-29 11:52:25,11,5,False
3016c10a-1bb3-47fb-9841-528c2627b80b,CUS-00689,3718.61,bank_transfer,Lagos,Agege,4784d171657cbb42,2025-03-29 11:54:07,11,5,False
51fc00da-eb6d-4b64-8bf6-1f2a80174ef8,CUS-01059,1361.31,card,Enugu,Enugu North,e4c835e0fcbbd94b,2025-03-29 11:59:21,11,5,False
5223695d-1406-4f9b-9c5e-410944b14c2e,CUS-00606,27657.74,pos,Lagos,Agege,60733c43bf9bf339,2025-03-29 12:02:52,12,5,False
a09505a6-e0da-4ca6-8dc7-a7145328f534,CUS-01010,669761.75,bank_transfer,Lagos,Mushin,235ae7f8be32021f,2025-03-29 12:06:24,12,5,False
afdcc457-c74a-408c-8e42-47eda17ea658,CUS-00714,68601.77,pos,Kano,Dala,223a8e3d7a6f6005,2025-03-29 12:12:00,12,5,False
1d98ab4c-79ba-4fe0-8e7f-e3064def0644,CUS-01637,1215.16,pos,Lagos,Alimosho,f8158692bfebfc89,2025-03-29 12:12:57,12,5,False
caa7af80-b1e4-4b39-bee4-cf2a340dd6b2,CUS-01801,4081.29,ussd,Osun,Osun-Central,8f779f94f9d34410,2025-03-29 12:14:11,12,5,False
1fa827c2-7e7c-4ec3-910c-efd3b9986296,CUS-00111,20883.61,pos,Lagos,Kosofe,b4139af7343c44e3,2025-03-29 12:22:48,12,5,False
12bd6618-020c-4f33-95f2-5365744733c5,CUS-01245,3575.0,pos,Enugu,Enugu East,a95550343289f149,2025-03-29 12:24:19,12,5,False
4a8c99b6-dee1-4438-a387-2ee6b5afe2ac,CUS-01073,4035.78,pos,Lagos,Ikorodu,0039a2ddd25b4ccb,2025-03-29 12:24:55,12,5,False
4d056b46-fdc9-42f8-9c8b-0af1f3289921,CUS-00925,80.16,ussd,Lagos,Ikeja,2cefba7709b5a566,2025-03-29 12:36:23,12,5,False
b01a899e-8448-4e32-b6f4-c56e151e8de4,CUS-00916,84.97,mobile_money,Kano,Gwale,5bd822755a40195e,2025-03-29 12:39:42,12,5,False
d89fd053-f955-4620-be86-c629cd421df2,CUS-01178,70892.71,mobile_money,Kwara,Kwara-Central,94f90507e81b387e,2025-03-29 12:57:57,12,5,False
60bf3c8c-a636-4bf0-82bc-dce5df5db314,CUS-01673,3825.54,bank_transfer,Benue,Benue-Central,1a980ceb564f067f,2025-03-29 13:01:39,13,5,False
9f616eeb-36fd-498c-86cb-811003865a04,CUS-00458,4809.67,bank_transfer,Lagos,Surulere,a9c04aa00827864e,2025-03-29 13:26:37,13,5,False
9d53fbc0-3a3b-4d16-bf29-009284d8f9cc,CUS-00244,2803.45,ussd,Lagos,Eti-Osa,a20c8fa95a093fa1,2025-03-29 13:27:25,13,5,False
d07b99f0-f735-460d-b55b-944cf476462b,CUS-00226,23819.31,ussd,Bayelsa,Bayelsa-Central,f990c65a3cd2c255,2025-03-29 13:38:48,13,5,False
551d23e1-171c-4981-8aa1-b551aeb6951c,CUS-01209,487.92,bank_transfer,Ogun,Ogun-Central,0bbfc21575dc4370,2025-03-29 13:42:25,13,5,False
afcc2ac9-ea4e-404f-b6a8-89fd4dc5f9d8,CUS-01641,2622.6,ussd,Borno,Borno-Central,ee4fa5ff1103071b,2025-03-29 13:45:54,13,5,False
b79e982f-80b0-48d2-aed0-4e9f4e20bd74,CUS-01714,331.3,pos,Lagos,Lagos Mainland,d59695c0082ffb4e,2025-03-29 13:47:41,13,5,False
9109180e-d7a0-4f50-8435-ece6bd8828c4,CUS-01062,92583.54,bank_transfer,Kwara,Kwara-Central,398b5f1c492b7fbf,2025-03-29 13:54:13,13,5,False
eebedc31-d2f1-43a3-843a-cf0ab706cd4f,CUS-01904,265.36,pos,Osun,Osun-Central,5ef2e52b8d5a94b5,2025-03-29 14:00:00,14,5,True
a8e0e422-e2cf-44a2-ab71-229aabf0c4dd,CUS-01904,423.4,ussd,Osun,Osun-Central,5ef2e52b8d5a94b5,2025-03-29 14:03:00,14,5,True
4e0a838c-1d4c-41fb-b425-e80342946c87,CUS-01904,384.68,mobile_money,Osun,Osun-Central,5ef2e52b8d5a94b5,2025-03-29 14:05:00,14,5,True
380a7271-9e5e-4b00-8e74-93128d732b0c,CUS-01904,60.5,ussd,Osun,Osun-Central,5ef2e52b8d5a94b5,2025-03-29 14:05:00,14,5,True
bb5a26b1-9076-42a0-bc07-5b05683662ba,CUS-01904,360.18,mobile_money,Osun,Osun-Central,5ef2e52b8d5a94b5,2025-03-29 14:08:00,14,5,True
bb7e992c-d18e-4724-9e64-cc84ca7d8604,CUS-01551,22202.0,pos,Kaduna,Kaduna North,edf0c9922b691d14,2025-03-29 14:19:08,14,5,False
f705299d-7328-40e8-8e97-98874be9d481,CUS-01581,68925.23,mobile_money,Rivers,Port-Harcourt,5a9b85d7ec8f8562,2025-03-29 14:26:44,14,5,False
e6b42bc1-0bdf-48fd-9e6b-bfa1c6f15a58,CUS-01506,27708.41,card,Oyo,Ibadan South-West,efe1b8482f5357dc,2025-03-29 14:31:43,14,5,False
00f304a0-383d-42f8-9f57-0b729a190264,CUS-00171,185.57,pos,Lagos,Mushin,0c65465d650a4d4e,2025-03-29 14:37:45,14,5,False
98cf71d1-af44-4a06-aad3-0427780619c0,CUS-01904,300.02,mobile_money,Osun,Osun-Central,5ef2e52b8d5a94b5,2025-03-29 14:47:00,14,5,True
43591b92-d7ed-4910-9a51-94d582fbbcf4,CUS-00885,32510.36,ussd,Lagos,Ikeja,86545590e89568a7,2025-03-29 14:58:34,14,5,False
239bd2b5-41c2-4407-98e8-ea1a316e519a,CUS-01003,1171.6,pos,Kano,Kumbotso,439e1cb89f05b12e,2025-03-29 15:00:00,15,5,True
8c4131b1-f48d-49e5-95bf-762334348575,CUS-00476,1998.89,pos,Lagos,Surulere,79aad1b10dd59d59,2025-03-29 15:00:40,15,5,False
508c627d-115b-48c4-8897-fa081ba488bd,CUS-00062,44887.32,mobile_money,Plateau,Plateau-Central,97c2d31f69cba6c7,2025-03-29 15:05:03,15,5,False
d1756092-e228-4180-b861-930be22f0b2f,CUS-01003,4943.94,mobile_money,Delta,Warri South,439e1cb89f05b12e,2025-03-29 15:08:00,15,5,True
fba41b78-7363-40f3-8ebe-46dbc72f2261,CUS-01489,1695.58,bank_transfer,Abuja FCT,Gwagwalada,b730deac81a141a4,2025-03-29 15:15:56,15,5,False
c0448c18-ac55-4592-8b3f-441638b76300,CUS-00086,2145.12,pos,Ondo,Ondo-Central,99a6259a0bb07e87,2025-03-29 15:20:21,15,5,False
b445151d-d43f-4876-add2-ffdf98235c0d,CUS-01362,9193.83,mobile_money,Enugu,Nsukka,97bd9276d63af312,2025-03-29 15:22:27,15,5,False
e0e7b912-d91e-4b7e-a106-d7e5f7fb2f14,CUS-01762,89046.21,mobile_money,Lagos,Eti-Osa,a30f47b1c41a7839,2025-03-29 15:25:27,15,5,False
f54487bd-49a6-4414-9b5a-1a753ebd0b7a,CUS-00392,58685.26,bank_transfer,Rivers,Obio-Akpor,eb3e81dfca0a3bbc,2025-03-29 15:35:34,15,5,False
5cce31f7-a81d-4989-95ca-50af2a7537db,CUS-00075,17119.76,ussd,Ondo,Ondo-Central,a51136303b3a0a60,2025-03-29 15:35:37,15,5,False
d876c05f-30d8-4457-8ac3-a2a3633daf3e,CUS-01170,57606.08,bank_transfer,Enugu,Nsukka,bb3c1c43614049b2,2025-03-29 15:38:59,15,5,False
d8198ec0-372d-4d94-ab57-f5f26272d458,CUS-01258,12186.62,pos,Lagos,Lagos Mainland,b76535faa81b1618,2025-03-29 15:48:03,15,5,False
eb459021-90e9-4e9b-8975-72cd0b4e572c,CUS-01399,1767.06,card,Edo,Egor,916b72d708a6954a,2025-03-29 15:53:52,15,5,False
53f75001-4f07-420e-89c5-fcde4c2ef189,CUS-00413,128.74,pos,Oyo,Ogbomoso,5f8b7caf2b8b3341,2025-03-29 15:54:34,15,5,False
7d39527a-cf77-4731-8df2-31272d69b65f,CUS-00548,98490.96,bank_transfer,Abuja FCT,Bwari,ec494afb9403a35d,2025-03-29 15:54:56,15,5,False
e142ee35-802d-4ecc-98f5-33302c6ed463,CUS-00610,40483.63,mobile_money,Lagos,Surulere,306e315b55aaa9fd,2025-03-29 15:58:38,15,5,False
ccf9beaf-cf57-4672-b4e4-a491b0b721d2,CUS-01321,90249.34,pos,Lagos,Kosofe,13cdbc6936f7c1bd,2025-03-29 15:59:45,15,5,False
ee43083c-3c4d-4214-b697-add83edd8aef,CUS-00899,163.15,pos,Lagos,Ikorodu,6f982fdfe8b9f332,2025-03-29 16:05:25,16,5,False
1842d425-6b30-41ba-92ee-2462983d0dca,CUS-01918,122.94,mobile_money,Rivers,Oyigbo,77c214633aa5475a,2025-03-29 16:07:01,16,5,False
d57643f8-7eb4-4871-a13b-c71d793ece0f,CUS-01797,4605.06,pos,Lagos,Eti-Osa,e2fc293fbae9deba,2025-03-29 16:13:38,16,5,False
becb5ddf-c32d-43ce-8faa-2de811933d7c,CUS-01683,2054.29,ussd,Plateau,Plateau-Central,e3bd83bb720ee892,2025-03-29 16:46:17,16,5,False
57586701-6c47-43ed-8a35-991688d493de,CUS-00445,2702.16,pos,Jigawa,Jigawa-Central,76846c6ed170527d,2025-03-29 16:49:45,16,5,False
2e655b48-75a9-49af-b982-fde76dd04fd2,CUS-00757,484.26,ussd,Oyo,Ibadan North,8c3b578b37eec62e,2025-03-29 16:52:15,16,5,False
e403ca79-b852-42a0-a35e-3643e09694cb,CUS-00416,2010.59,pos,Kano,Kumbotso,b2132b1f6b86d86e,2025-03-29 16:52:43,16,5,False
d73ad9b3-e858-46b3-bcd5-4e2b4700ea05,CUS-01356,1713.65,mobile_money,Nassarawa,Nassarawa-Central,853907668826b986,2025-03-29 16:58:49,16,5,False
1d00aeb9-635a-4f1c-9a8d-0bca5f8cda96,CUS-00208,6626.6,pos,Lagos,Agege,08eee00617f1ad2c,2025-03-29 17:01:24,17,5,False
1e68f7c1-e887-4ad9-88e9-04dd64181ba8,CUS-00132,1266.75,pos,Lagos,Kosofe,13c328a7ef3e08f5,2025-03-29 17:03:32,17,5,False
7315127d-b9a0-4418-85f4-5cac2d00c3e5,CUS-01034,63180.48,pos,Lagos,Ikorodu,4b0acf007c963eb1,2025-03-29 17:11:25,17,5,False
013d8663-085d-4b38-b5e6-425f33136529,CUS-01800,1942.52,pos,Cross River,Cross River-Central,495085d7be707495,2025-03-29 17:22:24,17,5,False
771f2077-c99f-4c13-8fc7-0ef34b4d3f3c,CUS-01069,2981.43,pos,Kano,Kumbotso,b069407252ab93ec,2025-03-29 17:32:47,17,5,False
6caff3da-ec79-443c-b4ed-b6e7ac23a110,CUS-00537,283.02,pos,Lagos,Surulere,560b0ddbfbe0780f,2025-03-29 17:43:42,17,5,False
543f6b86-f986-43a9-b059-62e2b5883040,CUS-01930,2028.96,ussd,Oyo,Ogbomoso,df56dbbbb4f7abf5,2025-03-29 17:47:32,17,5,False
878fde05-cf13-44e9-ae20-cede38777667,CUS-00099,583274.96,bank_transfer,Lagos,Ikorodu,8694ca03d669b151,2025-03-29 17:53:00,17,5,True
f5b22471-5470-4188-bee2-c84e56d2b9cc,CUS-01927,4557.34,mobile_money,Abuja FCT,Gwagwalada,f2eeaed31f982ebf,2025-03-29 18:06:56,18,5,False
db1c31fb-fc7e-421e-92eb-19b8b2f284be,CUS-01162,59158.89,pos,Kano,Tarauni,4d4fdcee1f176dbe,2025-03-29 18:07:13,18,5,False
952152e8-9f88-4a37-96b8-f095662a1449,CUS-00069,178037.22,pos,Ogun,Ogun-Central,a3bc4367e57bfc78,2025-03-29 18:24:09,18,5,False
6d02ebb0-4a9d-4ea4-a03a-2eaeb5662747,CUS-01919,436.43,pos,Rivers,Oyigbo,240b82a80daf923d,2025-03-29 18:31:51,18,5,False
57078af8-7234-46a9-95e9-8a9c1792bc4f,CUS-01025,661566.15,pos,Abuja FCT,Bwari,684ecec19204396e,2025-03-29 18:32:41,18,5,False
05e432a2-f670-4322-8b85-3a9f553cf7d6,CUS-01944,21820.11,ussd,Imo,Imo-Central,b37b654ece3afc3f,2025-03-29 18:35:16,18,5,False
a66b2f2d-0c2d-4a9e-b663-0fa464a35245,CUS-00933,1237.16,bank_transfer,Oyo,Ibadan North,e024c9658ed25f99,2025-03-29 18:42:01,18,5,False
477603fe-0331-4f00-a314-7816be7547b7,CUS-00326,80110.17,mobile_money,Oyo,Oyo East,44cc9b88041101da,2025-03-29 18:43:28,18,5,False
cef95b54-4772-46c7-a612-09eeea5d3fab,CUS-01056,4449.91,bank_transfer,Kwara,Kwara-Central,396525eee1cf71ee,2025-03-29 18:48:48,18,5,False
49992ea7-04de-4288-a68b-0bfad4db2860,CUS-01774,6272.38,mobile_money,Imo,Imo-Central,4416a81ac3c26ad7,2025-03-29 18:49:18,18,5,False
4493cf03-2371-4901-8db9-193a5331612e,CUS-00109,156.3,card,Lagos,Alimosho,1fe85427128d6d69,2025-03-29 19:00:09,19,5,False
d9f3a897-c0ca-4a18-a705-38a276da40f2,CUS-00375,82.0,pos,Kano,Dala,83cdeb9a127a29d9,2025-03-29 19:01:10,19,5,False
dc219ab2-276a-456f-bcd7-898e6444457b,CUS-01671,1052.18,pos,Kebbi,Kebbi-Central,d6462c62f2fa83c7,2025-03-29 19:03:06,19,5,False
44537c6c-8b25-4744-b360-03c1e2d2e4c4,CUS-00350,3438.89,bank_transfer,Abuja FCT,Kuje,b27e4fcd31057a4f,2025-03-29 19:08:07,19,5,False
fb463d73-20c3-41e7-bb88-70ae0c3f0393,CUS-01737,69790.85,mobile_money,Lagos,Eti-Osa,d65c63cbb8989857,2025-03-29 19:09:38,19,5,False
bc797e5b-8f61-4046-b438-905dfa39a9c6,CUS-00726,36459.05,pos,Lagos,Eti-Osa,dafcccd8fd9e36a8,2025-03-29 19:12:57,19,5,False
66953983-3e1b-4a02-9870-f05f59de94b4,CUS-01520,309.49,pos,Lagos,Oshodi-Isolo,169f145f9407934a,2025-03-29 19:15:06,19,5,False
69b88e00-146e-4811-88f0-827e06c58be1,CUS-00969,44962.64,bank_transfer,Abuja FCT,Kuje,16437dc8de01cc12,2025-03-29 19:16:27,19,5,False
5c3fe7f9-d66c-4721-b0bc-7ae0737ce448,CUS-01594,116.07,bank_transfer,Ondo,Ondo-Central,6a53bf463fa62fda,2025-03-29 19:25:25,19,5,False
f9cbef42-8e5a-4617-97d2-3742d5b5625f,CUS-01324,300.67,mobile_money,Ebonyi,Ebonyi-Central,9a86a95dc16a8c44,2025-03-29 19:33:23,19,5,False
dca6032d-d46c-4e7e-9897-78e713de2e2e,CUS-01687,18002.76,mobile_money,Abuja FCT,Kuje,2d4e952d7649836c,2025-03-29 19:48:15,19,5,False
ed78ecb3-21fa-40c4-bb50-800595931705,CUS-01419,265.93,pos,Gombe,Gombe-Central,6afa9c9e3a1afd35,2025-03-29 19:51:09,19,5,False
12826052-ab8c-4697-837c-5391272c6549,CUS-01519,135.22,mobile_money,Yobe,Yobe-Central,ffa8c25d0e2f0f89,2025-03-29 19:53:13,19,5,False
a9e65daa-a83e-4747-8259-9dab833b75d8,CUS-01504,24265.59,ussd,Rivers,Obio-Akpor,f335f5754e24756b,2025-03-29 19:56:26,19,5,False
ccd89c66-81e7-41c1-a168-8e2e90cef257,CUS-00980,830963.31,bank_transfer,Kano,Kumbotso,0fbb27d86ea35239,2025-03-29 20:03:03,20,5,False
a7d6c22d-48b9-41d2-bdfe-44a3c23fc428,CUS-01500,7064.78,pos,Abuja FCT,Gwagwalada,b9a3547038ddbc74,2025-03-29 20:11:25,20,5,False
e7b3e57d-1f6e-4e61-b487-1af85185f9b9,CUS-00466,89883.45,pos,Kano,Dala,5ed9a67b0307bf3e,2025-03-29 20:21:19,20,5,False
c5abcf5a-f2a1-4468-a56a-82670e442282,CUS-00258,29801.69,pos,Oyo,Ibadan South-West,0aef7632c74d2bb0,2025-03-29 20:23:42,20,5,False
8bf63fe2-5e2d-4049-8dc8-9c2952c39fb4,CUS-01528,273.31,card,Benue,Benue-Central,f61ecd1138c844c4,2025-03-29 20:49:32,20,5,False
0667e303-6057-4cff-9f7b-5a3d569e0702,CUS-00645,2420.73,pos,Niger,Niger-Central,3f8102ecf21bc1db,2025-03-29 20:50:41,20,5,False
851a2aa1-6cfe-42c9-a8ed-9ce3c11dfc37,CUS-00647,347.46,pos,Anambra,Nnewi North,0bdd31c20a61a0b5,2025-03-29 21:15:09,21,5,False
f9a57b07-c8f2-4281-a070-ad0d343e1cb0,CUS-01092,62900.46,pos,Kaduna,Kaduna South,655ea023cd8808e5,2025-03-29 21:18:51,21,5,False
fe5aea7c-3eb3-47b6-8cc2-052590b80a3a,CUS-00930,793.44,bank_transfer,Lagos,Eti-Osa,74c22ecde730501a,2025-03-29 21:29:00,21,5,False
adcb3919-4905-4419-bd66-ca838840dfc2,CUS-01889,244.85,mobile_money,Ogun,Ogun-Central,d4dcceb674d03143,2025-03-29 21:35:49,21,5,False
06e71cc6-c5d3-4137-b9a5-52fefc4ebd2f,CUS-01440,420.09,ussd,Bayelsa,Bayelsa-Central,497e2d0a46fe1877,2025-03-29 21:36:49,21,5,False
a2b74d5b-235b-4837-b465-c9ccb86991d2,CUS-00973,3978.08,mobile_money,Lagos,Ikeja,f3b608753ed3e55b,2025-03-29 21:37:35,21,5,False
dbd095b4-a9c3-46f5-89c5-d88b118eb01a,CUS-01240,92711.24,bank_transfer,Zamfara,Zamfara-Central,f5775cd8fefcfb0a,2025-03-29 21:39:53,21,5,False
84fd71da-a58a-428b-96ab-003b96e9d4e1,CUS-01581,3454.46,mobile_money,Rivers,Port-Harcourt,5a9b85d7ec8f8562,2025-03-29 21:46:51,21,5,False
83a54cb0-74c3-4a44-8292-9830853ae9c7,CUS-01931,723888.59,pos,Oyo,Ibadan South-West,13794813dded1c14,2025-03-29 21:59:11,21,5,False
8c04c095-bda4-44c8-8ce9-364ab902068b,CUS-00720,99075.53,bank_transfer,Gombe,Gombe-Central,54d663ff2bd1e6ff,2025-03-29 22:32:28,22,5,False
52537e9c-f094-4397-92c5-8b29866bca94,CUS-00709,496252.3,bank_transfer,Anambra,Onitsha North,2af5a68de5b28240,2025-03-29 22:54:00,22,5,True
d482021a-0903-481e-957e-19d01499fafa,CUS-00377,296.44,mobile_money,Lagos,Alimosho,404fae11bb5912f0,2025-03-29 22:57:03,22,5,False
f062aadf-5886-4f45-9a5b-0eb9dca1a6a2,CUS-00965,69892.64,mobile_money,Kano,Dala,ffa59c2f68f6683d,2025-03-29 22:59:08,22,5,False
df3a89e5-582e-4196-b5ce-134e83acfd3c,CUS-01166,46946.27,ussd,Bauchi,Bauchi-Central,dcb3d11d5a7e30d1,2025-03-29 23:25:40,23,5,False
37bb5d28-03a6-4af6-bb36-583438fac2c5,CUS-00594,1909.96,pos,Nassarawa,Nassarawa-Central,62169e9b81a796c6,2025-03-30 01:18:52,1,6,False
1d76825a-0ba9-4e73-8c94-7fa774525812,CUS-00535,4064.98,mobile_money,Jigawa,Jigawa-Central,99b1889353b4384a,2025-03-30 01:31:12,1,6,False
b26886d5-d919-42cc-a9c7-f1369a5124ff,CUS-01981,1625.26,mobile_money,Benue,Benue-Central,2e3ca59fe7d431e5,2025-03-30 03:10:47,3,6,False
d66da12e-18a8-4d6d-a331-75c91e0fc3ec,CUS-01207,404.14,mobile_money,Abuja FCT,Bwari,93ede341308bf1fb,2025-03-30 03:15:13,3,6,False
8c1f74f7-fdd4-4155-9e65-ac4f6b0d0926,CUS-00949,164.14,bank_transfer,Kaduna,Kaduna South,d6bcd438a77f6c9d,2025-03-30 04:13:50,4,6,False
bf56ef84-02c2-44d0-887e-6a452b55907f,CUS-01137,4011.14,mobile_money,Abuja FCT,Kuje,5f50a18ef5c967c2,2025-03-30 04:25:17,4,6,False
5a90c3b2-bd30-412f-ab43-12d89bbcb861,CUS-01959,4927.96,pos,Imo,Imo-Central,775c01ed3ecbae4c,2025-03-30 04:34:41,4,6,False
67e2ec3d-1d8e-4f74-a69d-81c809fe9f48,CUS-01051,49677.41,bank_transfer,Oyo,Ogbomoso,2c2c9380a4d6a434,2025-03-30 04:58:33,4,6,False
b7df6b10-4cf9-43f9-bac2-d10554b41285,CUS-01451,5657.81,ussd,Enugu,Enugu North,98ecba8511085cb7,2025-03-30 05:22:32,5,6,False
03cb7e96-c098-4461-a333-a5ace0b4b040,CUS-01512,54523.3,bank_transfer,Kano,Dala,a41949725c54d7c9,2025-03-30 07:00:00,7,6,True
cad6a92d-99a2-47b7-ad66-f11a03d2c80c,CUS-01140,4535.49,pos,Plateau,Plateau-Central,5f6457a7a17fb30a,2025-03-30 07:03:52,7,6,False
c354232c-abaf-4074-bb20-ecc772ef33e7,CUS-01512,59448.34,pos,Delta,Uvwie,a41949725c54d7c9,2025-03-30 07:15:00,7,6,True
812fc403-ad7e-4335-8699-24987722f2ce,CUS-01701,1117.52,mobile_money,Rivers,Eleme,0339e824793d49a0,2025-03-30 07:32:52,7,6,False
aa098f21-2bb7-496e-8b2c-fa638b21fb27,CUS-01770,7487.67,bank_transfer,Oyo,Oyo East,c27f86555385f66b,2025-03-30 08:00:00,8,6,True
189ad0d2-c9b1-418e-ba0d-b4957691b650,CUS-01770,98700.1,mobile_money,Adamawa,Adamawa-Central,c27f86555385f66b,2025-03-30 08:12:00,8,6,True
142076fd-2981-404f-8f37-a7d7471469e3,CUS-01617,253.92,mobile_money,Delta,Warri South,649e38bb07b7b488,2025-03-30 09:07:16,9,6,False
223dee91-aae7-4e5a-b4cb-0edb5c9679ab,CUS-01550,206.58,mobile_money,Katsina,Katsina-Central,fb37de2edf8c3afd,2025-03-30 09:26:23,9,6,False
e7d35745-18bd-460e-9f5a-b2ab4d95a26e,CUS-01050,167.48,pos,Kebbi,Kebbi-Central,457ca2d963b3ad8c,2025-03-30 09:28:39,9,6,False
91a886a2-86b9-432f-961a-1bb846a42100,CUS-00222,730239.04,pos,Lagos,Agege,03d53dcc4ef59e8b,2025-03-30 09:29:12,9,6,False
dfdd1797-0da3-4892-a9ad-e7831073d384,CUS-01200,4782.32,pos,Kwara,Kwara-Central,fd60ae30ae1d36ae,2025-03-30 09:32:01,9,6,False
9d31afab-a944-4b5e-90ad-bd64eed7dd4f,CUS-01127,1517.68,pos,Rivers,Eleme,82121e9423b06b7e,2025-03-30 09:40:35,9,6,False
b2afa210-2079-46c9-beff-46cce90b67e9,CUS-00396,46323.5,pos,Sokoto,Sokoto-Central,df4c1aa46b682abc,2025-03-30 09:44:13,9,6,False
f0618a0a-6667-4000-b111-2014f14eb58d,CUS-00584,2267.87,bank_transfer,Enugu,Enugu East,ab23b4d2a487e0d3,2025-03-30 09:45:38,9,6,False
f3e09f5e-81db-4a1a-88bb-aa4db767cbbb,CUS-01112,58189.6,mobile_money,Lagos,Surulere,b4f1235d82904da6,2025-03-30 09:47:38,9,6,False
a860bcd7-41ee-40e6-9d96-05ee78ef8973,CUS-01256,22534.99,mobile_money,Lagos,Mushin,ec47f332f0057a59,2025-03-30 09:50:49,9,6,False
60a0c9ac-fce0-4e21-9556-e07d233fd352,CUS-01845,395.54,mobile_money,Lagos,Agege,c2c002b16c321510,2025-03-30 10:00:19,10,6,False
3ab1369f-a81b-4359-91de-9fab28d67e47,CUS-01231,1276.68,mobile_money,Lagos,Kosofe,4376a1c51d5caa1b,2025-03-30 10:00:51,10,6,False
3232ef80-7aff-43f3-848e-6e6d36fda9b4,CUS-00260,1941.98,mobile_money,Kaduna,Kaduna South,b36ce793582718ee,2025-03-30 10:14:40,10,6,False
30b6b1d3-38ad-4157-b1be-691dc13ec385,CUS-00376,956.01,mobile_money,Borno,Borno-Central,30d2cce2a11ef3e3,2025-03-30 10:17:23,10,6,False
c413e88b-6c4c-4fc1-a101-0ad66f6fff44,CUS-01436,4751.86,pos,Kano,Dala,407a3276e36403ea,2025-03-30 10:25:33,10,6,False
5e91d0f8-d75d-46e4-a9dd-7c209e425556,CUS-00060,506.16,pos,Rivers,Oyigbo,0f57eb1b8e271781,2025-03-30 10:37:38,10,6,False
eb56532e-80bf-4544-bb73-a872c1aefaf2,CUS-01282,51020.42,ussd,Oyo,Ibadan South-West,dc18e0f8c5a69a14,2025-03-30 10:41:33,10,6,False
7fd7a263-b43e-4dc3-9dd8-a583cdcca9ef,CUS-00546,114.74,pos,Lagos,Surulere,b08815097e266c74,2025-03-30 11:00:04,11,6,False
3f436df8-220b-4d9c-9afa-dbafb15020bc,CUS-01017,2423.7,bank_transfer,Oyo,Ibadan South-West,f8aac67eec4ac97e,2025-03-30 11:07:35,11,6,False
ea97e0fc-a19f-43b5-b24a-5cc83352a7ee,CUS-00872,4762.09,ussd,Delta,Warri South,07840812b559650f,2025-03-30 11:08:55,11,6,False
b5687b6a-bc31-499f-887e-d55da16c7a6a,CUS-01528,2106.35,card,Benue,Benue-Central,f61ecd1138c844c4,2025-03-30 11:12:18,11,6,False
5ec28153-f6ee-4844-8214-4aa344f5cdaa,CUS-01094,3389.94,pos,Lagos,Kosofe,85d7d4bf2b272403,2025-03-30 11:17:23,11,6,False
2cf4f5b1-7b25-479c-8d4f-3b81b5c3eafc,CUS-01915,3941.88,pos,Ondo,Ondo-Central,5df0e6f4ac72dfe8,2025-03-30 11:47:40,11,6,False
20214a9d-4e74-477e-bfc8-e110f9d871a6,CUS-00276,84.56,mobile_money,Imo,Imo-Central,9487056a11d10a77,2025-03-30 11:53:06,11,6,False
fce65a05-5de0-408e-bcfe-5feab40b2d41,CUS-00915,3847.42,mobile_money,Rivers,Port-Harcourt,2c879017be169f9f,2025-03-30 11:55:23,11,6,False
2ff4bee7-8b7d-4d6f-ac71-e9cbc50b997a,CUS-01066,22662.73,mobile_money,Lagos,Lagos Mainland,49a6701b8f3838cc,2025-03-30 11:57:30,11,6,False
4d0b0e3d-9b0c-4f84-a86c-3f8c1ecb86f6,CUS-01452,259616.23,mobile_money,Zamfara,Zamfara-Central,8af2244a304d26f8,2025-03-30 12:03:54,12,6,False
7c892ceb-9aa1-4a7d-88ee-2dd7a602321d,CUS-00442,70679.47,mobile_money,Rivers,Obio-Akpor,b72e75b2e9754cf1,2025-03-30 12:29:50,12,6,False
f69101ea-4206-4e6d-a799-cefdccc84b4a,CUS-01959,217.35,pos,Imo,Imo-Central,775c01ed3ecbae4c,2025-03-30 12:34:54,12,6,False
b208b975-ef79-42fa-9ced-39bbf047d11e,CUS-00273,438.18,mobile_money,Taraba,Taraba-Central,cccbd53cee404658,2025-03-30 12:52:19,12,6,False
aa793a69-c88c-4beb-9974-5e1a34d3bdfb,CUS-00544,4495.48,pos,Enugu,Nsukka,7c1e957e56743c52,2025-03-30 12:55:22,12,6,False
1e97e2be-f669-4d31-9b5a-dc1cb68e179b,CUS-00350,3668.62,bank_transfer,Abuja FCT,Gwagwalada,b27e4fcd31057a4f,2025-03-30 13:04:56,13,6,False
54914541-88e7-4390-8bf7-29cdc75db082,CUS-00734,95638.92,ussd,Kano,Kumbotso,9450c2933d9e8fbb,2025-03-30 13:08:54,13,6,False
64ddc6b0-56c4-4a37-b0e1-c4f462539ff0,CUS-01596,3068.84,pos,Kano,Nassarawa,c8c331c571be68fb,2025-03-30 13:24:15,13,6,False
aa5cd3cb-6115-480b-beeb-f3e434589b0d,CUS-00381,122424.65,ussd,Edo,Ikpoba-Okha,5e06f51e74b733cf,2025-03-30 13:27:54,13,6,False
f23ffcfa-d984-45d5-a302-ff1246d40d61,CUS-00889,232958.51,mobile_money,Lagos,Surulere,840f3e716557215a,2025-03-30 13:32:44,13,6,False
97b522b3-6548-4f9d-aa1d-eb6262b852b6,CUS-00272,326.53,bank_transfer,Zamfara,Zamfara-Central,c6f1d8b3c6540168,2025-03-30 13:36:22,13,6,False
654c54f4-2679-47a0-b8d2-94899740ef87,CUS-01376,66359.76,mobile_money,Abuja FCT,Gwagwalada,732aaeaa6b024f1a,2025-03-30 13:36:48,13,6,False
81e7f062-08c8-4bc8-9f35-b2eb32e3607d,CUS-00220,211.46,card,Delta,Oshimili South,86abb464750be17b,2025-03-30 13:44:12,13,6,False
2563e36a-0c36-49c0-bffd-aea05aa8063d,CUS-00104,246.33,mobile_money,Kogi,Kogi-Central,a3a1376fb84af329,2025-03-30 14:01:44,14,6,False
0c2899f6-3c05-4bad-904b-3f08d44e88ab,CUS-00324,393.42,mobile_money,Cross River,Cross River-Central,eadd563a73f69909,2025-03-30 14:06:45,14,6,False
e680383e-3247-4fdd-944a-67458c296aec,CUS-00855,295.91,pos,Lagos,Lagos Mainland,c708ef9fa6a48519,2025-03-30 14:13:00,14,6,True
673cdb4c-f8e6-485e-9994-9c4e71bebfd0,CUS-00855,414.43,mobile_money,Lagos,Lagos Mainland,c708ef9fa6a48519,2025-03-30 14:20:00,14,6,True
919f15de-5f94-49e4-b9a1-726671ee96e8,CUS-00855,450.56,pos,Lagos,Surulere,c708ef9fa6a48519,2025-03-30 14:20:00,14,6,True
964a6321-3ff4-43a5-a5ed-b6995ca05d64,CUS-00618,81728.31,bank_transfer,Benue,Benue-Central,ef3877fe8a94f510,2025-03-30 14:24:06,14,6,False
91ede72e-526e-4366-8562-8a11f8843209,CUS-00855,126.87,ussd,Lagos,Eti-Osa,c708ef9fa6a48519,2025-03-30 14:37:00,14,6,True
e95c3f75-e735-41d9-961b-d473d69b2688,CUS-00800,389.76,mobile_money,Edo,Ikpoba-Okha,2cd1fa6472cd8768,2025-03-30 14:38:49,14,6,False
35f0e870-83f8-4be6-bf2e-0b044c183fce,CUS-00855,413.78,ussd,Lagos,Mushin,c708ef9fa6a48519,2025-03-30 14:39:00,14,6,True
0ab41acb-653e-4b6a-8d0c-0c86748cbd70,CUS-00855,328.7,ussd,Lagos,Mushin,c708ef9fa6a48519,2025-03-30 14:43:00,14,6,True
10ccd5c3-b3e1-4d32-9248-8e412f5e370c,CUS-01513,3580.87,mobile_money,Lagos,Mushin,bdecb2a312b96c1c,2025-03-30 14:47:03,14,6,False
6565d89b-7a76-4c07-9fac-20cc919e6f95,CUS-00855,175.15,mobile_money,Lagos,Ikorodu,c708ef9fa6a48519,2025-03-30 14:51:00,14,6,True
917db8f8-8a7a-47b5-bfde-f94502b841d9,CUS-00855,70.5,mobile_money,Lagos,Mushin,c708ef9fa6a48519,2025-03-30 14:52:00,14,6,True
dedc7b2c-fbc6-4dfa-9e8a-d79ec9bd06f1,CUS-01625,10657.03,pos,Anambra,Onitsha North,a283745fd007033f,2025-03-30 15:04:28,15,6,False
c6149326-ff93-41a5-a4b8-ad6dfcbf1403,CUS-01986,2742.79,pos,Ondo,Ondo-Central,179c3d78f887cc5d,2025-03-30 15:06:54,15,6,False
6956569e-5b96-4278-88aa-3336c6046882,CUS-01100,655690.17,pos,Lagos,Ikorodu,df1461afa6ea20c9,2025-03-30 15:07:43,15,6,False
a71b9454-796a-4855-86a3-6b4941d38827,CUS-00198,135.26,bank_transfer,Niger,Niger-Central,9af1733f50cf9816,2025-03-30 15:14:26,15,6,False
5c5383ff-04d7-4566-9d1a-b2bb09927939,CUS-01585,2500.61,pos,Lagos,Surulere,9d4d8197c0ce1b15,2025-03-30 15:16:07,15,6,False
86b61dd6-f22c-4069-952b-cb69e33c3463,CUS-01029,2239.08,bank_transfer,Plateau,Plateau-Central,345305fe8c241fb1,2025-03-30 15:19:32,15,6,False
4ce916bf-e130-4c0a-9bde-f3ed96675b20,CUS-00633,98982.03,pos,Oyo,Oyo East,588850e3ca7f47b7,2025-03-30 15:29:40,15,6,False
1962140a-486e-4a87-a593-42cb0d62aa9c,CUS-01641,97926.96,ussd,Borno,Borno-Central,ee4fa5ff1103071b,2025-03-30 15:29:43,15,6,False
e090fdc1-82b0-4eca-a7ef-f9725bde9444,CUS-00090,4759.29,mobile_money,Lagos,Oshodi-Isolo,fcd524f43913e0eb,2025-03-30 15:40:57,15,6,False
05afdbe1-a863-4225-876e-99959d86c75c,CUS-01483,481.92,ussd,Lagos,Agege,097af9ba3a53d85c,2025-03-30 15:44:55,15,6,False
aeb1fce2-d540-4126-8214-38769a75ffc8,CUS-00819,466.83,pos,Kano,Nassarawa,2dbc5cf713264b24,2025-03-30 16:04:11,16,6,False
2765be0a-9f99-487d-8347-4e83266834f1,CUS-00507,253.62,bank_transfer,Plateau,Plateau-Central,f0f00c7123d03468,2025-03-30 16:17:33,16,6,False
5df721ed-23e5-494f-8d93-0505c7bca928,CUS-01617,35919.73,mobile_money,Delta,Warri South,649e38bb07b7b488,2025-03-30 16:35:59,16,6,False
10705645-da81-4e68-9193-9627c52673cf,CUS-00873,5368.91,bank_transfer,Rivers,Obio-Akpor,bedd2a3af7208a8a,2025-03-30 16:44:18,16,6,False
598a3a56-7ed0-420c-90f2-e8482e7b7442,CUS-00438,18346.75,bank_transfer,Edo,Egor,13939ba62a5e19d3,2025-03-30 17:03:44,17,6,False
aeaeca2c-aa0a-46ec-ac0e-58af74676c00,CUS-01311,3043.68,mobile_money,Nassarawa,Nassarawa-Central,2e680b3b3a6c5fd1,2025-03-30 17:07:41,17,6,False
c5470579-157b-4f4e-a200-47a52bd1e018,CUS-01884,2173.27,ussd,Lagos,Ikeja,5f4ed3b0fde0d75c,2025-03-30 17:29:08,17,6,False
9c2520ba-b46b-45c5-b9f8-34e835f85cf8,CUS-00917,390.14,mobile_money,Katsina,Katsina-Central,d31247c5f3e24d3c,2025-03-30 17:31:54,17,6,False
de077e05-6ee9-47c2-8fe2-f5b06b2758ab,CUS-01233,4634.36,pos,Lagos,Oshodi-Isolo,bb21b8ff72b45704,2025-03-30 17:58:15,17,6,False
50bb7f9d-9b41-4bff-b219-773591d46f60,CUS-00429,2885.38,ussd,Lagos,Mushin,69e52406211df804,2025-03-30 17:59:42,17,6,False
331f4a9d-121f-4073-8f32-18746ff1c7d5,CUS-01698,2094.08,ussd,Akwa Ibom,Akwa Ibom-Central,5f5c035e8c2b2a0e,2025-03-30 18:00:57,18,6,False
b37601df-5117-4382-92ae-187f1a683a6b,CUS-00383,33044.86,ussd,Kebbi,Kebbi-Central,c919c6af242bd317,2025-03-30 18:21:06,18,6,False
cdfc1271-972b-42ff-96c1-888b07e42faa,CUS-00188,3596.84,mobile_money,Oyo,Ibadan South-West,ae06fb90c1244c4b,2025-03-30 18:22:16,18,6,False
73a74a97-593a-49bc-973c-7b128087c590,CUS-01762,210.16,bank_transfer,Lagos,Ikorodu,a30f47b1c41a7839,2025-03-30 18:34:37,18,6,False
0a1fe5c9-02f2-4bfe-ad49-3e22fda53553,CUS-01869,519754.26,pos,Ondo,Ondo-Central,e944f19504bc9d53,2025-03-30 18:34:54,18,6,False
72a21ade-3a18-40e2-8cda-728236440d4a,CUS-00445,53783.47,ussd,Jigawa,Jigawa-Central,76846c6ed170527d,2025-03-30 18:48:18,18,6,False
f173410f-6e69-4d05-9351-ca2e2dc8fe6b,CUS-01593,4938.21,bank_transfer,Lagos,Agege,fe285f055c45f3de,2025-03-30 18:59:15,18,6,False
01ced070-b7e8-4df2-a445-cfcb25352c19,CUS-00364,71197.57,bank_transfer,Jigawa,Jigawa-Central,a373311aaf47ce29,2025-03-30 19:00:34,19,6,False
4ff724bd-b0ac-42c3-8b04-872d81102c21,CUS-00454,925.41,pos,Lagos,Surulere,6ef7ad5156b9d3a1,2025-03-30 19:08:03,19,6,False
1861a3b2-1e61-4945-9f2c-5080ec42fc44,CUS-01222,161.45,pos,Rivers,Oyigbo,710138c9fc241830,2025-03-30 19:17:11,19,6,False
3d458e4c-ce7e-4829-a43f-cc2508f87bdb,CUS-00818,438.43,pos,Lagos,Lagos Mainland,a0e552c4d081ee3c,2025-03-30 19:18:58,19,6,False
142a7a3a-f225-44ab-84d5-8d525fa80916,CUS-00377,1806.14,mobile_money,Lagos,Lagos Mainland,404fae11bb5912f0,2025-03-30 19:19:30,19,6,False
4acc3f35-1213-411f-b5c3-282c933732fc,CUS-01373,4257.6,mobile_money,Abuja FCT,Municipal,c3deb665c44d26ee,2025-03-30 19:22:22,19,6,False
7ce60b57-20c5-4340-81cb-60222ca74de2,CUS-00987,10288.28,bank_transfer,Rivers,Obio-Akpor,01e7a632232003ba,2025-03-30 19:25:28,19,6,False
7e92874f-137d-481f-9836-021a7d84bd01,CUS-00568,68020.79,mobile_money,Kogi,Kogi-Central,dcc0efb50bd6ca59,2025-03-30 19:28:13,19,6,False
3fdcb3af-79e0-4c03-b2ea-62b9442c37e8,CUS-00966,3202.73,pos,Ondo,Ondo-Central,6250db96be6da642,2025-03-30 19:37:19,19,6,False
7e0a70ab-25f4-40bb-a1aa-2423e893fb59,CUS-01612,1677.11,pos,Oyo,Ogbomoso,5c8cf36784c6e533,2025-03-30 19:47:00,19,6,False
0e70cbd2-eefe-49b1-b3ab-5dfafcd875a5,CUS-00546,4385.11,pos,Lagos,Ikeja,b08815097e266c74,2025-03-30 19:49:05,19,6,False
e6c6cdf5-49cd-41fd-b0a5-afba627c8a26,CUS-00943,26019.89,mobile_money,Plateau,Plateau-Central,1da2949d58e17a5f,2025-03-30 19:52:08,19,6,False
ce927b29-8f17-4614-9ef8-9618969ad3f3,CUS-00659,424.7,mobile_money,Oyo,Ibadan North,800d4a3c5c4536de,2025-03-30 19:56:23,19,6,False
8909db34-d546-4fb0-914e-a310dc9ee548,CUS-00916,27611.51,mobile_money,Kano,Dala,5bd822755a40195e,2025-03-30 20:01:46,20,6,False
a9c4a437-2e93-44d5-a42e-1b8a8b9558bc,CUS-00863,21240.83,pos,Rivers,Eleme,a133f84deb5ccf1d,2025-03-30 20:07:39,20,6,False
a37b3489-bbde-4a78-bdac-d1f091d712fa,CUS-01382,18985.95,pos,Bayelsa,Bayelsa-Central,e574935d513d27c9,2025-03-30 20:18:58,20,6,False
e255254e-61a5-46b8-8857-606f16a0466e,CUS-01363,398235.59,pos,Enugu,Nsukka,6e6997728cb47e26,2025-03-30 20:31:33,20,6,False
1aa2ff14-7adf-481b-861f-d14a55089815,CUS-01003,68.23,bank_transfer,Ondo,Ondo-Central,439e1cb89f05b12e,2025-03-30 20:40:51,20,6,False
d3fa5021-04a2-4578-800d-a010936e5a90,CUS-01189,316.6,mobile_money,Edo,Oredo,36f1fd8d7d24e817,2025-03-30 20:42:11,20,6,False
a15010d8-d532-444d-ba43-ade3192111f5,CUS-01449,184312.0,pos,Anambra,Awka South,1136ae79af32c0d4,2025-03-30 20:46:25,20,6,False
83f2ef94-d25d-4a66-b511-6c4f6e4b6758,CUS-00172,52.09,pos,Abuja FCT,Municipal,eb1fc4a3af643718,2025-03-30 21:00:33,21,6,False
55223c4e-0eee-40e6-9436-9c6f1305f973,CUS-00795,277.37,mobile_money,Zamfara,Zamfara-Central,6f8b18aebf0d3d68,2025-03-30 21:15:00,21,6,True
ba2a4618-2a23-4759-8c55-cc07c8ca4855,CUS-00795,360.61,ussd,Zamfara,Zamfara-Central,6f8b18aebf0d3d68,2025-03-30 21:20:00,21,6,True
8600aea1-08a7-46ee-b1e8-0f8ae31efbfa,CUS-00795,387.14,ussd,Zamfara,Zamfara-Central,6f8b18aebf0d3d68,2025-03-30 21:21:00,21,6,True
79a4f7b4-0593-4486-82c9-1cbf06542968,CUS-00588,61179.76,pos,Lagos,Eti-Osa,c51cc5de2aafecc0,2025-03-30 21:23:35,21,6,False
446ade70-0064-4105-b913-abde11867236,CUS-01627,950022.06,bank_transfer,Oyo,Ibadan North,8a68d0e2389ad1b9,2025-03-30 21:27:09,21,6,False
a2a08946-d059-4d03-8c91-a95093b33e88,CUS-00795,94.42,mobile_money,Zamfara,Zamfara-Central,6f8b18aebf0d3d68,2025-03-30 21:30:00,21,6,True
52b49333-52bc-44ba-a535-85fc9b528c4f,CUS-01560,24877.28,pos,Kano,Gwale,65fa79b574411b2d,2025-03-30 21:31:52,21,6,False
e4792558-0f8f-4473-b941-3d82ec4554a6,CUS-00795,287.66,pos,Zamfara,Zamfara-Central,6f8b18aebf0d3d68,2025-03-30 21:45:00,21,6,True
8d17fb52-4cfe-48d3-b50c-2cde37158b4e,CUS-00795,79.82,mobile_money,Zamfara,Zamfara-Central,6f8b18aebf0d3d68,2025-03-30 21:48:00,21,6,True
05d093a4-d863-42fd-a274-56c7a708e7fd,CUS-00619,3106.95,pos,Osun,Osun-Central,c6673cb638a3bb63,2025-03-30 21:49:31,21,6,False
5652f363-7005-4802-9613-c57116934246,CUS-00167,2165.13,bank_transfer,Lagos,Oshodi-Isolo,1a50db474267137b,2025-03-30 21:51:57,21,6,False
6550cd66-5524-47d7-bfb4-6625378f54e0,CUS-01448,1304.78,bank_transfer,Jigawa,Jigawa-Central,61416da760c38dee,2025-03-30 21:58:15,21,6,False
485c27ae-4e44-4981-bea3-f5cf8f131bc2,CUS-00113,4163.27,ussd,Benue,Benue-Central,7424f512c08e218e,2025-03-31 04:19:11,4,0,False
2456c743-3751-4450-b15a-9308a4b87db6,CUS-01562,648500.27,bank_transfer,Abia,Abia-Central,30c69cd206591d60,2025-03-31 04:54:00,4,0,True
a4c76daa-a364-458f-a5c4-51d2d76eba37,CUS-00426,156.78,pos,Abuja FCT,Bwari,a6c9458cb98726fc,2025-03-31 05:10:19,5,0,False
2202f258-4d06-43f5-b082-640ba3db7d7b,CUS-01411,2744.27,ussd,Lagos,Ikeja,1d3ab4ab469805e9,2025-03-31 06:08:54,6,0,False
ba892dea-de86-43aa-9be9-d511f9c66bb3,CUS-00158,66741.98,pos,Lagos,Surulere,917312f18359f92b,2025-03-31 07:01:49,7,0,False
c738a327-9e77-4e60-a430-9a5834a14c82,CUS-01835,263.04,pos,Delta,Warri South,6efe17208d27ab98,2025-03-31 08:02:37,8,0,False
089238f7-7522-4de9-85d3-d4a9a786d970,CUS-00757,72628.8,pos,Oyo,Oyo East,8c3b578b37eec62e,2025-03-31 08:04:03,8,0,False
1c65af38-236e-4db5-910e-cc83011121ba,CUS-01973,267.0,mobile_money,Abuja FCT,Municipal,b0a2e8ccaf3fc8d8,2025-03-31 08:04:16,8,0,False
e8c1f6d5-a9e7-4e1a-800e-3c32beeeaea3,CUS-00655,11533.36,bank_transfer,Lagos,Oshodi-Isolo,26ac79b417ba3035,2025-03-31 09:00:25,9,0,False
f5e998a8-21d3-4f25-82b6-1037948385d1,CUS-01044,168266.4,mobile_money,Niger,Niger-Central,5ab1a2bf1058e736,2025-03-31 09:03:03,9,0,False
5bacb222-71f2-424b-a958-92eacef70053,CUS-01260,3833.9,pos,Kano,Gwale,bf2d4785cb46fa2b,2025-03-31 09:07:59,9,0,False
82ffb6dc-83f3-42e0-aefc-2ba218b2396d,CUS-01222,2092.7,pos,Rivers,Port-Harcourt,710138c9fc241830,2025-03-31 09:12:22,9,0,False
390dea83-676d-4a53-b448-b077b0e89804,CUS-00991,208.17,mobile_money,Edo,Ikpoba-Okha,ef4fc1417ee3e00f,2025-03-31 09:18:44,9,0,False
467fd059-d4e5-4e92-a107-1ddda8189146,CUS-00372,284.34,mobile_money,Lagos,Eti-Osa,131ea15f92860a0b,2025-03-31 09:30:09,9,0,False
f36a4726-fccf-428d-abc0-44870884169e,CUS-00607,36401.75,pos,Rivers,Obio-Akpor,2d42db20f66c2301,2025-03-31 09:32:30,9,0,False
321b5196-1594-432b-b789-ec44356b7b51,CUS-00123,144.69,pos,Lagos,Agege,fd87e702baf7d83d,2025-03-31 09:47:51,9,0,False
a4d638a9-90c0-4c72-976c-de63e9e632a5,CUS-00023,74371.22,bank_transfer,Rivers,Oyigbo,f84e67d217d0d0ef,2025-03-31 09:50:59,9,0,False
cd560e92-b478-4dbf-a35e-d4de21b624b3,CUS-00041,198.14,bank_transfer,Abuja FCT,Bwari,11d829854838dbdb,2025-03-31 09:51:04,9,0,False
746a1071-f185-41ae-97e4-7897c3adb507,CUS-01574,259742.99,ussd,Lagos,Oshodi-Isolo,63f248344992f732,2025-03-31 10:02:27,10,0,False
b223bb11-598b-4e1b-943f-ae3d641f5043,CUS-01013,86.73,bank_transfer,Lagos,Ikeja,85964e557da03c0d,2025-03-31 10:05:11,10,0,False
dade17c0-78fc-4cae-bc97-147f37c3054c,CUS-00979,2813.15,card,Kaduna,Zaria,6e449854f903e547,2025-03-31 10:09:35,10,0,False
e6c8997e-7c22-4551-b757-5ca737510c4a,CUS-00097,864582.89,bank_transfer,Rivers,Obio-Akpor,b6d43539671f700f,2025-03-31 10:18:19,10,0,False
1cd36f90-c180-4b3e-a348-66ed6b5a419c,CUS-00464,95120.14,bank_transfer,Akwa Ibom,Akwa Ibom-Central,ff4c1464f33acdfe,2025-03-31 10:28:38,10,0,False
684d6147-a3ec-4828-9e38-5ac1443a4271,CUS-00035,332.58,pos,Benue,Benue-Central,c43622476204a29b,2025-03-31 10:32:18,10,0,False
601a3791-d8db-4bc0-96c8-bca11330b8f1,CUS-01309,44935.53,bank_transfer,Benue,Benue-Central,3f2e55ad5d711bdb,2025-03-31 10:33:58,10,0,False
088080a3-4aac-499a-b367-fa7c9a163b98,CUS-01767,471.84,pos,Abuja FCT,Gwagwalada,3e2929fc96a5c0f6,2025-03-31 10:41:51,10,0,False
2a350f2d-b8cc-439a-8c44-83348d42e14d,CUS-01511,351.0,pos,Ondo,Ondo-Central,feb703ea6117aadb,2025-03-31 10:52:38,10,0,False
fcd89702-6c44-463a-bf68-e0da72939461,CUS-00740,363.01,pos,Abuja FCT,Bwari,3c0b1d114141c593,2025-03-31 10:53:42,10,0,False
52302c83-7345-43e8-9cc5-c489819955b2,CUS-00215,540.79,pos,Lagos,Eti-Osa,3ce10d63fd005851,2025-03-31 11:01:56,11,0,False
b59132bc-2572-40b0-aaa9-2835420155cd,CUS-00678,422.32,pos,Bayelsa,Bayelsa-Central,780d38fd25566312,2025-03-31 11:03:02,11,0,False
c736cf94-43bf-4461-9d9b-d1fe24d63d11,CUS-00348,300.68,bank_transfer,Rivers,Port-Harcourt,a772237ddffddff3,2025-03-31 11:03:21,11,0,False
bc0878c5-0804-4287-b66d-abc6ad067946,CUS-01514,3034.82,mobile_money,Lagos,Eti-Osa,2c0a5df0ebae14fe,2025-03-31 11:04:55,11,0,False
4e0631de-52f5-4191-b525-4cad78b4ad0a,CUS-00064,133.76,pos,Kano,Fagge,d79b61acc4f44aea,2025-03-31 11:09:23,11,0,False
62809b4b-0930-4da2-a5ec-a6d08fc3d1fd,CUS-01643,248.71,bank_transfer,Enugu,Enugu East,58497d8fc184faec,2025-03-31 11:32:36,11,0,False
fa67811c-d962-4dbb-b9d6-96e8a797e024,CUS-00697,3173.04,pos,Oyo,Oyo East,3a7a3a30be3ac3f4,2025-03-31 11:37:15,11,0,False
2ccecdbb-b1c4-4cee-8fb2-11cd17184a51,CUS-00351,773.96,pos,Sokoto,Sokoto-Central,c0d571df565621d0,2025-03-31 12:03:24,12,0,False
ffc1e622-dd8a-452b-a8cc-93db93c91a30,CUS-01821,1305.6,pos,Lagos,Oshodi-Isolo,e7ac53555b39c0fc,2025-03-31 12:29:34,12,0,False
81e9652f-297a-476d-a1ba-0fccf5ada2bd,CUS-01428,11436.94,pos,Enugu,Nsukka,732a634fefcbc5b8,2025-03-31 12:31:42,12,0,False
e2f73f6b-7378-48a5-9e67-69e2c753ec8c,CUS-00809,28635.72,mobile_money,Lagos,Kosofe,db69bf71f5a9ddc6,2025-03-31 12:39:51,12,0,False
410f9a69-6493-4334-8fd5-beb33b86df89,CUS-00288,4827.21,pos,Kano,Nassarawa,2303bb40e0492b07,2025-03-31 12:41:11,12,0,False
b39b67f7-feda-4d46-a304-046d524af0a8,CUS-01465,4418.09,mobile_money,Lagos,Kosofe,4ea35215245db93a,2025-03-31 12:42:14,12,0,False
ffd5b4e6-d057-4cbd-84f5-5d5341c4f89e,CUS-01011,8522.61,pos,Ogun,Ogun-Central,cce9d1e841c327a7,2025-03-31 12:44:51,12,0,False
79bf1b35-e304-4054-b0f9-d348edcd9705,CUS-00846,1363.65,mobile_money,Lagos,Kosofe,c8efc5cd1998980e,2025-03-31 12:44:55,12,0,False
fe0ea2b5-5b2c-4f35-b67c-6d5371c9af01,CUS-01403,4904.87,bank_transfer,Osun,Osun-Central,6666f1a1cebc0728,2025-03-31 12:50:57,12,0,False
5c426ca0-076e-496e-9deb-95101153104e,CUS-01598,289.05,pos,Lagos,Agege,4fb23adca810bdd7,2025-03-31 12:53:17,12,0,False
a3978484-4460-4820-91d4-48d684bff41d,CUS-01441,2785.76,bank_transfer,Lagos,Ikorodu,d64b70861a0a4512,2025-03-31 13:31:59,13,0,False
77d18088-55bc-4f94-a8bf-802ad17bfd45,CUS-01802,398.93,mobile_money,Kano,Nassarawa,709f46eaff6a88ca,2025-03-31 13:35:34,13,0,False
aabf0d85-010c-416d-b722-9e2c10807c12,CUS-01958,2402.18,pos,Enugu,Enugu North,35d71c040875cc99,2025-03-31 13:38:10,13,0,False
47b90a5c-eb15-485f-b816-bc31bba29d47,CUS-01147,151.77,mobile_money,Delta,Oshimili South,780d811024c2eb53,2025-03-31 13:42:17,13,0,False
6ae822b2-bd9d-40a0-bb8a-80e9f997e08e,CUS-01403,41583.64,pos,Osun,Osun-Central,6666f1a1cebc0728,2025-03-31 13:42:46,13,0,False
4c5cfbb7-53c3-40ab-a103-0b9fa1457886,CUS-01430,2326.83,bank_transfer,Abuja FCT,Municipal,df054fd147e69344,2025-03-31 13:43:59,13,0,False
fce22500-834b-455e-a879-0f3891abe2a4,CUS-01792,63180.62,pos,Abuja FCT,Bwari,58f65a3d58004213,2025-03-31 13:47:48,13,0,False
a53927cf-3cf5-4f4b-b99b-1c81a934adfc,CUS-01372,3815.05,pos,Sokoto,Sokoto-Central,713ea3cc11d3ba66,2025-03-31 13:53:21,13,0,False
fad75383-d1cd-4fcb-93da-ac271d7cbc6d,CUS-01833,204.5,pos,Osun,Osun-Central,a73b31364fdacb79,2025-03-31 13:54:45,13,0,False
36f9948a-2b51-4108-a165-d00951b60798,CUS-00781,1663.23,mobile_money,Oyo,Ogbomoso,4abb7fe5659561a5,2025-03-31 13:56:21,13,0,False
0461531e-a434-4fd6-9fc4-954c98619f14,CUS-01782,615.44,pos,Abuja FCT,Gwagwalada,5a12a23810b5b458,2025-03-31 14:00:00,14,0,True
d8d7d7e0-de98-49f3-bd4b-00319eb7e7e6,CUS-00835,432.2,pos,Rivers,Obio-Akpor,95de52b480063a6d,2025-03-31 14:01:00,14,0,True
661b49ab-913d-464a-a7ae-f5bf9f5d9bf5,CUS-01948,541886.75,bank_transfer,Kano,Fagge,1441d70925770ee5,2025-03-31 14:05:57,14,0,False
84964aaf-b8d7-41ed-bf68-9f27e0ddaab2,CUS-00193,3686.77,bank_transfer,Enugu,Enugu North,d152fd56ffcd3512,2025-03-31 14:06:23,14,0,False
c90eb070-5672-4bc2-ac2a-2888b920e6ea,CUS-01952,73660.35,mobile_money,Kaduna,Zaria,0f7239a8ceb8ebdc,2025-03-31 14:10:10,14,0,False
746d93d9-9338-4e94-8a7c-22247f0688b8,CUS-00835,287.41,pos,Rivers,Eleme,95de52b480063a6d,2025-03-31 14:12:00,14,0,True
f7fe9b6a-5f5b-44fe-b129-5c483a3158fc,CUS-00905,881701.33,pos,Niger,Niger-Central,51a748861752a0c9,2025-03-31 14:12:39,14,0,False
9dd09e89-430d-48ae-aef7-19799b6543c2,CUS-00835,398.3,mobile_money,Rivers,Eleme,95de52b480063a6d,2025-03-31 14:14:00,14,0,True
fab7197d-e181-4a5b-9e0f-9257f70c7e42,CUS-00112,885006.25,pos,Yobe,Yobe-Central,9b1f8128591d3700,2025-03-31 14:15:39,14,0,False
bba3d2b6-6b4d-4622-8dd1-658265150781,CUS-01782,4084.73,bank_transfer,Bayelsa,Bayelsa-Central,5a12a23810b5b458,2025-03-31 14:22:00,14,0,True
c452a3cd-d0e3-474d-afd7-6a4860e0c08d,CUS-00647,306.11,bank_transfer,Anambra,Onitsha North,0bdd31c20a61a0b5,2025-03-31 14:25:10,14,0,False
7ead2bee-466b-4b14-8a9f-78d24b55c4c9,CUS-01940,31992.52,mobile_money,Lagos,Ikorodu,07e3e3257383f7f3,2025-03-31 14:25:29,14,0,False
76a20b39-cf5c-4f74-a917-f3438e7bf8f4,CUS-00262,419.69,ussd,Lagos,Mushin,e1ffe6d3e7061f2e,2025-03-31 14:29:10,14,0,False
ddc3a60c-2be0-4935-9c79-fa3d4d002048,CUS-00835,293.87,ussd,Rivers,Oyigbo,95de52b480063a6d,2025-03-31 14:37:00,14,0,True
366ed48b-9597-408c-b0e7-cd7185d5a135,CUS-00835,251.06,ussd,Rivers,Port-Harcourt,95de52b480063a6d,2025-03-31 14:40:00,14,0,True
39e0c260-c777-441b-906e-c809b662d4f5,CUS-00835,490.65,mobile_money,Rivers,Port-Harcourt,95de52b480063a6d,2025-03-31 14:43:00,14,0,True
7780ab9a-306b-42d1-8a6a-d7ffad5c050d,CUS-01318,2672.49,mobile_money,Lagos,Mushin,0d53a7e44c1ebaa4,2025-03-31 14:44:34,14,0,False
4066ab76-890e-481f-8d98-9431432b2f92,CUS-00119,4547.42,ussd,Oyo,Oyo East,efdccd91aaddc5d4,2025-03-31 14:51:24,14,0,False
608c13da-f606-49dd-8c1b-fc4d3da4b88c,CUS-01211,50.36,mobile_money,Abuja FCT,Bwari,17a52123552cece8,2025-03-31 14:52:20,14,0,False
5d0d1acc-d2e1-416d-acfc-13a9083bbfcb,CUS-01645,48791.74,pos,Kwara,Kwara-Central,28718c1a00f4bf11,2025-03-31 14:54:10,14,0,False
447bb676-a523-4db7-8471-a8b30e0bf7be,CUS-01342,69708.08,card,Zamfara,Zamfara-Central,31b1f39dd3d30b05,2025-03-31 15:00:07,15,0,False
669e0bb8-5c07-4a3b-96b8-af8134932d4e,CUS-00830,2191.72,pos,Lagos,Surulere,641b7c08ec6c7f29,2025-03-31 15:07:15,15,0,False
12743410-87dd-4216-bdb9-49b749f07d79,CUS-00644,58.42,pos,Lagos,Agege,02a0acac00402ca5,2025-03-31 15:16:50,15,0,False
724a2373-a493-45ee-bbce-f1a3c9fd0da1,CUS-01275,92548.45,mobile_money,Lagos,Alimosho,9b96ba82f57290ea,2025-03-31 15:17:37,15,0,False
37773076-f0ab-4cb4-bd04-7b7b3be9887c,CUS-01603,4782.29,pos,Kano,Gwale,73ddb92252538ec9,2025-03-31 15:17:41,15,0,False
688c0d8e-fda9-4d0b-91fd-5d5ab3a88235,CUS-00568,354400.62,mobile_money,Kogi,Kogi-Central,dcc0efb50bd6ca59,2025-03-31 15:22:31,15,0,False
ab91cc7e-2b57-426a-9003-29629d3de91c,CUS-00819,346.21,pos,Kano,Fagge,2dbc5cf713264b24,2025-03-31 15:51:34,15,0,False
9510ef11-8cff-43a3-bdcc-078641f106ae,CUS-00071,101.41,bank_transfer,Lagos,Eti-Osa,1091ab6738ae125a,2025-03-31 15:54:09,15,0,False
d6bfd121-6799-4533-b7e8-c42f08944f6a,CUS-01047,1399.43,pos,Lagos,Surulere,645338b224542c36,2025-03-31 16:12:47,16,0,False
8460f313-5285-43f3-895d-058055a5e79c,CUS-01782,1916.57,pos,Abuja FCT,Bwari,5a12a23810b5b458,2025-03-31 16:20:57,16,0,False
29bebbc7-51af-4936-b3d2-329d6ec3ad02,CUS-01856,334727.58,pos,Kwara,Kwara-Central,d00c3f8019c53d84,2025-03-31 16:24:09,16,0,False
f7901172-6138-4e53-9ac7-4c6e62cf6602,CUS-00535,496.87,mobile_money,Jigawa,Jigawa-Central,99b1889353b4384a,2025-03-31 16:29:04,16,0,False
7a3150e9-ec08-495a-8014-6d4165030791,CUS-00370,3182.29,mobile_money,Lagos,Lagos Mainland,90ecea92534cd57f,2025-03-31 16:32:01,16,0,False
3dc5f480-a42a-4dc8-8d8b-2b10a34db5e1,CUS-01633,319.15,bank_transfer,Imo,Imo-Central,87d8962f9b1d3d70,2025-03-31 16:40:18,16,0,False
1a88cb69-21f4-495b-8652-03f5faac0485,CUS-00440,2990.43,bank_transfer,Lagos,Lagos Mainland,60263e38a39465a0,2025-03-31 16:54:04,16,0,False
5cfd69cd-8678-452b-9740-8655c5e9dd62,CUS-00047,86507.63,mobile_money,Abuja FCT,Kuje,9cd27d694fedb69a,2025-03-31 16:58:46,16,0,False
a8dd0414-4b1f-4bf6-94dc-539deb123e4c,CUS-01441,297.17,bank_transfer,Lagos,Agege,d64b70861a0a4512,2025-03-31 17:07:48,17,0,False
a34c646f-93c6-4d7c-91bf-7472c1d84176,CUS-00628,330221.15,bank_transfer,Lagos,Lagos Mainland,ba556bfeb1b5b580,2025-03-31 17:13:35,17,0,False
01e97317-3030-4def-827d-2018451c3468,CUS-01698,2022.33,ussd,Akwa Ibom,Akwa Ibom-Central,5f5c035e8c2b2a0e,2025-03-31 17:22:00,17,0,False
d8e9a8c8-bfeb-4472-aad3-0831cbbcbfe1,CUS-00395,47444.45,pos,Yobe,Yobe-Central,4258914cbb051c44,2025-03-31 17:33:44,17,0,False
317a8e7d-5f57-4612-b488-266b54dc3787,CUS-00868,3494.79,pos,Sokoto,Sokoto-Central,6367985943441b19,2025-03-31 17:36:13,17,0,False
e7073fd0-e2bd-479a-b322-277459a41cc8,CUS-00854,846018.2,bank_transfer,Lagos,Kosofe,8339578503fb8b90,2025-03-31 17:40:00,17,0,True
a7d6bb61-7445-49f5-a40d-f26002c727f1,CUS-01094,381.32,pos,Lagos,Kosofe,85d7d4bf2b272403,2025-03-31 17:46:29,17,0,False
69f20881-67de-4c67-b85b-940ed2457f37,CUS-01466,393.83,pos,Ebonyi,Ebonyi-Central,5c45576706ada9e2,2025-03-31 17:47:37,17,0,False
5bcf2468-093f-4343-abf6-20e9d1724adc,CUS-00322,3602.14,bank_transfer,Delta,Oshimili South,9a1455138cfe48bf,2025-03-31 18:06:02,18,0,False
61f71867-7c88-4a14-a664-21022ea0c0a6,CUS-00874,30936.06,mobile_money,Lagos,Eti-Osa,cd035f7d44ab3770,2025-03-31 18:11:32,18,0,False
7de39411-61cf-4027-9abc-52af9ea6e30f,CUS-00794,32970.92,bank_transfer,Lagos,Oshodi-Isolo,61ad41bfc30e5cd7,2025-03-31 18:18:17,18,0,False
bc575cd9-5f4b-4f33-9a68-a47e3c23af69,CUS-00854,4864.94,pos,Lagos,Surulere,8339578503fb8b90,2025-03-31 18:19:25,18,0,False
2b1392e8-a6ea-4d21-b414-3e044521698a,CUS-01477,4073.19,bank_transfer,Kwara,Kwara-Central,0c69db5eca4b3cc2,2025-03-31 18:30:17,18,0,False
e316ded4-a204-41c3-86aa-473c80b3dfd1,CUS-01008,2206.22,mobile_money,Lagos,Ikeja,51cb3537699b145a,2025-03-31 18:35:39,18,0,False
d06f9863-4c4c-4abb-ac57-599d29f33a7f,CUS-01205,3607.12,mobile_money,Abia,Abia-Central,3b417cdc62736e04,2025-03-31 18:54:45,18,0,False
65295acb-3cc0-43b5-9d83-91c1af2b7c66,CUS-01410,138.9,bank_transfer,Lagos,Alimosho,cb7e9f278717c254,2025-03-31 19:12:39,19,0,False
5b58560b-603b-4b90-a698-d4d48dcad5c1,CUS-01989,511.18,ussd,Ondo,Ondo-Central,3f47a6596e82e14b,2025-03-31 19:19:35,19,0,False
3dd256ae-3474-406b-b1bf-500acfdcde25,CUS-00352,21926.02,bank_transfer,Delta,Warri South,706a4390dda24c86,2025-03-31 19:25:17,19,0,False
0168a39e-cb29-402e-8890-1efef6f8eff0,CUS-01359,1256.09,pos,Kaduna,Zaria,59e88484b87c9974,2025-03-31 19:26:23,19,0,False
90c788ea-bce2-4646-9a63-094d268eedbb,CUS-01121,1754.83,pos,Cross River,Cross River-Central,b60436e580150064,2025-03-31 19:27:19,19,0,False
3ed5d2b8-a446-44ed-a06c-e4fd7c21af90,CUS-00933,1341.82,bank_transfer,Oyo,Ogbomoso,e024c9658ed25f99,2025-03-31 19:44:42,19,0,False
69185691-83ea-46c4-b816-59dbf8ccb483,CUS-01784,129.21,mobile_money,Delta,Uvwie,418192c8ffc6e281,2025-03-31 19:54:02,19,0,False
bc9341f0-f880-4050-baf8-d5e6f1374994,CUS-00444,101388.8,bank_transfer,Benue,Benue-Central,591aeb78db1a362f,2025-03-31 19:54:44,19,0,False
84d56dd5-d485-44b8-835b-4940746544c3,CUS-01041,83049.22,card,Imo,Imo-Central,e8b1e78dda5fdc05,2025-03-31 19:56:17,19,0,False
75b1305c-6eba-4dec-98a7-b80ba6265b76,CUS-00350,1362.61,bank_transfer,Abuja FCT,Municipal,b27e4fcd31057a4f,2025-03-31 20:06:37,20,0,False
2af99224-edd8-4958-b84d-943bfd9eea08,CUS-01136,849.85,mobile_money,Borno,Borno-Central,fb2927a454f16984,2025-03-31 20:09:26,20,0,False
07d7c7cc-6f82-45c2-bdad-a9535e957544,CUS-01197,15214.5,bank_transfer,Akwa Ibom,Akwa Ibom-Central,5efac0a27f8fb3df,2025-03-31 20:12:20,20,0,False
7f0eb1c5-2f75-4a7d-8c18-a5c1485e422b,CUS-00204,387.68,pos,Kaduna,Zaria,dacf1ca0cd2282a4,2025-03-31 20:15:49,20,0,False
30acceea-8d93-4fb1-8c94-9f3f118474bf,CUS-00172,19995.94,pos,Abuja FCT,Bwari,eb1fc4a3af643718,2025-03-31 20:19:07,20,0,False
3175eb3d-6927-4abe-9440-11de3ba7f56b,CUS-01582,2139.86,pos,Kaduna,Kaduna North,9974cfb9c458a97a,2025-03-31 20:21:40,20,0,False
3e435c26-d2b3-4a42-a85e-68ffa69d3ed1,CUS-00702,4652.36,ussd,Kano,Dala,877c724724ceedbd,2025-03-31 20:25:39,20,0,False
9fe8b5ab-ad1f-4d81-b2f3-dabdacd79392,CUS-00075,3940.98,ussd,Ondo,Ondo-Central,a51136303b3a0a60,2025-03-31 20:30:18,20,0,False
5a5ff78b-ae9c-444f-a8d7-ff477f5fe4c6,CUS-00387,104.51,bank_transfer,Lagos,Mushin,3af5f47915d1455e,2025-03-31 20:36:54,20,0,False
57021981-cd42-4401-b4a3-3416743ec4b9,CUS-00909,3420.22,pos,Rivers,Oyigbo,256c588e94dcbb7b,2025-03-31 20:47:51,20,0,False
d3e6f0c9-4710-41ce-9a49-ec1ef16b9563,CUS-01551,123.83,pos,Kaduna,Zaria,edf0c9922b691d14,2025-03-31 20:55:22,20,0,False
9d0c6913-095f-4a97-b544-bc11b9c263e3,CUS-01439,3806.8,ussd,Anambra,Nnewi North,ee6a1de6a1ba11f5,2025-03-31 20:55:32,20,0,False
15e03679-57c4-403e-9f81-c1fc814e6317,CUS-00135,4113.18,mobile_money,Kano,Kumbotso,a4f9096364b81dc6,2025-03-31 21:03:30,21,0,False
31ca9bd4-673b-4ff8-88af-1ee919006f79,CUS-01460,27454.62,mobile_money,Rivers,Obio-Akpor,b1d49046bd80c6c6,2025-03-31 21:29:39,21,0,False
3dbb52a6-e262-4548-aa6e-dc2d6c5bfd2e,CUS-01850,4966.84,pos,Kano,Gwale,6682a0ec008759ac,2025-03-31 21:31:11,21,0,False
5e054d1d-3fd5-40a6-8350-3d21b8ca08f0,CUS-01527,3919.45,mobile_money,Kano,Kumbotso,1525da85020e4792,2025-03-31 21:37:05,21,0,False
d8ff60d5-ca0d-4ba3-93a7-21367afe0203,CUS-00332,279.49,bank_transfer,Lagos,Surulere,3fe7ddf458a60195,2025-03-31 21:51:05,21,0,False
f7d8e623-5976-4836-9a94-fd7aba40e867,CUS-01337,2054.39,mobile_money,Anambra,Awka South,ea9f50ef925bfd0a,2025-03-31 21:55:10,21,0,False
f67c1c16-0f27-4b42-8ce0-c8d4b7bbac8d,CUS-00295,755284.12,bank_transfer,Abuja FCT,Municipal,3a78603332533436,2025-03-31 22:43:00,22,0,True
cdb47cbf-a0b9-4d66-acbd-4a44c67aa8a6,CUS-00936,2100.08,mobile_money,Lagos,Agege,7827022f0df66e1b,2025-03-31 22:45:11,22,0,False
46d70ae1-8c13-4219-9399-c740656cb480,CUS-00986,494816.23,pos,Anambra,Onitsha North,b35f0ea93c48677d,2025-03-31 23:28:08,23,0,False
ee4b239c-50a1-45de-9c18-5b2a7975ceab,CUS-00992,54716.12,mobile_money,Kano,Kumbotso,9efb5fcc24e336a3,2025-03-31 23:34:28,23,0,False
